episode, step, reward, done, health, vx, vy, vz, px, py, pz
274, 195160, 0.0, False, 99.96, 0.0, -0.1899216, 0.0, 20.0, 0.50620157, 5.0
274, 195161, -0.0011999999405816197, False, 99.84, 0.0, -0.06980896, 1.5125134, 20.0, 0.49034908, 5.047178
274, 195162, -0.0011999999405816197, False, 99.71999, 0.054273702, -0.0005579144, -1.3444685, 19.997723, 0.4900028, 5.017154
274, 195163, -0.0011999999405816197, False, 99.59999, -0.040318877, -4.7683716e-06, 1.4756892, 20.00578, 0.49000004, 5.054345
274, 195164, -0.0011999999405816197, False, 99.47999, -0.33572346, 0.0, 3.802371, 20.044353, 0.49000004, 5.233482
274, 195165, -0.0011999999405816197, False, 99.359985, -0.80618274, 0.0, 5.875374, 20.12674, 0.49000004, 5.5369983
274, 195166, -0.0011999999405816197, False, 99.23998, -0.9790834, 0.0, 2.1084068, 20.168283, 0.49000004, 5.741522
274, 195167, -0.0011999999405816197, False, 99.11998, -1.169258, 0.0, 4.3009443, 20.235443, 0.49000004, 5.955939
274, 195168, -0.0011999999405816197, False, 98.99998, -1.5644772, 0.0, 6.255295, 20.387707, 0.49000004, 6.2685227
274, 195169, -0.0011999999405816197, False, 98.879974, -2.10476, 0.0, 7.981163, 20.628857, 0.49000004, 6.6600204
274, 195170, -0.0011999999405816197, False, 98.75997, -2.7490466, 0.0, 9.488829, 20.961628, 0.49000004, 7.1115365
274, 195171, -0.0011999999405816197, False, 98.63997, -3.4645462, 0.0, 10.790634, 21.387346, 0.49000004, 7.6047115
274, 195172, -0.0011999999405816197, False, 98.519966, -4.2240868, 0.0, 11.900515, 21.90585, 0.49000004, 8.121858
274, 195173, -0.0011999999405816197, False, 98.39996, -5.0050344, 0.0, 12.833473, 22.515486, 0.49000004, 8.646072
274, 195174, -0.0011999999405816197, False, 98.27996, -5.788684, 0.0, 13.605066, 23.213146, 0.49000004, 9.161346
274, 195175, -0.0011999999405816197, False, 98.15996, -6.559793, 0.0, 14.231033, 23.994343, 0.49000004, 9.652662
274, 195176, -0.0011999999405816197, False, 98.039955, -7.3061957, 0.0, 14.726941, 24.853277, 0.49000004, 10.106094
274, 195177, -0.0011999999405816197, False, 97.91995, -4.8998947, 0.0, 16.466331, 25.782955, 0.49000004, 10.514216
274, 195178, -0.0011999999405816197, False, 97.79995, -6.0582566, 0.0, 16.88379, 26.775963, 0.49000004, 10.889491
274, 195179, -0.0011999999405816197, False, 97.67995, -7.1271, 0.0, 17.156921, 27.826433, 0.49000004, 11.223396
274, 195180, -0.0011999999405816197, False, 97.559944, -8.103439, 0.0, 17.308353, 28.927753, 0.49000004, 11.503243
274, 195181, -0.0011999999405816197, False, 97.43994, -8.986425, 0.0, 17.358673, 30.072138, 0.49000004, 11.717828
274, 195182, -0.0011999999405816197, False, 97.31994, -9.777004, 0.0, 17.326458, 31.250772, 0.49000004, 11.85747
274, 195183, -0.0011999999405816197, False, 97.199936, -7.4532375, 0.0, 10.474074, 32.14593, 0.49000004, 11.942638
274, 195184, -0.0011999999405816197, False, 97.07993, -7.7129927, 0.0, 11.280383, 32.94937, 0.49000004, 11.951647
274, 195185, -0.0011999999405816197, False, 96.95993, -8.027011, 0.0, 11.980691, 33.794636, 0.49000004, 11.861964
274, 195186, -0.0011999999405816197, False, 96.83993, -8.377957, 0.0, 12.581698, 34.666996, 0.49000004, 11.671261
274, 195187, -0.0011999999405816197, False, 96.719925, -8.751397, 0.0, 13.090643, 35.551933, 0.49000004, 11.378504
274, 195188, -0.0011999999405816197, False, 96.59992, -9.13541, 0.0, 13.515135, 36.435215, 0.49000004, 10.983992
274, 195189, -0.0011999999405816197, False, 96.47992, -6.7487836, 0.0, 8.026852, 37.0962, 0.49000004, 10.662407
274, 195190, -0.0011999999405816197, False, 96.35992, -6.8317394, 0.0, 9.1505785, 37.6589, 0.49000004, 10.30642
274, 195191, -0.0011999999405816197, False, 96.239914, -7.0240526, 0.0, 10.147606, 38.205647, 0.49000004, 9.835371
274, 195192, -0.0011999999405816197, False, 96.11991, -7.298737, 0.0, 11.02377, 38.72266, 0.49000004, 9.2574
274, 195193, -0.0011999999405816197, False, 95.99991, -5.2135854, 0.0, 13.136658, 39.20238, 0.49000004, 8.581808
274, 195194, -0.0011999999405816197, False, 95.879906, 0.76950896, -0.0843504, 7.3218985, 39.501694, 0.48811826, 7.918706
274, 195195, -0.0011999999405816197, False, 95.7599, -6.1233906e-05, -2.3245811e-06, 8.259474, 39.500015, 0.4894618, 7.446275
274, 195196, -0.0011999999405816197, False, 95.6399, -6.6820605e-05, 0.0, 9.97064, 39.5, 0.4899952, 6.8818803
274, 195197, -0.0011999999405816197, False, 95.5199, 1.1537825, -1.937151e-07, 10.978265, 39.5, 0.48931652, 6.2312994
274, 195198, -0.0011999999405816197, False, 95.399895, 1.2070634, 0.0, 11.485233, 39.5, 0.48900062, 5.547892
274, 195199, -0.0011999999405816197, False, 95.27989, 1.2553594, -1.4901161e-08, 11.944771, 39.5, 0.488963, 4.8362427
274, 195200, -0.0011999999405816197, False, 95.15989, -9.329467e-05, -3.2782555e-06, 12.585226, 39.5, 0.48951983, 4.091591
274, 195201, -0.0011999999405816197, False, 95.03989, -8.250851e-05, -1.4901161e-08, 13.896319, 39.5, 0.48999614, 3.283751
274, 195202, -0.0011999999405816197, False, 94.91988, -1.4779568, -1.4901161e-08, 15.010347, 39.497345, 0.48999995, 2.4019604
274, 195203, -0.0011999999405816197, False, 94.79988, -1.3119675, -1.4901161e-08, 16.097242, 39.480095, 0.49, 1.4539998
274, 195204, -0.0011999999405816197, False, 94.67988, -0.843167, -1.4901161e-08, 10.345275, 39.463066, 0.49, 0.7265799
274, 195205, -0.0011999999405816197, False, 94.559875, -0.006369643, -7.4505806e-08, 0.06937539, 39.45634, 0.48999998, 0.5003509
274, 195206, -0.0011999999405816197, False, 94.43987, 0.0, 0.0, 0.0, 39.45634, 0.48999998, 0.5000721
274, 195207, -0.0011999999405816197, False, 94.31987, -3.389153e-05, 1.4901161e-08, 0.000104304505, 39.456295, 0.48999998, 0.5000031
274, 195208, -0.0011999999405816197, False, 94.19987, 2.9818246e-09, -1.4901161e-08, 6.657329e-08, 39.45621, 0.48999998, 0.5000025
274, 195209, -0.0011999999405816197, False, 94.079865, 6.304276e-38, 0.0, -1.9402024e-37, 39.45621, 0.48999998, 0.5000025
274, 195210, -0.0011999999405816197, False, 93.95986, 0.0, 0.0, 0.0, 39.45621, 0.48999998, 0.5000025
274, 195211, -0.0011999999405816197, False, 93.83986, 0.0, 0.0, 0.0, 39.45621, 0.48999998, 0.5000025
274, 195212, -0.0011999999405816197, False, 93.71986, 0.0, 0.0, 0.0, 39.45621, 0.48999998, 0.5000025
274, 195213, -0.0011999999405816197, False, 93.59985, 0.0, 0.0, 0.0, 39.45621, 0.48999998, 0.5000025
274, 195214, -0.0011999999405816197, False, 93.47985, 0.0, 0.0, 0.0, 39.45622, 0.48999998, 0.5000025
274, 195215, -0.0011999999405816197, False, 93.35985, 0.0, 0.0, 0.0, 39.45622, 0.48999998, 0.5000025
274, 195216, -0.0011999999405816197, False, 93.239845, 0.0, 0.0, 0.0, 39.45622, 0.48999998, 0.5000025
274, 195217, -0.0011999999405816197, False, 93.11984, 0.0, 0.0, 0.0, 39.45622, 0.48999998, 0.5000025
274, 195218, -0.0011999999405816197, False, 92.99984, 0.0, 0.0, 0.0, 39.45622, 0.48999998, 0.5000025
274, 195219, -0.0011999999405816197, False, 92.87984, 0.0, 0.0, 0.0, 39.45622, 0.48999998, 0.5000025
274, 195220, -0.0011999999405816197, False, 92.759834, 0.0, 1.4901161e-08, 0.0, 39.456173, 0.48999998, 0.5000025
274, 195221, -0.0011999999405816197, False, 92.63983, 2.7225681e-08, -1.4901161e-08, 1.2121928e-08, 39.45609, 0.48999998, 0.5000025
274, 195222, -0.0011999999405816197, False, 92.51983, 5.812111e-38, -1.4901161e-08, -1.7887342e-37, 39.45609, 0.48999998, 0.5000025
274, 195223, -0.0011999999405816197, False, 92.399826, 0.0, -1.4901161e-08, 0.0, 39.45609, 0.48999998, 0.5000025
274, 195224, -0.0011999999405816197, False, 92.27982, 0.0, -1.4901161e-08, 0.0, 39.45609, 0.48999998, 0.5000025
274, 195225, -0.0011999999405816197, False, 92.15982, 0.0, -1.4901161e-08, 0.0, 39.45609, 0.48999998, 0.5000025
274, 195226, -0.0011999999405816197, False, 92.03982, 0.0, -1.4901161e-08, 0.0, 39.45609, 0.48999998, 0.5000025
274, 195227, -0.0011999999405816197, False, 91.919815, -0.16571927, -1.4901161e-08, -2.474433, 39.443115, 0.48999998, 0.5994399
274, 195228, -0.0011999999405816197, False, 91.79981, -0.2288281, -1.4901161e-08, -1.3204391, 39.42875, 0.48999998, 0.6995295
274, 195229, -0.0011999999405816197, False, 91.67981, -0.18052533, -1.4901161e-08, 1.4645356, 39.445847, 0.48999998, 0.66508317
274, 195230, -0.0011999999405816197, False, 91.55981, -0.44745025, -1.4901161e-08, 3.7808151, 39.490448, 0.48999998, 0.4878481
274, 195231, -0.0011999999405816197, False, 91.439804, 0.0, 0.0, 0.0, 39.49129, 0.4899309, 0.4999053
274, 195232, -0.0011999999405816197, False, 91.3198, -1.3599549e-12, 0.0, 1.2938137e-11, 39.49129, 0.48999467, 0.5000017
274, 195233, -0.0011999999405816197, False, 91.1998, -9.790444e-07, -1.4901161e-08, 4.605862e-06, 39.491283, 0.48999682, 0.50000244
274, 195234, -0.0011999999405816197, False, 91.079796, -3.3591206e-28, 0.0, 1.5802802e-27, 39.491283, 0.48999998, 0.50000256
274, 195235, -0.0011999999405816197, False, 90.95979, 0.0, 0.0, 0.0, 39.491283, 0.48999998, 0.50000256
274, 195236, -0.0011999999405816197, False, 90.83979, 0.0, 0.0, 0.0, 39.491283, 0.48999998, 0.50000256
274, 195237, -0.0011999999405816197, False, 90.71979, 0.0, 0.0, 0.0, 39.491283, 0.48999998, 0.50000256
274, 195238, -0.0011999999405816197, False, 90.599785, 0.0, 0.0, 0.0, 39.491283, 0.48999998, 0.50000256
274, 195239, -0.0011999999405816197, False, 90.47978, 0.0, 0.0, 0.0, 39.491283, 0.48999998, 0.50000256
274, 195240, -0.0011999999405816197, False, 90.35978, 9.622167e-07, 1.4901161e-08, 4.670374e-06, 39.49134, 0.48999998, 0.50000244
274, 195241, -0.0011999999405816197, False, 90.23978, 0.0, 0.0, 0.0, 39.49134, 0.48999998, 0.50000256
274, 195242, -0.0011999999405816197, False, 90.119774, -3.556266e-11, 0.0, 4.7683716e-06, 39.49134, 0.48999998, 0.50000244
274, 195243, -0.0011999999405816197, False, 89.99977, 0.0, 0.0, 0.0, 39.49134, 0.48999998, 0.50000256
274, 195244, -0.0011999999405816197, False, 89.87977, -9.790444e-07, -1.4901161e-08, 4.605862e-06, 39.491333, 0.48999998, 0.50000244
274, 195245, -0.0011999999405816197, False, 89.759766, -4.992561e-28, 0.0, 1.5365107e-27, 39.491333, 0.48999998, 0.50000256
274, 195246, -0.0011999999405816197, False, 89.63976, -1.6944778e-06, 1.4901161e-08, 4.465206e-06, 39.49125, 0.48999998, 0.50000244
274, 195247, -0.0011999999405816197, False, 89.51976, 0.0, 0.0, 0.0, 39.49125, 0.48999998, 0.50000256
274, 195248, -0.0011999999405816197, False, 89.39976, 0.0, 0.0, 0.0, 39.49125, 0.48999998, 0.50000256
274, 195249, -0.0011999999405816197, False, 89.279755, 0.0, 0.0, 0.0, 39.49125, 0.48999998, 0.50000256
274, 195250, -0.0011999999405816197, False, 89.15975, 0.0, 0.0, 0.0, 39.49125, 0.48999998, 0.50000256
274, 195251, -0.0011999999405816197, False, 89.03975, 0.0, 0.0, 0.0, 39.49125, 0.48999998, 0.50000256
274, 195252, -0.0011999999405816197, False, 88.91975, 0.0, 0.0, 0.0, 39.49125, 0.48999998, 0.50000256
274, 195253, -0.0011999999405816197, False, 88.79974, 0.0, 0.0, 0.0, 39.49125, 0.48999998, 0.50000256
274, 195254, -0.0011999999405816197, False, 88.67974, 0.16571936, 0.0, -2.4744322, 39.462658, 0.48999998, 0.5961205
274, 195255, -0.0011999999405816197, False, 88.55974, 0.2288283, 0.0, -1.3204398, 39.435074, 0.48999998, 0.69340056
274, 195256, -0.0011999999405816197, False, 88.439735, 0.0484376, 0.0, 1.4915086, 39.428787, 0.48999998, 0.6543894
274, 195257, -0.0011999999405816197, False, 88.31973, -0.2658, 0.0, 3.8242443, 39.4237, 0.48999998, 0.47025472
274, 195258, -0.0011999999405816197, False, 88.19973, 4.3375373e-10, 0.0, -2.0405697e-09, 39.4237, 0.48999998, 0.49976456
274, 195259, -0.0011999999405816197, False, 88.07973, 0.0, 0.0, 0.0, 39.42364, 0.48999998, 0.50000066
274, 195260, -0.0011999999405816197, False, 87.959724, -2.7225681e-08, 0.0, -1.2121932e-08, 39.423557, 0.48999998, 0.5000025
274, 195261, -0.0011999999405816197, False, 87.83972, -3.283838e-38, 0.0, -1.4620924e-38, 39.423557, 0.48999998, 0.5000025
274, 195262, -0.0011999999405816197, False, 87.71972, 0.0, 0.0, 0.0, 39.423557, 0.48999998, 0.5000025
274, 195263, -0.0011999999405816197, False, 87.59972, 0.0, 0.0, 0.0, 39.423557, 0.48999998, 0.5000025
274, 195264, -0.0011999999405816197, False, 87.47971, 0.0, 0.0, 0.0, 39.423557, 0.48999998, 0.5000025
274, 195265, -0.0011999999405816197, False, 87.35971, 0.0, 0.0, 0.0, 39.423557, 0.48999998, 0.5000025
274, 195266, -0.0011999999405816197, False, 87.23971, -0.16571933, 0.0, -2.474433, 39.421047, 0.48999998, 0.6002514
274, 195267, -0.0011999999405816197, False, 87.119705, -0.22882816, 0.0, -1.3204393, 39.41722, 0.48999998, 0.70129436
274, 195268, -0.0011999999405816197, False, 86.9997, -0.15997909, 0.0, -0.56416804, 39.415375, 0.48999998, 0.750137
274, 195269, -0.0011999999405816197, False, 86.8797, -0.20749626, 0.0, 1.9621825, 39.440254, 0.48999998, 0.6857415
274, 195270, -0.0011999999405816197, False, 86.7597, -0.5186076, 0.0, 4.2272, 39.492165, 0.48999998, 0.48144662
274, 195271, -0.0011999999405816197, False, 86.639694, -3.5839777e-15, 0.0, 4.6566256e-10, 39.49317, 0.48985678, 0.49985406
274, 195272, -0.0011999999405816197, False, 86.51969, -3.0262557e-12, 0.0, 2.879072e-11, 39.49317, 0.489992, 0.5000013
274, 195273, -0.0011999999405816197, False, 86.39969, 0.0, 0.0, 0.0, 39.493164, 0.48999527, 0.50000256
274, 195274, -0.0011999999405816197, False, 86.279686, 0.0, 0.0, 0.0, 39.493164, 0.48999995, 0.50000256
274, 195275, -0.0011999999405816197, False, 86.15968, 0.0, 0.0, 0.0, 39.493164, 0.49, 0.50000256
274, 195276, -0.0011999999405816197, False, 86.03968, 0.0, 0.0, 0.0, 39.493164, 0.49, 0.50000256
274, 195277, -0.0011999999405816197, False, 85.91968, 0.0, 0.0, 0.0, 39.493164, 0.49, 0.50000256
274, 195278, -0.0011999999405816197, False, 85.799675, 0.0, 0.0, 0.0, 39.493164, 0.49, 0.50000256
274, 195279, -0.0011999999405816197, False, 85.67967, 4.9216595e-07, 0.0, 4.6829764e-06, 39.493183, 0.48999998, 0.50000244
274, 195280, -0.0011999999405816197, False, 85.55967, 0.16571923, 0.0, -2.4744282, 39.4852, 0.48999998, 0.5999642
274, 195281, -0.0011999999405816197, False, 85.43967, 0.2288278, 0.0, -1.3204366, 39.478443, 0.48999998, 0.7008534
274, 195282, -0.0011999999405816197, False, 85.319664, 0.04843688, 0.0, 1.4915111, 39.464184, 0.48999998, 0.66400176
274, 195283, -0.0011999999405816197, False, 85.19966, -0.2658009, 0.0, 3.8242466, 39.42092, 0.48999998, 0.48494872
274, 195284, -0.0011999999405816197, False, 85.07966, 0.0, 0.0, 0.0, 39.420574, 0.48999998, 0.49988207
274, 195285, -0.0011999999405816197, False, 84.959656, -5.041933e-12, 0.0, 1.5517027e-11, 39.420574, 0.48999998, 0.5000016
274, 195286, -0.0011999999405816197, False, 84.83965, -1.6669417e-14, 0.0, 7.8419496e-14, 39.420574, 0.48999998, 0.50000256
274, 195287, -0.0011999999405816197, False, 84.71965, 0.0, 0.0, 0.0, 39.420574, 0.48999998, 0.50000256
274, 195288, -0.0011999999405816197, False, 84.59965, 0.0, 0.0, 0.0, 39.420574, 0.48999998, 0.50000256
274, 195289, -0.0011999999405816197, False, 84.479645, 0.0, 0.0, 0.0, 39.420574, 0.48999998, 0.50000256
274, 195290, -0.0011999999405816197, False, 84.35964, 9.913671e-07, 2.9802322e-08, 4.664179e-06, 39.42058, 0.48999998, 0.50000244
274, 195291, -0.0011999999405816197, False, 84.23964, -0.1657182, 0.0, -2.4744282, 39.39728, 0.48999998, 0.5975387
274, 195292, -0.0011999999405816197, False, 84.11964, -0.06985846, 0.0, 0.65701956, 39.396194, 0.48999998, 0.61507213
274, 195293, -0.0011999999405816197, False, 83.99963, -0.2804879, 0.0, 3.0616062, 39.425648, 0.48999998, 0.48106328
274, 195294, -0.0011999999405816197, False, 83.87963, 0.0, 0.0, 0.0, 39.42571, 0.48999998, 0.49985102
274, 195295, -0.0011999999405816197, False, 83.75963, -1.7885948e-13, 0.0, 1.7015997e-12, 39.42571, 0.48999998, 0.5000013
274, 195296, -0.0011999999405816197, False, 83.639626, 0.0, 0.0, 0.0, 39.4257, 0.48999998, 0.50000256
274, 195297, -0.0011999999405816197, False, 83.51962, -1.473546e-06, 1.4901161e-08, 4.534979e-06, 39.425655, 0.48999998, 0.50000244
274, 195298, -0.0011999999405816197, False, 83.39962, 0.0, 0.0, 0.0, 39.42557, 0.48999998, 0.50000256
274, 195299, -0.0011999999405816197, False, 83.27962, 0.0, 0.0, 0.0, 39.42557, 0.48999998, 0.50000256
274, 195300, -0.0011999999405816197, False, 83.159615, 0.0, 0.0, 0.0, 39.42557, 0.48999998, 0.50000256
274, 195301, -0.0011999999405816197, False, 83.03961, 0.0, 0.0, 0.0, 39.42557, 0.48999998, 0.50000256
274, 195302, -0.0011999999405816197, False, 82.91961, 0.0, 0.0, 0.0, 39.42557, 0.48999998, 0.50000256
274, 195303, -0.0011999999405816197, False, 82.79961, 0.0, 0.0, 0.0, 39.42557, 0.48999998, 0.50000256
274, 195304, -0.0011999999405816197, False, 82.6796, 0.0, 0.0, 0.0, 39.42557, 0.48999998, 0.50000256
274, 195305, -0.0011999999405816197, False, 82.5596, 0.0, 0.0, 0.0, 39.42557, 0.48999998, 0.50000256
274, 195306, -0.0011999999405816197, False, 82.4396, 0.0, 0.0, 0.0, 39.42557, 0.48999998, 0.50000256
274, 195307, -0.0011999999405816197, False, 82.319595, 4.983955e-07, 0.0, 4.7422545e-06, 39.42559, 0.48999998, 0.50000244
274, 195308, -0.0011999999405816197, False, 82.19959, 0.0, 0.0, 0.0, 39.42559, 0.48999998, 0.50000256
274, 195309, -0.0011999999405816197, False, 82.07959, 0.0, 0.0, 0.0, 39.42559, 0.48999998, 0.50000256
274, 195310, -0.0011999999405816197, False, 81.95959, 0.0, 0.0, 0.0, 39.42559, 0.48999998, 0.50000256
274, 195311, -0.0011999999405816197, False, 81.839584, 0.0, 0.0, 0.0, 39.42559, 0.48999998, 0.50000256
274, 195312, -0.0011999999405816197, False, 81.71958, 0.0, 0.0, 0.0, 39.42559, 0.48999998, 0.50000256
274, 195313, -0.0011999999405816197, False, 81.59958, 0.0, 0.0, 0.0, 39.42559, 0.48999998, 0.50000256
274, 195314, -0.0011999999405816197, False, 81.479576, 0.0, 0.0, 0.0, 39.42559, 0.48999998, 0.50000256
274, 195315, -0.0011999999405816197, False, 81.35957, -3.6486366e-11, 0.0, 4.7683716e-06, 39.42559, 0.48999998, 0.50000244
274, 195316, -0.0011999999405816197, False, 81.23957, 0.0, 0.0, 0.0, 39.42559, 0.48999998, 0.50000256
274, 195317, -0.0011999999405816197, False, 81.11957, 0.0, 0.0, 0.0, 39.42559, 0.48999998, 0.50000256
274, 195318, -0.0011999999405816197, False, 80.999565, -1.473546e-06, 1.4901161e-08, 4.534979e-06, 39.425545, 0.48999998, 0.50000244
274, 195319, -0.0011999999405816197, False, 80.87956, 0.0, 0.0, 0.0, 39.425545, 0.48999998, 0.50000256
274, 195320, -0.0011999999405816197, False, 80.75956, 0.0, 0.0, 0.0, 39.425545, 0.48999998, 0.50000256
274, 195321, -0.0011999999405816197, False, 80.63956, 0.0, 0.0, 0.0, 39.425545, 0.48999998, 0.50000256
274, 195322, -0.0011999999405816197, False, 80.519554, 0.0, 0.0, 0.0, 39.425545, 0.48999998, 0.50000256
274, 195323, -0.0011999999405816197, False, 80.39955, 0.0, 0.0, 0.0, 39.425545, 0.48999998, 0.50000256
274, 195324, -0.0011999999405816197, False, 80.27955, -0.16571933, 0.0, -2.474433, 39.41257, 0.48999998, 0.59944
274, 195325, -0.0011999999405816197, False, 80.159546, -0.2288281, 0.0, -1.3204391, 39.398205, 0.48999998, 0.6995296
274, 195326, -0.0011999999405816197, False, 80.03954, -0.1805253, 0.0, 1.4645357, 39.415302, 0.48999998, 0.6650832
274, 195327, -0.0011999999405816197, False, 79.91954, -0.44745016, 0.0, 3.7808154, 39.459904, 0.48999998, 0.48784816
274, 195328, -0.0011999999405816197, False, 79.79954, 0.0, 0.0, 0.0, 39.460014, 0.48999998, 0.4999053
274, 195329, -0.0011999999405816197, False, 79.679535, -1.3599571e-12, 0.0, 1.2938137e-11, 39.460014, 0.48999998, 0.5000017
274, 195330, -0.0011999999405816197, False, 79.55953, -9.914382e-07, 0.0, 4.6641635e-06, 39.460007, 0.48999998, 0.50000244
274, 195331, -0.0011999999405816197, False, 79.43953, 0.0, 0.0, 0.0, 39.460007, 0.48999998, 0.50000256
274, 195332, -0.0011999999405816197, False, 79.31953, -1.473546e-06, 1.4901161e-08, 4.534979e-06, 39.45996, 0.48999998, 0.50000244
274, 195333, -0.0011999999405816197, False, 79.199524, 0.0, 0.0, 0.0, 39.459877, 0.48999998, 0.50000256
274, 195334, -0.0011999999405816197, False, 79.07952, 0.0, 0.0, 0.0, 39.459877, 0.48999998, 0.50000256
274, 195335, -0.0011999999405816197, False, 78.95952, 0.0, 0.0, 0.0, 39.459877, 0.48999998, 0.50000256
274, 195336, -0.0011999999405816197, False, 78.839516, 0.0, 0.0, 0.0, 39.459877, 0.48999998, 0.50000256
274, 195337, -0.0011999999405816197, False, 78.71951, 0.0, 0.0, 0.0, 39.459877, 0.48999998, 0.50000256
274, 195338, -0.0011999999405816197, False, 78.59951, 0.0, 0.0, 0.0, 39.459877, 0.48999998, 0.50000256
274, 195339, -0.0011999999405816197, False, 78.47951, 0.0, 0.0, 0.0, 39.459877, 0.48999998, 0.50000256
274, 195340, -0.0011999999405816197, False, 78.359505, 0.0, 0.0, 0.0, 39.459877, 0.48999998, 0.50000256
274, 195341, -0.0011999999405816197, False, 78.2395, 0.0, 0.0, 0.0, 39.459877, 0.48999998, 0.50000256
274, 195342, -0.0011999999405816197, False, 78.1195, 0.16571921, 0.0, -2.474432, 39.431286, 0.48999998, 0.5961205
274, 195343, -0.0011999999405816197, False, 77.9995, 0.22882818, 0.0, -1.3204397, 39.4037, 0.48999998, 0.69340056
274, 195344, -0.0011999999405816197, False, 77.87949, 0.04843755, 0.0, 1.4915086, 39.397415, 0.48999998, 0.6543894
274, 195345, -0.0011999999405816197, False, 77.75949, -0.2658, 0.0, 3.8242445, 39.392326, 0.48999998, 0.47025472
274, 195346, -0.0011999999405816197, False, 77.63949, 4.3375395e-10, 0.0, -2.0405697e-09, 39.392326, 0.48999998, 0.49976456
274, 195347, -0.0011999999405816197, False, 77.519485, 0.0, 1.4901161e-08, 0.0, 39.39227, 0.48999998, 0.50000066
274, 195348, -0.0011999999405816197, False, 77.39948, 0.0, -1.4901161e-08, 0.0, 39.392185, 0.48999998, 0.5000025
274, 195349, -0.0011999999405816197, False, 77.27948, 0.0, -1.4901161e-08, 0.0, 39.392185, 0.48999998, 0.5000025
274, 195350, -0.0011999999405816197, False, 77.15948, 0.0, -1.4901161e-08, 0.0, 39.392185, 0.48999998, 0.5000025
274, 195351, -0.0011999999405816197, False, 77.039474, 0.0, -1.4901161e-08, 0.0, 39.392185, 0.48999998, 0.5000025
274, 195352, -0.0011999999405816197, False, 76.91947, 0.0, -1.4901161e-08, 0.0, 39.392185, 0.48999998, 0.5000025
274, 195353, -0.0011999999405816197, False, 76.79947, 0.0, -1.4901161e-08, 0.0, 39.392185, 0.48999998, 0.5000025
274, 195354, -0.0011999999405816197, False, 76.67947, 0.0, -1.4901161e-08, 0.0, 39.392185, 0.48999998, 0.5000025
274, 195355, -0.0011999999405816197, False, 76.55946, -2.915112e-08, 0.0, 6.1960432e-09, 39.392193, 0.48999998, 0.5000025
274, 195356, -0.0011999999405816197, False, 76.43946, -3.4186957e-38, 0.0, 1.1107754e-38, 39.392193, 0.48999998, 0.5000025
274, 195357, -0.0011999999405816197, False, 76.31946, -0.16571921, 0.0, -2.4744327, 39.358826, 0.48999998, 0.5945695
274, 195358, -0.0011999999405816197, False, 76.199455, -0.06985904, 0.0, 0.6570158, 39.35591, 0.48999998, 0.61189353
274, 195359, -0.0011999999405816197, False, 76.07945, -0.28048795, 0.0, 3.0616019, 39.39921, 0.48999998, 0.4816979
274, 195360, -0.0011999999405816197, False, 75.95945, 6.229949e-09, 0.0, 5.9278186e-08, 39.399403, 0.48999998, 0.4998561
274, 195361, -0.0011999999405816197, False, 75.83945, -2.5054022e-16, 0.0, 3.2642142e-11, 39.399403, 0.48999998, 0.5000014
274, 195362, -0.0011999999405816197, False, 75.719444, 3.1441323e-15, 0.0, -2.9907758e-14, 39.399403, 0.48999998, 0.50000256
274, 195363, -0.0011999999405816197, False, 75.59944, -9.79045e-07, 0.0, 4.605862e-06, 39.399395, 0.48999998, 0.50000244
274, 195364, -0.0011999999405816197, False, 75.47944, 1.8419321e-08, 0.0, -5.6687234e-08, 39.39935, 0.48999998, 0.50000256
274, 195365, -0.0011999999405816197, False, 75.359436, -1.615783e-06, -1.4901161e-08, 4.4349995e-06, 39.399265, 0.48999998, 0.50000244
274, 195366, -0.0011999999405816197, False, 75.23943, -4.9925685e-28, 0.0, 1.536511e-27, 39.399265, 0.48999998, 0.50000256
274, 195367, -0.0011999999405816197, False, 75.11943, 0.0, 0.0, 0.0, 39.399265, 0.48999998, 0.50000256
274, 195368, -0.0011999999405816197, False, 74.99943, 0.0, 0.0, 0.0, 39.399265, 0.48999998, 0.50000256
274, 195369, -0.0011999999405816197, False, 74.879425, 0.0, 0.0, 0.0, 39.399265, 0.48999998, 0.50000256
274, 195370, -0.0011999999405816197, False, 74.75942, 0.0, 0.0, 0.0, 39.399265, 0.48999998, 0.50000256
274, 195371, -0.0011999999405816197, False, 74.63942, -3.6344257e-11, -1.4901161e-08, 4.7683716e-06, 39.399265, 0.48999998, 0.50000244
274, 195372, -0.0011999999405816197, False, 74.51942, 0.0, 0.0, 0.0, 39.399265, 0.48999998, 0.50000256
274, 195373, -0.0011999999405816197, False, 74.399414, -9.914381e-07, 0.0, 4.6641635e-06, 39.399258, 0.48999998, 0.50000244
274, 195374, -0.0011999999405816197, False, 74.27941, 0.0, 0.0, 0.0, 39.399258, 0.48999998, 0.50000256
274, 195375, -0.0011999999405816197, False, 74.15941, 0.0, 0.0, 0.0, 39.399258, 0.48999998, 0.50000256
274, 195376, -0.0011999999405816197, False, 74.039406, 0.0, 0.0, 0.0, 39.399258, 0.48999998, 0.50000256
274, 195377, -0.0011999999405816197, False, 73.9194, -0.1657193, 0.0, -2.474433, 39.396748, 0.48999998, 0.60025144
274, 195378, -0.0011999999405816197, False, 73.7994, -0.22882815, 0.0, -1.3204393, 39.39292, 0.48999998, 0.7012944
274, 195379, -0.0011999999405816197, False, 73.6794, -0.18052542, 0.0, 1.4645356, 39.406326, 0.48999998, 0.6652493
274, 195380, -0.0011999999405816197, False, 73.559395, -0.44745025, 0.0, 3.7808137, 39.43216, 0.48999998, 0.48432305
274, 195381, -0.0011999999405816197, False, 73.43939, -2.4339286e-10, 0.0, 2.315551e-09, 39.432205, 0.48999998, 0.49987713
274, 195382, -0.0011999999405816197, False, 73.31939, 2.3125991e-12, 0.0, -2.2001224e-11, 39.432205, 0.48999998, 0.50000155
274, 195383, -0.0011999999405816197, False, 73.19939, 1.7510203e-22, 0.0, 1.8405356e-23, 39.432205, 0.48999998, 0.5000025
274, 195384, -0.0011999999405816197, False, 73.079384, 0.0, 0.0, 0.0, 39.432205, 0.48999998, 0.5000025
274, 195385, -0.0011999999405816197, False, 72.95938, 0.0, 0.0, 0.0, 39.432205, 0.48999998, 0.5000025
274, 195386, -0.0011999999405816197, False, 72.83938, 0.0, 0.0, 0.0, 39.432205, 0.48999998, 0.5000025
274, 195387, -0.0011999999405816197, False, 72.719376, -0.16571939, 0.0, -2.474433, 39.408905, 0.48999998, 0.59753907
274, 195388, -0.0011999999405816197, False, 72.59937, 0.26009452, 0.0, -4.7215557, 39.345734, 0.48999998, 0.8287616
274, 195389, -0.0011999999405816197, False, 72.47937, 0.40691254, 0.0, -1.1104053, 39.301464, 0.48999998, 0.96109176
274, 195390, -0.0011999999405816197, False, 72.35937, 0.13843407, 0.0, 1.637176, 39.289127, 0.48999998, 0.9131028
274, 195391, -0.0011999999405816197, False, 72.239365, -0.20647219, 0.0, 3.9636405, 39.27934, 0.48999998, 0.7207624
274, 195392, -0.0011999999405816197, False, 72.11936, -0.16162267, -6.7055225e-07, 0.7603567, 39.264915, 0.48999998, 0.50388926
274, 195393, -0.0011999999405816197, False, 71.99936, -0.0016620563, -2.9802322e-08, 0.005992838, 39.26483, 0.48999998, 0.5000336
274, 195394, -0.0011999999405816197, False, 71.87936, 6.0957555e-25, 0.0, -1.5414344e-24, 39.26483, 0.48999998, 0.5000087
274, 195395, -0.0011999999405816197, False, 71.75935, -9.790449e-07, 0.0, 4.605862e-06, 39.264774, 0.48999998, 0.50000256
274, 195396, -0.0011999999405816197, False, 71.63935, 0.0, 0.0, 0.0, 39.264774, 0.48999998, 0.50000256
274, 195397, -0.0011999999405816197, False, 71.51935, 0.0, 0.0, 0.0, 39.264774, 0.48999998, 0.50000256
274, 195398, -0.0011999999405816197, False, 71.399345, 0.0, 0.0, 0.0, 39.264774, 0.48999998, 0.50000256
274, 195399, -0.0011999999405816197, False, 71.27934, -0.1657193, 0.0, -2.474433, 39.2518, 0.48999998, 0.59944
274, 195400, -0.0011999999405816197, False, 71.15934, -0.53432864, 0.0, -4.6925297, 39.20807, 0.48999998, 0.8349139
274, 195401, -0.0011999999405816197, False, 71.03934, -0.61533684, 0.0, -1.0710614, 39.194096, 0.48999998, 0.9747009
274, 195402, -0.0011999999405816197, False, 70.919334, -0.45468536, 0.0, 1.5991908, 39.234604, 0.48999998, 0.9403529
274, 195403, -0.0011999999405816197, False, 70.79933, -0.68289006, 0.0, 3.88108, 39.313473, 0.48999998, 0.76586384
274, 195404, -0.0011999999405816197, False, 70.67933, -0.60632217, 0.0, 0.37385562, 39.36804, 0.48999998, 0.68274736
274, 195405, -0.0011999999405816197, False, 70.559326, -0.66128635, 0.0, 2.7760696, 39.408096, 0.48999998, 0.56431866
274, 195406, -0.0011999999405816197, False, 70.43932, -0.015189336, -5.9604645e-08, 0.14450574, 39.419643, 0.48999998, 0.500729
274, 195407, -0.0011999999405816197, False, 70.31932, 0.0, 0.0, 0.0, 39.419643, 0.48999998, 0.5001409
274, 195408, -0.0011999999405816197, False, 70.19932, -4.6587367e-05, 0.0, 0.00021909601, 39.419636, 0.48999998, 0.5000036
274, 195409, -0.0011999999405816197, False, 70.079315, -1.07522766e-26, 0.0, 5.0568314e-26, 39.419636, 0.48999998, 0.50000274
274, 195410, -0.0011999999405816197, False, 69.95931, 0.0, 0.0, 0.0, 39.41959, 0.48999998, 0.50000256
274, 195411, -0.0011999999405816197, False, 69.83931, -1.694478e-06, 1.4901161e-08, 4.465206e-06, 39.419506, 0.48999998, 0.50000244
274, 195412, -0.0011999999405816197, False, 69.71931, 0.0, 0.0, 0.0, 39.419506, 0.48999998, 0.50000256
274, 195413, -0.0011999999405816197, False, 69.599304, 0.0, 0.0, 0.0, 39.419506, 0.48999998, 0.50000256
274, 195414, -0.0011999999405816197, False, 69.4793, 0.0, 0.0, 0.0, 39.419506, 0.48999998, 0.50000256
274, 195415, -0.0011999999405816197, False, 69.3593, 0.0, 0.0, 0.0, 39.419506, 0.48999998, 0.50000256
274, 195416, -0.0011999999405816197, False, 69.239296, 0.0, 0.0, 0.0, 39.419506, 0.48999998, 0.50000256
274, 195417, -0.0011999999405816197, False, 69.11929, 0.0, 0.0, 0.0, 39.419506, 0.48999998, 0.50000256
274, 195418, -0.0011999999405816197, False, 68.99929, 9.913673e-07, 0.0, 4.664179e-06, 39.419514, 0.48999998, 0.50000244
274, 195419, -0.0011999999405816197, False, 68.87929, -0.16571808, 0.0, -2.4744282, 39.396214, 0.48999998, 0.5975387
274, 195420, -0.0011999999405816197, False, 68.759285, -0.06985846, 0.0, 0.65701956, 39.395126, 0.48999998, 0.61507213
274, 195421, -0.0011999999405816197, False, 68.63928, -0.28048807, 0.0, 3.0616064, 39.42458, 0.48999998, 0.48106328
274, 195422, -0.0011999999405816197, False, 68.51928, 3.6036418e-19, 0.0, 1.3024041e-15, 39.42465, 0.48999998, 0.49985105
274, 195423, -0.0011999999405816197, False, 68.39928, -1.7894456e-13, 0.0, 1.7024173e-12, 39.42465, 0.48999998, 0.5000013
274, 195424, -0.0011999999405816197, False, 68.279274, 0.0, 0.0, 0.0, 39.42464, 0.48999998, 0.50000256
274, 195425, -0.0011999999405816197, False, 68.15927, -1.4735457e-06, 0.0, 4.534979e-06, 39.424595, 0.48999998, 0.50000244
274, 195426, -0.0011999999405816197, False, 68.03927, -2.7225681e-08, 1.4901161e-08, -1.2121934e-08, 39.42451, 0.48999998, 0.50000256
274, 195427, -0.0011999999405816197, False, 67.919266, 5.7652623e-30, 0.0, 2.5669193e-30, 39.42451, 0.48999998, 0.50000256
274, 195428, -0.0011999999405816197, False, 67.79926, 0.0, 0.0, 0.0, 39.42451, 0.48999998, 0.50000256
274, 195429, -0.0011999999405816197, False, 67.67926, 0.0, 0.0, 0.0, 39.42451, 0.48999998, 0.50000256
274, 195430, -0.0011999999405816197, False, 67.55926, 0.0, 0.0, 0.0, 39.42451, 0.48999998, 0.50000256
274, 195431, -0.0011999999405816197, False, 67.439255, 0.0, 0.0, 0.0, 39.42451, 0.48999998, 0.50000256
274, 195432, -0.0011999999405816197, False, 67.31925, 0.0, 0.0, 0.0, 39.42451, 0.48999998, 0.50000256
274, 195433, -0.0011999999405816197, False, 67.19925, -0.16571933, 0.0, -2.474433, 39.411537, 0.48999998, 0.59944
274, 195434, -0.0011999999405816197, False, 67.07925, -0.2288281, 0.0, -1.3204391, 39.39717, 0.48999998, 0.6995296
274, 195435, -0.0011999999405816197, False, 66.95924, -0.1805253, 0.0, 1.4645357, 39.41427, 0.48999998, 0.6650832
274, 195436, -0.0011999999405816197, False, 66.83924, -0.44745016, 0.0, 3.7808154, 39.45887, 0.48999998, 0.48784816
274, 195437, -0.0011999999405816197, False, 66.71924, 5.4173678e-15, 0.0, -6.984911e-10, 39.458973, 0.48999998, 0.49990526
274, 195438, -0.0011999999405816197, False, 66.599236, 8.5985705e-13, 0.0, -8.180357e-12, 39.458973, 0.48999998, 0.5000017
274, 195439, -0.0011999999405816197, False, 66.47923, -5.6669247e-21, 0.0, 5.39131e-20, 39.458973, 0.48999998, 0.50000256
274, 195440, -0.0011999999405816197, False, 66.35923, -9.914382e-07, 0.0, 4.6641635e-06, 39.458965, 0.48999998, 0.50000244
274, 195441, -0.0011999999405816197, False, 66.23923, 0.0, 0.0, 0.0, 39.458965, 0.48999998, 0.50000256
274, 195442, -0.0011999999405816197, False, 66.119225, -1.473546e-06, 1.4901161e-08, 4.534979e-06, 39.45892, 0.48999998, 0.50000244
274, 195443, -0.0011999999405816197, False, 65.99922, 0.0, 0.0, 0.0, 39.458836, 0.48999998, 0.50000256
274, 195444, -0.0011999999405816197, False, 65.87922, -2.0487e-06, -1.4901161e-08, 4.323228e-06, 39.458706, 0.48999998, 0.50000244
274, 195445, -0.0011999999405816197, False, 65.75922, 0.0, 0.0, 0.0, 39.458706, 0.48999998, 0.50000256
274, 195446, -0.0011999999405816197, False, 65.63921, 0.0, 0.0, 0.0, 39.458706, 0.48999998, 0.50000256
274, 195447, -0.0011999999405816197, False, 65.51921, 0.0, 0.0, 0.0, 39.458706, 0.48999998, 0.50000256
274, 195448, -0.0011999999405816197, False, 65.39921, 0.0, 0.0, 0.0, 39.458706, 0.48999998, 0.50000256
274, 195449, -0.0011999999405816197, False, 65.279205, 0.0, 0.0, 0.0, 39.458706, 0.48999998, 0.50000256
274, 195450, -0.0011999999405816197, False, 65.1592, 0.0, 0.0, 0.0, 39.458706, 0.48999998, 0.50000256
274, 195451, -0.0011999999405816197, False, 65.0392, 0.0, 0.0, 0.0, 39.458706, 0.48999998, 0.50000256
274, 195452, -0.0011999999405816197, False, 64.9192, 0.0, 0.0, 0.0, 39.458706, 0.48999998, 0.50000256
274, 195453, -0.0011999999405816197, False, 64.799194, -0.16571939, 0.0, -2.4744327, 39.435406, 0.48999998, 0.5975392
274, 195454, -0.0011999999405816197, False, 64.67919, -0.06985906, 0.0, 0.65701544, 39.43432, 0.48999998, 0.6150729
274, 195455, -0.0011999999405816197, False, 64.55919, -0.28048807, 0.0, 3.061602, 39.46377, 0.48999998, 0.48106432
274, 195456, -0.0011999999405816197, False, 64.439186, 3.6028684e-19, 0.0, 1.3023657e-15, 39.46384, 0.48999998, 0.49985096
274, 195457, -0.0011999999405816197, False, 64.31918, -1.7894506e-13, 0.0, 1.7024173e-12, 39.46384, 0.48999998, 0.5000014
274, 195458, -0.0011999999405816197, False, 64.19918, 0.0, 0.0, 0.0, 39.463833, 0.48999998, 0.50000256
274, 195459, -0.0011999999405816197, False, 64.07918, -1.473546e-06, 1.4901161e-08, 4.534979e-06, 39.463787, 0.48999998, 0.50000244
274, 195460, -0.0011999999405816197, False, 63.959175, 0.0, 0.0, 0.0, 39.463703, 0.48999998, 0.50000256
274, 195461, -0.0011999999405816197, False, 63.839172, 0.0, 0.0, 0.0, 39.463703, 0.48999998, 0.50000256
274, 195462, -0.0011999999405816197, False, 63.71917, 0.0, 0.0, 0.0, 39.463703, 0.48999998, 0.50000256
274, 195463, -0.0011999999405816197, False, 63.599167, 0.0, 0.0, 0.0, 39.463703, 0.48999998, 0.50000256
274, 195464, -0.0011999999405816197, False, 63.479164, 0.0, 0.0, 0.0, 39.463703, 0.48999998, 0.50000256
274, 195465, -0.0011999999405816197, False, 63.35916, 0.0, 0.0, 0.0, 39.463703, 0.48999998, 0.50000256
274, 195466, -0.0011999999405816197, False, 63.23916, -0.16571933, 0.0, -2.474433, 39.45073, 0.48999998, 0.59944
274, 195467, -0.0011999999405816197, False, 63.119156, -0.22882812, 0.0, -1.3204391, 39.436363, 0.48999998, 0.6995296
274, 195468, -0.0011999999405816197, False, 62.999153, -0.18052536, 0.0, 1.4645357, 39.45346, 0.48999998, 0.6650832
274, 195469, -0.0011999999405816197, False, 62.87915, -0.38953617, 0.0, 3.4659216, 39.49625, 0.4896802, 0.4930109
274, 195470, -0.0011999999405816197, False, 62.759148, 0.0, 0.0, 0.0, 39.49685, 0.48981836, 0.4999466
274, 195471, -0.0011999999405816197, False, 62.639145, 3.6093768e-14, 0.0, -3.4338418e-13, 39.49685, 0.489996, 0.50000215
274, 195472, -0.0011999999405816197, False, 62.519142, 0.0, 0.0, 0.0, 39.49685, 0.48999998, 0.5000025
274, 195473, -0.0011999999405816197, False, 62.39914, 0.0, 0.0, 0.0, 39.49684, 0.48999998, 0.5000025
274, 195474, -0.0011999999405816197, False, 62.279137, 0.0, 0.0, 0.0, 39.49684, 0.48999998, 0.5000025
274, 195475, -0.0011999999405816197, False, 62.159134, 0.0, 1.4901161e-08, 0.0, 39.496796, 0.48999998, 0.5000025
274, 195476, -0.0011999999405816197, False, 62.03913, 0.0, 0.0, 0.0, 39.496796, 0.48999998, 0.5000025
274, 195477, -0.0011999999405816197, False, 61.91913, 0.0, 0.0, 0.0, 39.496796, 0.48999998, 0.5000025
274, 195478, -0.0011999999405816197, False, 61.799126, 0.0, 0.0, 0.0, 39.496796, 0.48999998, 0.5000025
274, 195479, -0.0011999999405816197, False, 61.679123, 0.0, 0.0, 0.0, 39.496796, 0.48999998, 0.5000025
274, 195480, -0.0011999999405816197, False, 61.55912, 0.0, 0.0, 0.0, 39.496796, 0.48999998, 0.5000025
274, 195481, -0.0011999999405816197, False, 61.439117, -0.16571933, 0.0, -2.474433, 39.48382, 0.48999998, 0.5994399
274, 195482, -0.0011999999405816197, False, 61.319115, -0.2288281, 0.0, -1.3204391, 39.469456, 0.48999998, 0.6995295
274, 195483, -0.0011999999405816197, False, 61.199112, 0.10584289, 0.0, -3.6860986, 39.429184, 0.48999998, 0.8699906
274, 195484, -0.0011999999405816197, False, 61.07911, 0.14771302, 0.0, -0.20456693, 39.40573, 0.48999998, 0.9474265
274, 195485, -0.0011999999405816197, False, 60.959106, -0.046311423, 0.0, 2.303018, 39.405907, 0.48999998, 0.85807484
274, 195486, -0.0011999999405816197, False, 60.839104, -0.41922492, 0.0, 4.54814, 39.405758, 0.48999998, 0.62830293
274, 195487, -0.0011999999405816197, False, 60.7191, 0.0, 0.0, 0.0, 39.397038, 0.49000007, 0.48080066
274, 195488, -0.0011999999405816197, False, 60.5991, 0.0, 0.0, 0.0, 39.396935, 0.4900001, 0.4998489
274, 195489, -0.0011999999405816197, False, 60.479095, 6.5341624e-07, -9.3877316e-07, 2.909264e-07, 39.396843, 0.49000007, 0.50000125
274, 195490, -0.0011999999405816197, False, 60.359093, 0.0, 0.0, 0.0, 39.396744, 0.4900001, 0.50000256
274, 195491, -0.0011999999405816197, False, 60.23909, 0.0, 0.0, 0.0, 39.396744, 0.49, 0.50000256
274, 195492, -0.0011999999405816197, False, 60.119087, 0.0, 0.0, 0.0, 39.396744, 0.49, 0.50000256
274, 195493, -0.0011999999405816197, False, 59.999084, 0.0, 0.0, 0.0, 39.396744, 0.49, 0.50000256
274, 195494, -0.0011999999405816197, False, 59.87908, 0.0, 0.0, 0.0, 39.396744, 0.49, 0.50000256
274, 195495, -0.0011999999405816197, False, 59.75908, -0.16571933, 0.0, -2.474433, 39.38377, 0.49, 0.59944
274, 195496, -0.0011999999405816197, False, 59.639076, -0.08737399, 0.0, 0.6682058, 39.38847, 0.49, 0.618117
274, 195497, -0.0011999999405816197, False, 59.519073, -0.29508114, 0.0, 3.0703301, 39.432804, 0.49, 0.48759127
274, 195498, -0.0011999999405816197, False, 59.39907, 0.0, 1.4901161e-08, 0.0, 39.433, 0.48999998, 0.49990326
274, 195499, -0.0011999999405816197, False, 59.279068, 1.2962698e-16, 0.0, -1.6647392e-11, 39.433, 0.48999998, 0.5000018
274, 195500, -0.0011999999405816197, False, 59.159065, 7.391909e-21, 0.0, 7.769799e-22, 39.433, 0.48999998, 0.5000025
274, 195501, -0.0011999999405816197, False, 59.039062, 0.0, 0.0, 0.0, 39.433, 0.48999998, 0.5000025
274, 195502, -0.0011999999405816197, False, 58.91906, 0.0, 0.0, 0.0, 39.433, 0.48999998, 0.5000025
274, 195503, -0.0011999999405816197, False, 58.799057, 0.0, 0.0, 0.0, 39.433, 0.48999998, 0.5000025
274, 195504, -0.0011999999405816197, False, 58.679054, 0.0, 0.0, 0.0, 39.433, 0.48999998, 0.5000025
274, 195505, -0.0011999999405816197, False, 58.55905, 0.0, 0.0, 0.0, 39.433, 0.48999998, 0.5000025
274, 195506, -0.0011999999405816197, False, 58.43905, 0.0, 0.0, 0.0, 39.433, 0.48999998, 0.5000025
274, 195507, -0.0011999999405816197, False, 58.319046, 0.0, 0.0, 0.0, 39.433, 0.48999998, 0.5000025
274, 195508, -0.0011999999405816197, False, 58.199043, 0.0, 0.0, 0.0, 39.433, 0.48999998, 0.5000025
274, 195509, -0.0011999999405816197, False, 58.07904, 0.0, 0.0, 0.0, 39.433, 0.48999998, 0.5000025
274, 195510, -0.0011999999405816197, False, 57.959038, 0.16571927, 0.0, -2.4744327, 39.39452, 0.48999998, 0.59260535
274, 195511, -0.0011999999405816197, False, 57.839035, 0.5343282, 0.0, -4.692529, 39.314663, 0.48999998, 0.81839967
274, 195512, -0.0011999999405816197, False, 57.719032, 0.6153366, 0.0, -1.071061, 39.256874, 0.48999998, 0.94644576
274, 195513, -0.0011999999405816197, False, 57.59903, 0.29368746, 0.0, 1.6834905, 39.234116, 0.48999998, 0.8957613
274, 195514, -0.0011999999405816197, False, 57.479027, -0.08483714, 0.0, 4.0197, 39.216217, 0.48999998, 0.7007689
274, 195515, -0.0011999999405816197, False, 57.359024, -0.29601032, 0.0, 2.3401797, 39.201874, 0.48999998, 0.5296495
274, 195516, -0.0011999999405816197, False, 57.23902, 0.0, 0.0, 0.0, 39.1942, 0.48999998, 0.4987011
274, 195517, -0.0011999999405816197, False, 57.11902, 0.0, 0.0, 0.0, 39.194042, 0.48999998, 0.49999207
274, 195518, -0.0011999999405816197, False, 56.999016, 0.0, 0.0, 0.0, 39.193913, 0.48999998, 0.5000024
274, 195519, -0.0011999999405816197, False, 56.879013, 0.0, 0.0, 0.0, 39.193913, 0.48999998, 0.5000025
274, 195520, -0.0011999999405816197, False, 56.75901, 0.0, 0.0, 0.0, 39.193913, 0.48999998, 0.5000025
274, 195521, -0.0011999999405816197, False, 56.639008, 0.0, 0.0, 0.0, 39.193913, 0.48999998, 0.5000025
274, 195522, -0.0011999999405816197, False, 56.519005, 0.0, 0.0, 0.0, 39.193913, 0.48999998, 0.5000025
274, 195523, -0.0011999999405816197, False, 56.399002, 0.0, 0.0, 0.0, 39.193913, 0.48999998, 0.5000025
274, 195524, -0.0011999999405816197, False, 56.279, 0.0, 0.0, 0.0, 39.193913, 0.48999998, 0.5000025
274, 195525, -0.0011999999405816197, False, 56.158997, 0.0, 0.0, 0.0, 39.193913, 0.48999998, 0.5000025
274, 195526, -0.0011999999405816197, False, 56.038994, -0.16571936, 0.0, -2.474433, 39.18094, 0.48999998, 0.5994399
274, 195527, -0.0011999999405816197, False, 55.91899, 0.26009476, 0.0, -4.7215567, 39.142284, 0.48999998, 0.8359989
274, 195528, -0.0011999999405816197, False, 55.79899, 0.40691242, 0.0, -1.1104051, 39.11209, 0.48999998, 0.97223175
274, 195529, -0.0011999999405816197, False, 55.678986, 0.13843404, 0.0, 1.6371759, 39.094807, 0.48999998, 0.925795
274, 195530, -0.0011999999405816197, False, 55.558983, -0.20647228, 0.0, 3.9636407, 39.06497, 0.48999998, 0.7355314
274, 195531, -0.0011999999405816197, False, 55.43898, -0.7124646, 0.0, 6.031991, 39.006092, 0.48999998, 0.41765225
274, 195532, -0.0011999999405816197, False, 55.318977, 2.7225681e-08, -1.4901161e-08, 1.2121934e-08, 39.005703, 0.48999998, 0.49934372
274, 195533, -0.0011999999405816197, False, 55.198975, 1.7122775e-11, 0.0, -3.8457477e-11, 39.005703, 0.48999998, 0.4999972
274, 195534, -0.0011999999405816197, False, 55.07897, 0.0, -1.4901161e-08, 0.0, 39.005604, 0.48999998, 0.5000025
274, 195535, -0.0011999999405816197, False, 54.95897, 0.0, -1.4901161e-08, 0.0, 39.005604, 0.48999998, 0.5000025
274, 195536, -0.0011999999405816197, False, 54.838966, 0.0, -1.4901161e-08, 0.0, 39.005604, 0.48999998, 0.5000025
274, 195537, -0.0011999999405816197, False, 54.718964, 0.0, -1.4901161e-08, 0.0, 39.005604, 0.48999998, 0.5000025
274, 195538, -0.0011999999405816197, False, 54.59896, 0.0, -1.4901161e-08, 0.0, 39.005604, 0.48999998, 0.5000025
274, 195539, -0.0011999999405816197, False, 54.47896, -0.16571933, -1.4901161e-08, -2.474433, 38.99263, 0.48999998, 0.5994399
274, 195540, -0.0011999999405816197, False, 54.358955, 0.26009485, -1.4901161e-08, -4.7215567, 38.953976, 0.48999998, 0.8359989
274, 195541, -0.0011999999405816197, False, 54.238953, 0.4069125, -1.4901161e-08, -1.1104051, 38.923782, 0.48999998, 0.97223175
274, 195542, -0.0011999999405816197, False, 54.11895, 0.053274244, -1.4901161e-08, -3.5138977, 38.900364, 0.48999998, 1.1351078
274, 195543, -0.0011999999405816197, False, 53.998947, -0.1810318, -1.4901161e-08, -2.0159364, 38.882603, 0.48999998, 1.2825588
274, 195544, -0.0011999999405816197, False, 53.878944, -0.50223434, -1.4901161e-08, -4.277836, 38.844955, 0.48999998, 1.4929692
274, 195545, -0.0011999999405816197, False, 53.75894, -0.9940995, -1.4901161e-08, -6.2897396, 38.762913, 0.48999998, 1.8247364
274, 195546, -0.0011999999405816197, False, 53.63894, -1.6152804, -1.4901161e-08, -8.060642, 38.625374, 0.48999998, 2.2605605
274, 195547, -0.0011999999405816197, False, 53.518936, -0.83552873, -1.4901161e-08, -4.2932987, 38.53552, 0.48999998, 2.5859659
274, 195548, -0.0011999999405816197, False, 53.398933, -0.44544542, -1.4901161e-08, -0.83450216, 38.525063, 0.48999998, 2.7075253
274, 195549, -0.0011999999405816197, False, 53.27893, -0.2571491, -1.4901161e-08, 1.7991873, 38.559387, 0.48999998, 2.6577995
274, 195550, -0.0011999999405816197, False, 53.158928, -0.5429212, -1.4901161e-08, 4.0762796, 38.63197, 0.48999998, 2.4695446
274, 195551, -0.0011999999405816197, False, 53.038925, -1.0087104, -1.4901161e-08, 6.104625, 38.72655, 0.48999998, 2.1527276
274, 195552, -0.0011999999405816197, False, 52.918922, -0.87404454, -1.4901161e-08, 8.020727, 38.827637, 0.48999998, 1.7171456
274, 195553, -0.0011999999405816197, False, 52.79892, -0.76405823, -1.4901161e-08, 9.757401, 38.93297, 0.48999998, 1.1737111
274, 195554, -0.0011999999405816197, False, 52.678917, -0.48182136, -1.4901161e-08, 6.153099, 39.01225, 0.48999998, 0.744983
274, 195555, -0.0011999999405816197, False, 52.558914, 0.0, 0.0, 0.0, 39.059387, 0.48999998, 0.49264494
274, 195556, -0.0011999999405816197, False, 52.43891, 1.1789139e-09, 1.4901161e-08, 6.0056934e-08, 39.05939, 0.48999998, 0.49994367
274, 195557, -0.0011999999405816197, False, 52.31891, 0.0, 0.0, 0.0, 39.059383, 0.48999998, 0.500002
274, 195558, -0.0011999999405816197, False, 52.198906, 0.0, 0.0, 0.0, 39.059338, 0.48999998, 0.5000025
274, 195559, -0.0011999999405816197, False, 52.078903, 2.7225681e-08, -1.4901161e-08, 1.2121934e-08, 39.059254, 0.48999998, 0.5000025
274, 195560, -0.0011999999405816197, False, 51.9589, 7.6500157e-38, -1.4901161e-08, -1.718182e-37, 39.059254, 0.48999998, 0.5000025
274, 195561, -0.0011999999405816197, False, 51.838898, 0.0, -1.4901161e-08, 0.0, 39.059254, 0.48999998, 0.5000025
274, 195562, -0.0011999999405816197, False, 51.718895, 0.0, 0.0, 0.0, 39.059196, 0.48999998, 0.5000025
274, 195563, -0.0011999999405816197, False, 51.598892, 0.0, 0.0, 0.0, 39.059196, 0.48999998, 0.5000025
274, 195564, -0.0011999999405816197, False, 51.47889, 0.0, 0.0, 0.0, 39.059196, 0.48999998, 0.5000025
274, 195565, -0.0011999999405816197, False, 51.358887, 0.0, 0.0, 0.0, 39.059196, 0.48999998, 0.5000025
274, 195566, -0.0011999999405816197, False, 51.238884, -0.16571933, 0.0, -2.474433, 39.046223, 0.48999998, 0.5994399
274, 195567, -0.0011999999405816197, False, 51.11888, 0.26009485, 0.0, -4.7215567, 39.00757, 0.48999998, 0.8359989
274, 195568, -0.0011999999405816197, False, 50.99888, 0.4069125, 0.0, -1.1104051, 38.977375, 0.48999998, 0.97223175
274, 195569, -0.0011999999405816197, False, 50.878876, 0.1384341, 0.0, 1.6371762, 38.96009, 0.48999998, 0.92579496
274, 195570, -0.0011999999405816197, False, 50.758873, -0.20647234, 0.0, 3.9636412, 38.930252, 0.48999998, 0.73553133
274, 195571, -0.0011999999405816197, False, 50.63887, -0.12093437, 0.0, 2.3215725, 38.9037, 0.48999998, 0.5682693
274, 195572, -0.0011999999405816197, False, 50.518867, -0.015693262, -2.9802322e-08, 0.054830354, 38.89278, 0.48999998, 0.5002875
274, 195573, -0.0011999999405816197, False, 50.398865, -3.696565e-24, 0.0, 1.2714904e-23, 38.89278, 0.48999998, 0.5000594
274, 195574, -0.0011999999405816197, False, 50.278862, 0.0, 0.0, 0.0, 38.89278, 0.48999998, 0.5000594
274, 195575, -0.0011999999405816197, False, 50.15886, 0.0, 0.0, 0.0, 38.89278, 0.48999998, 0.5000594
274, 195576, -0.0011999999405816197, False, 50.038857, 0.0, 0.0, 0.0, 38.89278, 0.48999998, 0.5000594
274, 195577, -0.0011999999405816197, False, 49.918854, 0.0, 0.0, 0.0, 38.89278, 0.48999998, 0.5000594
274, 195578, -0.0011999999405816197, False, 49.79885, -0.16571933, 0.0, -2.474433, 38.879807, 0.48999998, 0.59949684
274, 195579, -0.0011999999405816197, False, 49.67885, -0.53432864, 0.0, -4.692529, 38.836075, 0.48999998, 0.8349708
274, 195580, -0.0011999999405816197, False, 49.558846, -1.0623163, 0.0, -6.6607833, 38.748543, 0.48999998, 1.1894779
274, 195581, -0.0011999999405816197, False, 49.438843, -1.2811148, 0.0, -2.7936282, 38.701992, 0.48999998, 1.4401665
274, 195582, -0.0011999999405816197, False, 49.31884, -1.4981859, 0.0, -4.893395, 38.62995, 0.48999998, 1.6963618
274, 195583, -0.0011999999405816197, False, 49.198837, -0.9512101, 0.0, -1.4508249, 38.603237, 0.48999998, 1.8619283
274, 195584, -0.0011999999405816197, False, 49.078835, -0.6771417, 0.0, 1.3013062, 38.653275, 0.48999998, 1.85619
274, 195585, -0.0011999999405816197, False, 48.95883, -0.8301923, 0.0, 3.5984716, 38.753586, 0.48999998, 1.7106059
274, 195586, -0.0011999999405816197, False, 48.83883, -1.2037829, 0.0, 5.6505747, 38.88707, 0.48999998, 1.4356043
274, 195587, -0.0011999999405816197, False, 48.718826, -1.279543, 0.0, 1.8846507, 38.991623, 0.48999998, 1.2620426
274, 195588, -0.0011999999405816197, False, 48.598824, -1.3929601, 0.0, 4.08139, 39.07766, 0.48999998, 1.0628715
274, 195589, -0.0011999999405816197, False, 48.47882, -1.7322892, 0.0, 6.040223, 39.150204, 0.48999998, 0.7327061
274, 195590, -0.0011999999405816197, False, 48.358818, -5.830205e-08, -1.4901161e-08, -1.2392969e-08, 39.184338, 0.49, 0.48931786
274, 195591, -0.0011999999405816197, False, 48.238815, -7.1951695e-11, 0.0, 2.2143826e-10, 39.184338, 0.48999998, 0.49991703
274, 195592, -0.0011999999405816197, False, 48.118813, -3.945935e-12, 0.0, 1.2143996e-11, 39.184338, 0.48999998, 0.50000185
274, 195593, -0.0011999999405816197, False, 47.99881, 7.7539964e-14, 0.0, -2.386359e-13, 39.184338, 0.48999998, 0.50000256
274, 195594, -0.0011999999405816197, False, 47.878807, 0.0, 0.0, 0.0, 39.184338, 0.48999998, 0.50000256
274, 195595, -0.0011999999405816197, False, 47.758804, 0.0, 0.0, 0.0, 39.184338, 0.48999998, 0.50000256
274, 195596, -0.0011999999405816197, False, 47.6388, 0.0, 0.0, 0.0, 39.184338, 0.48999998, 0.50000256
274, 195597, -0.0011999999405816197, False, 47.5188, -0.16571933, 0.0, -2.474433, 39.181828, 0.48999998, 0.60025144
274, 195598, -0.0011999999405816197, False, 47.398796, -0.53432846, 0.0, -4.6925287, 39.162945, 0.48999998, 0.8390067
274, 195599, -0.0011999999405816197, False, 47.278793, -0.61086476, 0.0, -2.7563012, 39.143387, 0.48999998, 1.0419697
274, 195600, -0.0011999999405816197, False, 47.15879, -0.41131982, 0.0, 0.45739174, 39.16158, 0.48999998, 1.0830804
274, 195601, -0.0011999999405816197, False, 47.038788, -0.31442308, 0.0, 2.9019556, 39.23159, 0.48999998, 0.97593534
274, 195602, -0.0011999999405816197, False, 46.918785, -0.69985116, 0.0, 5.0654573, 39.35168, 0.48999998, 0.7409827
274, 195603, -0.0011999999405816197, False, 46.798782, 0.14133084, 0.0, 0.6649343, 39.451904, 0.48999998, 0.50340146
274, 195604, -0.0011999999405816197, False, 46.67878, 0.00056866434, 0.0, 0.005410854, 39.45196, 0.48999998, 0.5000296
274, 195605, -0.0011999999405816197, False, 46.558777, 0.0, 0.0, 0.0, 39.45196, 0.48999998, 0.500008
274, 195606, -0.0011999999405816197, False, 46.438774, 0.0, 0.0, 0.0, 39.45196, 0.48999998, 0.500008
274, 195607, -0.0011999999405816197, False, 46.31877, -9.96934e-07, 0.0, 9.484493e-06, 39.45196, 0.48999998, 0.50000256
274, 195608, -0.0011999999405816197, False, 46.19877, -6.71824e-28, 0.0, 3.1605604e-27, 39.45196, 0.48999998, 0.50000256
274, 195609, -0.0011999999405816197, False, 46.078766, -1.4735449e-06, 0.0, 4.534979e-06, 39.451916, 0.48999998, 0.50000244
274, 195610, -0.0011999999405816197, False, 45.958763, 0.0, 0.0, 0.0, 39.45183, 0.48999998, 0.50000256
274, 195611, -0.0011999999405816197, False, 45.83876, 0.0, 0.0, 0.0, 39.45183, 0.48999998, 0.50000256
274, 195612, -0.0011999999405816197, False, 45.718758, 0.0, 0.0, 0.0, 39.45183, 0.48999998, 0.50000256
274, 195613, -0.0011999999405816197, False, 45.598755, 0.0, 0.0, 0.0, 39.45183, 0.48999998, 0.50000256
274, 195614, -0.0011999999405816197, False, 45.478752, 0.0, 0.0, 0.0, 39.45183, 0.48999998, 0.50000256
274, 195615, -0.0011999999405816197, False, 45.35875, 0.0, 0.0, 0.0, 39.45183, 0.48999998, 0.50000256
274, 195616, -0.0011999999405816197, False, 45.238747, 0.0, 0.0, 0.0, 39.45183, 0.48999998, 0.50000256
274, 195617, -0.0011999999405816197, False, 45.118744, 9.3743256e-07, 0.0, 4.5537704e-06, 39.45184, 0.48999998, 0.50000244
274, 195618, -0.0011999999405816197, False, 44.99874, -0.16571802, 0.0, -2.4744282, 39.42854, 0.48999998, 0.5975387
274, 195619, -0.0011999999405816197, False, 44.87874, -0.06985846, 0.0, 0.6570195, 39.427452, 0.48999998, 0.6150722
274, 195620, -0.0011999999405816197, False, 44.758736, -0.28048822, 0.0, 3.061606, 39.456905, 0.48999998, 0.48106337
274, 195621, -0.0011999999405816197, False, 44.638733, 0.0, 0.0, 0.0, 39.456966, 0.48999998, 0.49985102
274, 195622, -0.0011999999405816197, False, 44.51873, -1.7885917e-13, 0.0, 1.7015997e-12, 39.456966, 0.48999998, 0.5000013
274, 195623, -0.0011999999405816197, False, 44.398727, 0.0, 0.0, 0.0, 39.45696, 0.48999998, 0.50000256
274, 195624, -0.0011999999405816197, False, 44.278725, -1.4735451e-06, 0.0, 4.534979e-06, 39.456913, 0.48999998, 0.50000244
274, 195625, -0.0011999999405816197, False, 44.158722, 0.0, 0.0, 0.0, 39.456913, 0.48999998, 0.50000256
274, 195626, -0.0011999999405816197, False, 44.03872, 0.0, 0.0, 0.0, 39.456913, 0.48999998, 0.50000256
274, 195627, -0.0011999999405816197, False, 43.918716, 0.0, 0.0, 0.0, 39.456913, 0.48999998, 0.50000256
274, 195628, -0.0011999999405816197, False, 43.798714, 0.0, 0.0, 0.0, 39.456913, 0.48999998, 0.50000256
274, 195629, -0.0011999999405816197, False, 43.67871, 0.0, 0.0, 0.0, 39.456913, 0.48999998, 0.50000256
274, 195630, -0.0011999999405816197, False, 43.55871, 0.0, 0.0, 0.0, 39.456913, 0.48999998, 0.50000256
274, 195631, -0.0011999999405816197, False, 43.438705, 0.0, 0.0, 0.0, 39.456913, 0.48999998, 0.50000256
274, 195632, -0.0011999999405816197, False, 43.318703, 0.16571939, 0.0, -2.4744318, 39.42832, 0.48999998, 0.5961205
274, 195633, -0.0011999999405816197, False, 43.1987, 0.08737402, 0.0, 0.6682062, 39.41643, 0.48999998, 0.6112715
274, 195634, -0.0011999999405816197, False, 43.078697, -0.16044074, 0.0, 3.0847335, 39.423954, 0.48999998, 0.47345883
274, 195635, -0.0011999999405816197, False, 42.958694, -1.9471409e-10, 0.0, 1.852442e-09, 39.423958, 0.48999998, 0.4997902
274, 195636, -0.0011999999405816197, False, 42.83869, 6.56156e-12, 0.0, -3.086849e-11, 39.423958, 0.48999998, 0.5000009
274, 195637, -0.0011999999405816197, False, 42.71869, -1.4735451e-06, 0.0, 4.534979e-06, 39.423912, 0.48999998, 0.50000244
274, 195638, -0.0011999999405816197, False, 42.598686, 0.0, 0.0, 0.0, 39.42383, 0.48999998, 0.50000256
274, 195639, -0.0011999999405816197, False, 42.478683, 0.0, 0.0, 0.0, 39.42383, 0.48999998, 0.50000256
274, 195640, -0.0011999999405816197, False, 42.35868, 0.0, 0.0, 0.0, 39.42383, 0.48999998, 0.50000256
274, 195641, -0.0011999999405816197, False, 42.238678, 0.0, 0.0, 0.0, 39.42383, 0.48999998, 0.50000256
274, 195642, -0.0011999999405816197, False, 42.118675, 0.0, 0.0, 0.0, 39.42383, 0.48999998, 0.50000256
274, 195643, -0.0011999999405816197, False, 41.998672, 0.0, 0.0, 0.0, 39.42383, 0.48999998, 0.50000256
274, 195644, -0.0011999999405816197, False, 41.87867, 0.0, 0.0, 0.0, 39.42383, 0.48999998, 0.50000256
274, 195645, -0.0011999999405816197, False, 41.758667, -0.16571942, 0.0, -2.474433, 39.410854, 0.48999998, 0.59944
274, 195646, -0.0011999999405816197, False, 41.638664, -0.22882815, 0.0, -1.3204392, 39.39649, 0.48999998, 0.6995296
274, 195647, -0.0011999999405816197, False, 41.51866, -0.18052545, 0.0, 1.4645355, 39.413586, 0.48999998, 0.6650832
274, 195648, -0.0011999999405816197, False, 41.39866, -0.4474503, 0.0, 3.780815, 39.458187, 0.48999998, 0.48784816
274, 195649, -0.0011999999405816197, False, 41.278656, 0.0, 0.0, 0.0, 39.458298, 0.48999998, 0.49990526
274, 195650, -0.0011999999405816197, False, 41.158653, -1.3599557e-12, 0.0, 1.2938137e-11, 39.458298, 0.48999998, 0.5000017
274, 195651, -0.0011999999405816197, False, 41.03865, -9.936202e-07, 0.0, 4.602764e-06, 39.45829, 0.48999998, 0.50000244
274, 195652, -0.0011999999405816197, False, 40.918648, -2.8343617e-08, 1.4901161e-08, -9.209659e-09, 39.458244, 0.48999998, 0.50000256
274, 195653, -0.0011999999405816197, False, 40.798645, -1.694478e-06, 1.4901161e-08, 4.465206e-06, 39.45816, 0.48999998, 0.50000244
274, 195654, -0.0011999999405816197, False, 40.678642, 0.0, 0.0, 0.0, 39.45816, 0.48999998, 0.50000256
274, 195655, -0.0011999999405816197, False, 40.55864, 0.0, 0.0, 0.0, 39.45816, 0.48999998, 0.50000256
274, 195656, -0.0011999999405816197, False, 40.438637, 0.0, 0.0, 0.0, 39.45816, 0.48999998, 0.50000256
274, 195657, -0.0011999999405816197, False, 40.318634, 0.0, 0.0, 0.0, 39.45816, 0.48999998, 0.50000256
274, 195658, -0.0011999999405816197, False, 40.19863, 0.0, 0.0, 0.0, 39.45816, 0.48999998, 0.50000256
274, 195659, -0.0011999999405816197, False, 40.07863, 0.0, 0.0, 0.0, 39.45816, 0.48999998, 0.50000256
274, 195660, -0.0011999999405816197, False, 39.958626, 0.0, 0.0, 0.0, 39.45816, 0.48999998, 0.50000256
274, 195661, -0.0011999999405816197, False, 39.838623, 9.789751e-07, 0.0, 4.605876e-06, 39.458218, 0.48999998, 0.50000244
274, 195662, -0.0011999999405816197, False, 39.71862, 0.0, 1.4901161e-08, 0.0, 39.458237, 0.48999998, 0.50000256
274, 195663, -0.0011999999405816197, False, 39.598618, -3.6131095e-11, 0.0, 4.7683716e-06, 39.458237, 0.48999998, 0.50000244
274, 195664, -0.0011999999405816197, False, 39.478615, 0.0, 0.0, 0.0, 39.458237, 0.48999998, 0.50000256
274, 195665, -0.0011999999405816197, False, 39.358612, -9.79045e-07, 0.0, 4.605862e-06, 39.45823, 0.48999998, 0.50000244
274, 195666, -0.0011999999405816197, False, 39.23861, 1.8419321e-08, 0.0, -5.6687234e-08, 39.458183, 0.48999998, 0.50000256
274, 195667, -0.0011999999405816197, False, 39.118607, -3.900443e-30, 0.0, 1.2003989e-29, 39.458183, 0.48999998, 0.50000256
274, 195668, -0.0011999999405816197, False, 38.998604, 0.0, 0.0, 0.0, 39.458183, 0.48999998, 0.50000256
274, 195669, -0.0011999999405816197, False, 38.8786, 0.0, 0.0, 0.0, 39.458183, 0.48999998, 0.50000256
274, 195670, -0.0011999999405816197, False, 38.7586, 0.0, 0.0, 0.0, 39.458183, 0.48999998, 0.50000256
274, 195671, -0.0011999999405816197, False, 38.638596, 0.0, 0.0, 0.0, 39.458183, 0.48999998, 0.50000256
274, 195672, -0.0011999999405816197, False, 38.518593, 9.913673e-07, 0.0, 4.664179e-06, 39.45819, 0.48999998, 0.50000244
274, 195673, -0.0011999999405816197, False, 38.39859, 0.0, 0.0, 0.0, 39.45819, 0.48999998, 0.50000256
274, 195674, -0.0011999999405816197, False, 38.278587, 0.16571924, 0.0, -2.474432, 39.4296, 0.48999998, 0.5961205
274, 195675, -0.0011999999405816197, False, 38.158585, 0.5343286, 0.0, -4.6925297, 39.373775, 0.48999998, 0.8290254
274, 195676, -0.0011999999405816197, False, 38.03858, 0.6153364, 0.0, -1.0710602, 39.329685, 0.48999998, 0.9624109
274, 195677, -0.0011999999405816197, False, 37.91858, 0.2936875, 0.0, 1.683491, 39.301758, 0.48999998, 0.91438293
274, 195678, -0.0011999999405816197, False, 37.798576, -0.08483726, 0.0, 4.019701, 39.26358, 0.48999998, 0.72232914
274, 195679, -0.0011999999405816197, False, 37.678574, -0.61481273, 0.0, 6.0932584, 39.197643, 0.48999998, 0.40273392
274, 195680, -0.0011999999405816197, False, 37.55857, 0.0, 0.0, 0.0, 39.19728, 0.48999998, 0.49922433
274, 195681, -0.0011999999405816197, False, 37.43857, -4.233208e-11, 0.0, 9.507719e-11, 39.19728, 0.48999998, 0.49999627
274, 195682, -0.0011999999405816197, False, 37.318565, 5.0534877e-14, 0.0, -1.5552566e-13, 39.19728, 0.48999998, 0.50000244
274, 195683, -0.0011999999405816197, False, 37.198563, 0.0, 0.0, 0.0, 39.19728, 0.48999998, 0.50000256
274, 195684, -0.0011999999405816197, False, 37.07856, 0.0, 0.0, 0.0, 39.19728, 0.48999998, 0.50000256
274, 195685, -0.0011999999405816197, False, 36.958557, 0.0, 0.0, 0.0, 39.19728, 0.48999998, 0.50000256
274, 195686, -0.0011999999405816197, False, 36.838554, 0.0, 0.0, 0.0, 39.19728, 0.48999998, 0.50000256
274, 195687, -0.0011999999405816197, False, 36.71855, -0.16571933, 0.0, -2.474433, 39.184307, 0.48999998, 0.59944
274, 195688, -0.0011999999405816197, False, 36.59855, 0.26009485, 0.0, -4.7215567, 39.145653, 0.48999998, 0.8359989
274, 195689, -0.0011999999405816197, False, 36.478546, 0.4069125, 0.0, -1.1104051, 39.11546, 0.48999998, 0.97223175
274, 195690, -0.0011999999405816197, False, 36.358543, 0.1384341, 0.0, 1.6371762, 39.098175, 0.48999998, 0.92579496
274, 195691, -0.0011999999405816197, False, 36.23854, -0.20647234, 0.0, 3.9636412, 39.068336, 0.48999998, 0.73553133
274, 195692, -0.0011999999405816197, False, 36.118538, -0.71246505, 0.0, 6.0319915, 39.00946, 0.48999998, 0.4176522
274, 195693, -0.0011999999405816197, False, 35.998535, -2.5180875e-15, 0.0, 6.5018406e-15, 39.009308, 0.48999998, 0.49934366
274, 195694, -0.0011999999405816197, False, 35.878532, 1.7120957e-11, 0.0, -3.845339e-11, 39.009308, 0.48999998, 0.49999726
274, 195695, -0.0011999999405816197, False, 35.75853, 1.6336462e-13, 0.0, -5.027706e-13, 39.009308, 0.48999998, 0.50000244
274, 195696, -0.0011999999405816197, False, 35.638527, 0.0, 0.0, 0.0, 39.009308, 0.48999998, 0.50000256
274, 195697, -0.0011999999405816197, False, 35.518524, 0.0, 0.0, 0.0, 39.009308, 0.48999998, 0.50000256
274, 195698, -0.0011999999405816197, False, 35.39852, 0.0, 0.0, 0.0, 39.009308, 0.48999998, 0.50000256
274, 195699, -0.0011999999405816197, False, 35.27852, 0.0, 0.0, 0.0, 39.009308, 0.48999998, 0.50000256
274, 195700, -0.0011999999405816197, False, 35.158516, -0.16571933, 0.0, -2.474433, 38.996334, 0.48999998, 0.59944
274, 195701, -0.0011999999405816197, False, 35.038513, -0.5343289, 0.0, -4.692529, 38.952602, 0.48999998, 0.8349139
274, 195702, -0.0011999999405816197, False, 34.91851, -1.0623163, 0.0, -6.6607833, 38.86507, 0.48999998, 1.189421
274, 195703, -0.0011999999405816197, False, 34.798508, -1.2811148, 0.0, -2.7936282, 38.81852, 0.48999998, 1.4401096
274, 195704, -0.0011999999405816197, False, 34.678505, -1.4981859, 0.0, -4.893395, 38.74648, 0.48999998, 1.6963049
274, 195705, -0.0011999999405816197, False, 34.558502, -0.9512101, 0.0, -1.4508249, 38.719765, 0.48999998, 1.8618715
274, 195706, -0.0011999999405816197, False, 34.4385, -0.6771417, 0.0, 1.3013062, 38.769802, 0.48999998, 1.8561331
274, 195707, -0.0011999999405816197, False, 34.318497, -0.35461682, 0.0, -1.52286, 38.78309, 0.48999998, 1.903034
274, 195708, -0.0011999999405816197, False, 34.198494, -0.2449345, 0.0, 1.2822338, 38.802513, 0.48999998, 1.8809019
274, 195709, -0.0011999999405816197, False, 34.07849, -0.48077968, 0.0, 3.611525, 38.84819, 0.48999998, 1.7143509
274, 195710, -0.0011999999405816197, False, 33.95849, -0.90991235, 0.0, 5.691033, 38.902977, 0.48999998, 1.4150221
274, 195711, -0.0011999999405816197, False, 33.838486, -0.5543434, 0.0, 3.4671314, 38.942696, 0.48999998, 1.1665915
274, 195712, -0.0011999999405816197, False, 33.718483, -0.9575252, 0.0, 5.5548043, 38.969807, 0.48999998, 0.8712741
274, 195713, -0.0011999999405816197, False, 33.59848, -0.5822321, 0.0, 3.37765, 38.98601, 0.48999998, 0.6260245
274, 195714, -0.0011999999405816197, False, 33.478477, 0.0, 0.0, 0.0, 38.98782, 0.48999998, 0.4890859
274, 195715, -0.0011999999405816197, False, 33.358475, -2.8204208e-10, 0.0, 8.6801155e-10, 38.98782, 0.48999998, 0.49991518
274, 195716, -0.0011999999405816197, False, 33.238472, -2.6682042e-13, 0.0, 8.2116605e-13, 38.98782, 0.48999998, 0.5000018
274, 195717, -0.0011999999405816197, False, 33.11847, -1.2993963e-22, 0.0, -4.2221123e-23, 38.98782, 0.48999998, 0.5000025
274, 195718, -0.0011999999405816197, False, 32.998466, 0.0, 0.0, 0.0, 38.987762, 0.48999998, 0.5000025
274, 195719, -0.0011999999405816197, False, 32.878464, 0.0, 0.0, 0.0, 38.987762, 0.48999998, 0.5000025
274, 195720, -0.0011999999405816197, False, 32.75846, 0.0, 0.0, 0.0, 38.987762, 0.48999998, 0.5000025
274, 195721, -0.0011999999405816197, False, 32.63846, -0.16571933, 0.0, -2.474433, 38.985252, 0.48999998, 0.6002514
274, 195722, -0.0011999999405816197, False, 32.518456, -0.53432846, 0.0, -4.6925287, 38.96637, 0.48999998, 0.8390067
274, 195723, -0.0011999999405816197, False, 32.398453, -0.40843278, 0.0, -1.1233829, 38.96469, 0.48999998, 0.97883576
274, 195724, -0.0011999999405816197, False, 32.27845, -0.29620406, 0.0, 1.5788175, 38.98651, 0.48999998, 0.93668133
274, 195725, -0.0011999999405816197, False, 32.158447, -0.55233014, 0.0, 3.8746877, 39.01903, 0.48999998, 0.7499604
274, 195726, -0.0011999999405816197, False, 32.038445, -0.5579462, 0.0, 2.219183, 39.042572, 0.48999998, 0.584802
274, 195727, -0.0011999999405816197, False, 31.918442, 0.0, 0.0, 0.0, 39.04786, 0.48999998, 0.48963827
274, 195728, -0.0011999999405816197, False, 31.798439, 1.4910548e-10, 0.0, -7.014585e-10, 39.04786, 0.48999998, 0.49991953
274, 195729, -0.0011999999405816197, False, 31.678436, 4.844146e-13, 0.0, -2.2789015e-12, 39.04786, 0.48999998, 0.50000185
274, 195730, -0.0011999999405816197, False, 31.558434, 7.027883e-14, 0.0, -3.306221e-13, 39.04786, 0.48999998, 0.50000256
274, 195731, -0.0011999999405816197, False, 31.43843, -4.98467e-07, 1.4901161e-08, 4.7422463e-06, 39.04784, 0.48999998, 0.50000244
274, 195732, -0.0011999999405816197, False, 31.318428, -1.540744e-33, 0.0, -1.1439258e-38, 39.04784, 0.48999998, 0.50000256
274, 195733, -0.0011999999405816197, False, 31.198425, -0.16571933, 0.0, -2.474433, 39.04533, 0.48999998, 0.60025144
274, 195734, -0.0011999999405816197, False, 31.078423, -0.5343285, 0.0, -4.692529, 39.026447, 0.48999998, 0.8390067
274, 195735, -0.0011999999405816197, False, 30.95842, -0.61086476, 0.0, -2.7563012, 39.00689, 0.48999998, 1.0419697
274, 195736, -0.0011999999405816197, False, 30.838417, -0.9325955, 0.0, -4.9101377, 38.9564, 0.48999998, 1.2940975
274, 195737, -0.0011999999405816197, False, 30.718414, -0.73193425, 0.0, -1.3330512, 38.939728, 0.48999998, 1.4505961
274, 195738, -0.0011999999405816197, False, 30.598412, -0.51927483, 0.0, 1.4005363, 38.98084, 0.48999998, 1.4298556
274, 195739, -0.0011999999405816197, False, 30.478409, -0.7137771, 0.0, 3.6979592, 39.05934, 0.48999998, 1.2669257
274, 195740, -0.0011999999405816197, False, 30.358406, -1.115495, 0.0, 5.7495856, 39.158413, 0.48999998, 0.97275656
274, 195741, -0.0011999999405816197, False, 30.238403, -0.6805159, 0.0, 3.5075758, 39.23313, 0.48999998, 0.7280403
274, 195742, -0.0011999999405816197, False, 30.1184, -0.5763985, 0.0, 5.665133, 39.300556, 0.48999998, 0.43578073
274, 195743, -0.0011999999405816197, False, 29.998398, -3.7252903e-09, -1.4901161e-08, -2.7672306e-14, 39.30069, 0.48999998, 0.4994888
274, 195744, -0.0011999999405816197, False, 29.878395, -1.9587914e-12, 0.0, 1.8635267e-11, 39.30069, 0.48999998, 0.49999842
274, 195745, -0.0011999999405816197, False, 29.758392, 1.2392966e-08, 0.0, -5.830205e-08, 39.300682, 0.48999998, 0.5000025
274, 195746, -0.0011999999405816197, False, 29.63839, -4.5992207e-38, 0.0, -9.776327e-39, 39.300682, 0.48999998, 0.5000025
274, 195747, -0.0011999999405816197, False, 29.518387, 0.0, 0.0, 0.0, 39.300682, 0.48999998, 0.5000025
274, 195748, -0.0011999999405816197, False, 29.398384, 0.0, 0.0, 0.0, 39.300682, 0.48999998, 0.5000025
274, 195749, -0.0011999999405816197, False, 29.278381, 0.0, 0.0, 0.0, 39.300682, 0.48999998, 0.5000025
274, 195750, -0.0011999999405816197, False, 29.158379, -0.16571933, 0.0, -2.474433, 39.298172, 0.48999998, 0.6002514
274, 195751, -0.0011999999405816197, False, 29.038376, -0.5343285, 0.0, -4.692529, 39.27929, 0.48999998, 0.8390067
274, 195752, -0.0011999999405816197, False, 28.918373, -0.61533654, 0.0, -1.0710605, 39.280006, 0.48999998, 0.97948843
274, 195753, -0.0011999999405816197, False, 28.79837, -0.45468512, 0.0, 1.5991907, 39.316704, 0.48999998, 0.9410941
274, 195754, -0.0011999999405816197, False, 28.678368, -0.6828901, 0.0, 3.8810806, 39.376904, 0.48999998, 0.7593171
274, 195755, -0.0011999999405816197, False, 28.558365, -0.6348168, 0.0, 2.2168968, 39.423164, 0.48999998, 0.5977522
274, 195756, -0.0011999999405816197, False, 28.438362, -0.45851243, 0.0, 1.1360403, 39.448803, 0.48999998, 0.50820875
274, 195757, -0.0011999999405816197, False, 28.31836, -1.5491227e-09, -1.4901161e-08, 7.287756e-09, 39.449097, 0.48999998, 0.5000682
274, 195758, -0.0011999999405816197, False, 28.198357, -3.2417993e-05, 2.9802322e-08, 9.976953e-05, 39.44905, 0.48999998, 0.50000304
274, 195759, -0.0011999999405816197, False, 28.078354, -7.3266533e-34, 0.0, -2.3806405e-34, 39.44905, 0.48999998, 0.50000256
274, 195760, -0.0011999999405816197, False, 27.958351, -1.6944778e-06, 1.4901161e-08, 4.465206e-06, 39.448967, 0.48999998, 0.50000244
274, 195761, -0.0011999999405816197, False, 27.838348, 0.0, 0.0, 0.0, 39.448868, 0.48999998, 0.50000256
274, 195762, -0.0011999999405816197, False, 27.718346, 0.0, 0.0, 0.0, 39.448868, 0.48999998, 0.50000256
274, 195763, -0.0011999999405816197, False, 27.598343, 0.0, 0.0, 0.0, 39.448868, 0.48999998, 0.50000256
274, 195764, -0.0011999999405816197, False, 27.47834, 0.0, 0.0, 0.0, 39.448868, 0.48999998, 0.50000256
274, 195765, -0.0011999999405816197, False, 27.358337, 0.0, 0.0, 0.0, 39.448868, 0.48999998, 0.50000256
274, 195766, -0.0011999999405816197, False, 27.238335, -0.16571933, 0.0, -2.474433, 39.446358, 0.48999998, 0.60025144
274, 195767, -0.0011999999405816197, False, 27.118332, -0.08737393, 0.0, 0.6682062, 39.45298, 0.48999998, 0.61833483
274, 195768, -0.0011999999405816197, False, 26.99833, -0.2950813, 0.0, 3.0703304, 39.483425, 0.48999998, 0.48389006
274, 195769, -0.0011999999405816197, False, 26.878326, 0.0, 0.0, 0.0, 39.483513, 0.48999998, 0.49987367
274, 195770, -0.0011999999405816197, False, 26.758324, -1.8612156e-12, 0.0, 1.7706944e-11, 39.483513, 0.48999998, 0.5000015
274, 195771, -0.0011999999405816197, False, 26.63832, 1.2392971e-08, 1.4901161e-08, -5.830205e-08, 39.483505, 0.48999998, 0.5000025
274, 195772, -0.0011999999405816197, False, 26.518318, -4.4718343e-38, 0.0, -1.453028e-38, 39.483505, 0.48999998, 0.5000025
274, 195773, -0.0011999999405816197, False, 26.398315, -2.7225681e-08, 0.0, -1.2121932e-08, 39.48342, 0.48999998, 0.5000025
274, 195774, -0.0011999999405816197, False, 26.278313, -3.283838e-38, 0.0, -1.4620924e-38, 39.48342, 0.48999998, 0.5000025
274, 195775, -0.0011999999405816197, False, 26.15831, 0.0, 0.0, 0.0, 39.48342, 0.48999998, 0.5000025
274, 195776, -0.0011999999405816197, False, 26.038307, 0.0, 0.0, 0.0, 39.48342, 0.48999998, 0.5000025
274, 195777, -0.0011999999405816197, False, 25.918304, 0.0, 0.0, 0.0, 39.48342, 0.48999998, 0.5000025
274, 195778, -0.0011999999405816197, False, 25.798302, 0.0, 0.0, 0.0, 39.48342, 0.48999998, 0.5000025
274, 195779, -0.0011999999405816197, False, 25.678299, 0.0, 0.0, 0.0, 39.48342, 0.48999998, 0.5000025
274, 195780, -0.0011999999405816197, False, 25.558296, 0.0, 0.0, 0.0, 39.48342, 0.48999998, 0.5000025
274, 195781, -0.0011999999405816197, False, 25.438293, 0.0, 0.0, 0.0, 39.48342, 0.48999998, 0.5000025
274, 195782, -0.0011999999405816197, False, 25.31829, 0.0, 0.0, 0.0, 39.48342, 0.48999998, 0.5000025
274, 195783, -0.0011999999405816197, False, 25.198288, 0.0, 0.0, 0.0, 39.48342, 0.48999998, 0.5000025
274, 195784, -0.0011999999405816197, False, 25.078285, 0.0, 0.0, 0.0, 39.48342, 0.48999998, 0.5000025
274, 195785, -0.0011999999405816197, False, 24.958282, 0.0, 0.0, 0.0, 39.48342, 0.48999998, 0.5000025
274, 195786, -0.0011999999405816197, False, 24.83828, 0.0, 0.0, 0.0, 39.48342, 0.48999998, 0.5000025
274, 195787, -0.0011999999405816197, False, 24.718277, 0.0, 0.0, 0.0, 39.48342, 0.48999998, 0.5000025
274, 195788, -0.0011999999405816197, False, 24.598274, 0.0, 0.0, 0.0, 39.48342, 0.48999998, 0.5000025
274, 195789, -0.0011999999405816197, False, 24.478271, 0.0, 0.0, 0.0, 39.48342, 0.48999998, 0.5000025
274, 195790, -0.0011999999405816197, False, 24.358269, 0.0, 0.0, 0.0, 39.48342, 0.48999998, 0.5000025
274, 195791, -0.0011999999405816197, False, 24.238266, 0.0, 0.0, 0.0, 39.48342, 0.48999998, 0.5000025
274, 195792, -0.0011999999405816197, False, 24.118263, 0.0, 0.0, 0.0, 39.48342, 0.48999998, 0.5000025
274, 195793, -0.0011999999405816197, False, 23.99826, 0.0, 0.0, 0.0, 39.48342, 0.48999998, 0.5000025
274, 195794, -0.0011999999405816197, False, 23.878258, 0.0, 0.0, 0.0, 39.48342, 0.48999998, 0.5000025
274, 195795, -0.0011999999405816197, False, 23.758255, 0.0, 0.0, 0.0, 39.48342, 0.48999998, 0.5000025
274, 195796, -0.0011999999405816197, False, 23.638252, 0.0, 0.0, 0.0, 39.48342, 0.48999998, 0.5000025
274, 195797, -0.0011999999405816197, False, 23.51825, 0.0, 0.0, 0.0, 39.48342, 0.48999998, 0.5000025
274, 195798, -0.0011999999405816197, False, 23.398247, 0.0, 0.0, 0.0, 39.48342, 0.48999998, 0.5000025
274, 195799, -0.0011999999405816197, False, 23.278244, 0.0, 0.0, 0.0, 39.48342, 0.48999998, 0.5000025
274, 195800, -0.0011999999405816197, False, 23.158241, 0.0, 0.0, 0.0, 39.48342, 0.48999998, 0.5000025
274, 195801, -0.0011999999405816197, False, 23.038239, 0.0, 0.0, 0.0, 39.48342, 0.48999998, 0.5000025
274, 195802, -0.0011999999405816197, False, 22.918236, 0.0, 0.0, 0.0, 39.48342, 0.48999998, 0.5000025
274, 195803, -0.0011999999405816197, False, 22.798233, 0.0, 0.0, 0.0, 39.48342, 0.48999998, 0.5000025
274, 195804, -0.0011999999405816197, False, 22.67823, 0.0, 0.0, 0.0, 39.48342, 0.48999998, 0.5000025
274, 195805, -0.0011999999405816197, False, 22.558228, 0.0, 0.0, 0.0, 39.48342, 0.48999998, 0.5000025
274, 195806, -0.0011999999405816197, False, 22.438225, 0.0, 0.0, 0.0, 39.48342, 0.48999998, 0.5000025
274, 195807, -0.0011999999405816197, False, 22.318222, 0.0, 0.0, 0.0, 39.483376, 0.48999998, 0.5000025
274, 195808, -0.0011999999405816197, False, 22.19822, 0.0, 0.0, 0.0, 39.483376, 0.48999998, 0.5000025
274, 195809, -0.0011999999405816197, False, 22.078217, 0.0, 0.0, 0.0, 39.483376, 0.48999998, 0.5000025
274, 195810, -0.0011999999405816197, False, 21.958214, 0.0, 0.0, 0.0, 39.483376, 0.48999998, 0.5000025
274, 195811, -0.0011999999405816197, False, 21.838211, 0.0, 0.0, 0.0, 39.483376, 0.48999998, 0.5000025
274, 195812, -0.0011999999405816197, False, 21.718208, 0.0, 0.0, 0.0, 39.483376, 0.48999998, 0.5000025
274, 195813, -0.0011999999405816197, False, 21.598206, 0.0, 0.0, 0.0, 39.483376, 0.48999998, 0.5000025
274, 195814, -0.0011999999405816197, False, 21.478203, 0.0, 0.0, 0.0, 39.48333, 0.48999998, 0.5000025
274, 195815, -0.0011999999405816197, False, 21.3582, 0.0, 0.0, 0.0, 39.48333, 0.48999998, 0.5000025
274, 195816, -0.0011999999405816197, False, 21.238197, 0.0, 0.0, 0.0, 39.48333, 0.48999998, 0.5000025
274, 195817, -0.0011999999405816197, False, 21.118195, 0.0, 0.0, 0.0, 39.48333, 0.48999998, 0.5000025
274, 195818, -0.0011999999405816197, False, 20.998192, 0.0, 0.0, 0.0, 39.48333, 0.48999998, 0.5000025
274, 195819, -0.0011999999405816197, False, 20.87819, 0.0, 0.0, 0.0, 39.48333, 0.48999998, 0.5000025
274, 195820, -0.0011999999405816197, False, 20.758186, 0.0, 0.0, 0.0, 39.48333, 0.48999998, 0.5000025
274, 195821, -0.0011999999405816197, False, 20.638184, -7.40976e-09, 1.4901161e-08, -7.788547e-10, 39.48333, 0.48999998, 0.5000025
274, 195822, -0.0011999999405816197, False, 20.51818, 0.0, 0.0, 0.0, 39.48333, 0.48999998, 0.5000025
274, 195823, -0.0011999999405816197, False, 20.398178, 0.0, 1.4901161e-08, 0.0, 39.483284, 0.48999998, 0.5000025
274, 195824, -0.0011999999405816197, False, 20.278175, 0.0, 0.0, 0.0, 39.483284, 0.48999998, 0.5000025
274, 195825, -0.0011999999405816197, False, 20.158173, 0.0, 0.0, 0.0, 39.483284, 0.48999998, 0.5000025
274, 195826, -0.0011999999405816197, False, 20.03817, 0.0, 0.0, 0.0, 39.483284, 0.48999998, 0.5000025
274, 195827, -0.0011999999405816197, False, 19.918167, 0.0, 0.0, 0.0, 39.483284, 0.48999998, 0.5000025
274, 195828, -0.0011999999405816197, False, 19.798164, 0.0, 0.0, 0.0, 39.483284, 0.48999998, 0.5000025
274, 195829, -0.0011999999405816197, False, 19.678162, 0.0, 0.0, 0.0, 39.483284, 0.48999998, 0.5000025
274, 195830, -0.0011999999405816197, False, 19.558159, 0.0, 0.0, 0.0, 39.483284, 0.48999998, 0.5000025
274, 195831, -0.0011999999405816197, False, 19.438156, 0.0, 0.0, 0.0, 39.483284, 0.48999998, 0.5000025
274, 195832, -0.0011999999405816197, False, 19.318153, 0.0, 0.0, 0.0, 39.483284, 0.48999998, 0.5000025
274, 195833, -0.0011999999405816197, False, 19.19815, 0.0, 0.0, 0.0, 39.483284, 0.48999998, 0.5000025
274, 195834, -0.0011999999405816197, False, 19.078148, 0.0, 0.0, 0.0, 39.483284, 0.48999998, 0.5000025
274, 195835, -0.0011999999405816197, False, 18.958145, 0.0, 0.0, 0.0, 39.483284, 0.48999998, 0.5000025
274, 195836, -0.0011999999405816197, False, 18.838142, 0.0, 0.0, 0.0, 39.483284, 0.48999998, 0.5000025
274, 195837, -0.0011999999405816197, False, 18.71814, 0.0, 0.0, 0.0, 39.483284, 0.48999998, 0.5000025
274, 195838, -0.0011999999405816197, False, 18.598137, 0.0, 0.0, 0.0, 39.483284, 0.48999998, 0.5000025
274, 195839, -0.0011999999405816197, False, 18.478134, 0.0, 0.0, 0.0, 39.483284, 0.48999998, 0.5000025
274, 195840, -0.0011999999405816197, False, 18.358131, 0.0, 0.0, 0.0, 39.483284, 0.48999998, 0.5000025
274, 195841, -0.0011999999405816197, False, 18.238129, 0.0, 0.0, 0.0, 39.483284, 0.48999998, 0.5000025
274, 195842, -0.0011999999405816197, False, 18.118126, 0.0, 0.0, 0.0, 39.483284, 0.48999998, 0.5000025
274, 195843, -0.0011999999405816197, False, 17.998123, 0.0, 0.0, 0.0, 39.483284, 0.48999998, 0.5000025
274, 195844, -0.0011999999405816197, False, 17.87812, 0.0, 0.0, 0.0, 39.483284, 0.48999998, 0.5000025
274, 195845, -0.0011999999405816197, False, 17.758118, 0.0, 0.0, 0.0, 39.483284, 0.48999998, 0.5000025
274, 195846, -0.0011999999405816197, False, 17.638115, 0.0, 0.0, 0.0, 39.483284, 0.48999998, 0.5000025
274, 195847, -0.0011999999405816197, False, 17.518112, 0.0, 0.0, 0.0, 39.483284, 0.48999998, 0.5000025
274, 195848, -0.0011999999405816197, False, 17.39811, 0.0, 0.0, 0.0, 39.483284, 0.48999998, 0.5000025
274, 195849, -0.0011999999405816197, False, 17.278107, -2.1825501e-09, 0.0, -6.1400286e-08, 39.483276, 0.48999998, 0.5000025
274, 195850, -0.0011999999405816197, False, 17.158104, 0.0, 0.0, 0.0, 39.483276, 0.48999998, 0.5000025
274, 195851, -0.0011999999405816197, False, 17.038101, 2.7225681e-08, -1.4901161e-08, 1.2121927e-08, 39.483192, 0.48999998, 0.5000025
274, 195852, -0.0011999999405816197, False, 16.918098, 7.650011e-38, -1.4901161e-08, -1.718182e-37, 39.483192, 0.48999998, 0.5000025
274, 195853, -0.0011999999405816197, False, 16.798096, 0.0, -1.4901161e-08, 0.0, 39.483192, 0.48999998, 0.5000025
274, 195854, -0.0011999999405816197, False, 16.678093, 0.0, -1.4901161e-08, 0.0, 39.483192, 0.48999998, 0.5000025
274, 195855, -0.0011999999405816197, False, 16.55809, 0.0, -1.4901161e-08, 0.0, 39.483192, 0.48999998, 0.5000025
274, 195856, -0.0011999999405816197, False, 16.438087, 0.0, -1.4901161e-08, 0.0, 39.483192, 0.48999998, 0.5000025
274, 195857, -0.0011999999405816197, False, 16.318085, 0.0, -1.4901161e-08, 0.0, 39.483192, 0.48999998, 0.5000025
274, 195858, -0.0011999999405816197, False, 16.198082, 0.0, -1.4901161e-08, 0.0, 39.483192, 0.48999998, 0.5000025
274, 195859, -0.0011999999405816197, False, 16.07808, 0.0, 0.0, 0.0, 39.483192, 0.48999998, 0.5000025
274, 195860, -0.0011999999405816197, False, 15.958078, 0.0, 0.0, 0.0, 39.483192, 0.48999998, 0.5000025
274, 195861, -0.0011999999405816197, False, 15.8380785, 2.8343617e-08, -1.4901161e-08, 9.209654e-09, 39.483147, 0.48999998, 0.5000025
274, 195862, -0.0011999999405816197, False, 15.718079, 5.812109e-38, -1.4901161e-08, -1.7887337e-37, 39.483147, 0.48999998, 0.5000025
274, 195863, -0.0011999999405816197, False, 15.598079, 0.0, -1.4901161e-08, 0.0, 39.483147, 0.48999998, 0.5000025
274, 195864, -0.0011999999405816197, False, 15.478079, 0.0, -1.4901161e-08, 0.0, 39.483147, 0.48999998, 0.5000025
274, 195865, -0.0011999999405816197, False, 15.358079, 0.0, -1.4901161e-08, 0.0, 39.483147, 0.48999998, 0.5000025
274, 195866, -0.0011999999405816197, False, 15.238079, 0.0, -1.4901161e-08, 0.0, 39.483147, 0.48999998, 0.5000025
274, 195867, -0.0011999999405816197, False, 15.118079, 0.0, -1.4901161e-08, 0.0, 39.483147, 0.48999998, 0.5000025
274, 195868, -0.0011999999405816197, False, 14.998079, 0.16571939, -1.4901161e-08, -2.474433, 39.46476, 0.48999998, 0.59858257
274, 195869, -0.0011999999405816197, False, 14.878079, 0.08737397, -1.4901161e-08, 0.6682059, 39.45452, 0.48999998, 0.61489344
274, 195870, -0.0011999999405816197, False, 14.75808, -0.16044077, -1.4901161e-08, 3.0847337, 39.447598, 0.48999998, 0.47704944
274, 195871, -0.0011999999405816197, False, 14.63808, 9.869877e-10, 0.0, -4.6432307e-09, 39.447594, 0.48999998, 0.49981892
274, 195872, -0.0011999999405816197, False, 14.51808, 0.0, 1.4901161e-08, 0.0, 39.447536, 0.48999998, 0.5000011
274, 195873, -0.0011999999405816197, False, 14.39808, 2.7225681e-08, -1.4901161e-08, 1.2121927e-08, 39.447453, 0.48999998, 0.50000256
274, 195874, -0.0011999999405816197, False, 14.27808, -5.7652623e-30, -1.4901161e-08, -2.5669178e-30, 39.447453, 0.48999998, 0.50000256
274, 195875, -0.0011999999405816197, False, 14.15808, 0.0, -1.4901161e-08, 0.0, 39.447453, 0.48999998, 0.50000256
274, 195876, -0.0011999999405816197, False, 14.03808, 0.0, -1.4901161e-08, 0.0, 39.447453, 0.48999998, 0.50000256
274, 195877, -0.0011999999405816197, False, 13.91808, 0.0, -1.4901161e-08, 0.0, 39.447453, 0.48999998, 0.50000256
274, 195878, -0.0011999999405816197, False, 13.79808, 0.0, -1.4901161e-08, 0.0, 39.447453, 0.48999998, 0.50000256
274, 195879, -0.0011999999405816197, False, 13.678081, 0.0, -1.4901161e-08, 0.0, 39.447453, 0.48999998, 0.50000256
274, 195880, -0.0011999999405816197, False, 13.558081, 0.0, -1.4901161e-08, 0.0, 39.447453, 0.48999998, 0.50000256
274, 195881, -0.0011999999405816197, False, 13.438081, 0.16571939, -1.4901161e-08, -2.474433, 39.429066, 0.48999998, 0.5985826
274, 195882, -0.0011999999405816197, False, 13.318081, 0.22882813, -1.4901161e-08, -1.3204387, 39.4118, 0.48999998, 0.6982131
274, 195883, -0.0011999999405816197, False, 13.198081, 0.048437446, -1.4901161e-08, 1.4915091, 39.40147, 0.48999998, 0.6600728
274, 195884, -0.0011999999405816197, False, 13.078081, -0.2658003, -1.4901161e-08, 3.8242457, 39.377163, 0.48999998, 0.47747865
274, 195885, -0.0011999999405816197, False, 12.958081, 1.4669319e-09, 0.0, -4.514625e-09, 39.377106, 0.48999998, 0.49982235
274, 195886, -0.0011999999405816197, False, 12.838081, 0.0, 0.0, 0.0, 39.377014, 0.48999998, 0.50000113
274, 195887, -0.0011999999405816197, False, 12.718081, -2.3614514e-26, 0.0, -1.0514095e-26, 39.377014, 0.48999998, 0.50000256
274, 195888, -0.0011999999405816197, False, 12.598082, -1.4452014e-06, -1.4901161e-08, 4.5441893e-06, 39.376915, 0.48999998, 0.50000244
274, 195889, -0.0011999999405816197, False, 12.478082, 0.0, 0.0, 0.0, 39.376915, 0.48999998, 0.50000256
274, 195890, -0.0011999999405816197, False, 12.358082, 0.0, 0.0, 0.0, 39.376915, 0.48999998, 0.50000256
274, 195891, -0.0011999999405816197, False, 12.238082, 0.0, 0.0, 0.0, 39.376915, 0.48999998, 0.50000256
274, 195892, -0.0011999999405816197, False, 12.118082, 0.0, 0.0, 0.0, 39.376915, 0.48999998, 0.50000256
274, 195893, -0.0011999999405816197, False, 11.998082, 4.9216686e-07, 1.4901161e-08, 4.6829764e-06, 39.376915, 0.48999998, 0.50000244
274, 195894, -0.0011999999405816197, False, 11.878082, 0.16571924, 0.0, -2.4744282, 39.36893, 0.48999998, 0.5999642
274, 195895, -0.0011999999405816197, False, 11.758082, 0.08737327, 0.0, 0.66820914, 39.36045, 0.48999998, 0.61725587
274, 195896, -0.0011999999405816197, False, 11.6380825, -0.16044149, 0.0, 3.084736, 39.339153, 0.48999998, 0.48089078
274, 195897, -0.0011999999405816197, False, 11.518083, 2.8343617e-08, -2.9802322e-08, 9.209654e-09, 39.338978, 0.48999998, 0.49984968
274, 195898, -0.0011999999405816197, False, 11.398083, 3.4914968e-12, 0.0, -1.074542e-11, 39.338978, 0.48999998, 0.5000013
274, 195899, -0.0011999999405816197, False, 11.278083, 5.711105e-14, 0.0, -2.6867663e-13, 39.338978, 0.48999998, 0.50000256
274, 195900, -0.0011999999405816197, False, 11.158083, 0.0, 0.0, 0.0, 39.338978, 0.48999998, 0.50000256
274, 195901, -0.0011999999405816197, False, 11.038083, 0.0, 0.0, 0.0, 39.338978, 0.48999998, 0.50000256
274, 195902, -0.0011999999405816197, False, 10.918083, 0.0, 0.0, 0.0, 39.338978, 0.48999998, 0.50000256
274, 195903, -0.0011999999405816197, False, 10.798083, 0.0, 0.0, 0.0, 39.338978, 0.48999998, 0.50000256
274, 195904, -0.0011999999405816197, False, 10.678083, -5.058762e-07, 0.0, 4.7414674e-06, 39.338978, 0.48999998, 0.50000244
274, 195905, -0.0011999999405816197, False, 10.558084, -3.2782555e-07, 0.0, -2.4810228, 39.349464, 0.48999998, 0.59976935
274, 195906, -0.0011999999405816197, False, 10.438084, 0.005776778, 0.0, 0.66621554, 39.349323, 0.48999998, 0.61696756
274, 195907, -0.0011999999405816197, False, 10.318084, -0.2231071, 0.0, 3.0759854, 39.317913, 0.48999998, 0.48285002
274, 195908, -0.0011999999405816197, False, 10.198084, 0.0, 0.0, 0.0, 39.317623, 0.48999998, 0.4998653
274, 195909, -0.0011999999405816197, False, 10.078084, -7.241877e-12, 0.0, 1.6265156e-11, 39.317623, 0.48999998, 0.5000015
274, 195910, -0.0011999999405816197, False, 9.958084, 2.8343617e-08, -1.4901161e-08, 9.209654e-09, 39.317524, 0.48999998, 0.5000025
274, 195911, -0.0011999999405816197, False, 9.838084, 3.9105285e-38, -1.4901161e-08, -1.8396883e-37, 39.317524, 0.48999998, 0.5000025
274, 195912, -0.0011999999405816197, False, 9.718084, 0.0, -1.4901161e-08, 0.0, 39.317524, 0.48999998, 0.5000025
274, 195913, -0.0011999999405816197, False, 9.598084, 0.0, -1.4901161e-08, 0.0, 39.317524, 0.48999998, 0.5000025
274, 195914, -0.0011999999405816197, False, 9.478085, 0.0, -1.4901161e-08, 0.0, 39.317524, 0.48999998, 0.5000025
274, 195915, -0.0011999999405816197, False, 9.358085, 0.0, -1.4901161e-08, 0.0, 39.317524, 0.48999998, 0.5000025
274, 195916, -0.0011999999405816197, False, 9.238085, 0.0, -1.4901161e-08, 0.0, 39.317524, 0.48999998, 0.5000025
274, 195917, -0.0011999999405816197, False, 9.118085, 0.0, 0.0, 0.0, 39.317524, 0.48999998, 0.5000025
274, 195918, -0.0011999999405816197, False, 8.998085, 0.0, 0.0, 0.0, 39.317524, 0.48999998, 0.5000025
274, 195919, -0.0011999999405816197, False, 8.878085, 2.8343617e-08, 1.4901161e-08, 9.209653e-09, 39.31748, 0.48999998, 0.5000025
274, 195920, -0.0011999999405816197, False, 8.758085, -5.812108e-38, 0.0, 1.7887337e-37, 39.31748, 0.48999998, 0.5000025
274, 195921, -0.0011999999405816197, False, 8.638085, 0.0, 0.0, 0.0, 39.31748, 0.48999998, 0.5000025
274, 195922, -0.0011999999405816197, False, 8.5180855, 0.0, 0.0, 0.0, 39.31748, 0.48999998, 0.5000025
274, 195923, -0.0011999999405816197, False, 8.398086, 0.0, 0.0, 0.0, 39.31748, 0.48999998, 0.5000025
274, 195924, -0.0011999999405816197, False, 8.278086, 0.0, 0.0, 0.0, 39.31748, 0.48999998, 0.5000025
274, 195925, -0.0011999999405816197, False, 8.158086, -0.16571933, 0.0, -2.474433, 39.31497, 0.48999998, 0.6002514
274, 195926, -0.0011999999405816197, False, 8.038086, -0.5343286, 0.0, -4.6925282, 39.296085, 0.48999998, 0.8390067
274, 195927, -0.0011999999405816197, False, 7.918086, -0.61086476, 0.0, -2.7563014, 39.276527, 0.48999998, 1.0419697
274, 195928, -0.0011999999405816197, False, 7.798086, -0.32088795, 0.0, 0.36814088, 39.290142, 0.48999998, 1.0817457
274, 195929, -0.0011999999405816197, False, 7.6780863, -0.44160494, 0.0, 2.7847862, 39.328274, 0.48999998, 0.9659869
274, 195930, -0.0011999999405816197, False, 7.5580864, -0.79429156, 0.0, 4.949364, 39.375908, 0.48999998, 0.7126482
274, 195931, -0.0011999999405816197, False, 7.4380865, -0.7862568, 0.0, 2.9105022, 39.41032, 0.48999998, 0.49820602
274, 195932, -0.0011999999405816197, False, 7.3180866, 3.6307516e-11, 0.0, -1.7080679e-10, 39.41041, 0.48999998, 0.49998814
274, 195933, -0.0011999999405816197, False, 7.1980867, 0.0, 1.4901161e-08, 0.0, 39.410366, 0.48999998, 0.5000025
274, 195934, -0.0011999999405816197, False, 7.078087, 0.0, 0.0, 0.0, 39.410366, 0.48999998, 0.5000025
274, 195935, -0.0011999999405816197, False, 6.958087, 2.7225681e-08, -1.4901161e-08, 1.2121925e-08, 39.410282, 0.48999998, 0.5000025
274, 195936, -0.0011999999405816197, False, 6.838087, 0.16571963, -1.4901161e-08, -2.4744322, 39.45335, 0.48999998, 0.5905633
274, 195937, -0.0011999999405816197, False, 6.718087, 0.0698591, -1.4901161e-08, 0.6570153, 39.458057, 0.48999998, 0.6074878
274, 195938, -0.0011999999405816197, False, 6.5980873, 0.28048837, -1.4901161e-08, 3.0616007, 39.401382, 0.48999998, 0.4825325
274, 195939, -0.0011999999405816197, False, 6.4780874, -2.498026e-16, 0.0, 1.1750267e-15, 39.401222, 0.48999998, 0.4998627
274, 195940, -0.0011999999405816197, False, 6.3580875, 1.8036719e-12, 0.0, -1.715953e-11, 39.401222, 0.48999998, 0.50000143
274, 195941, -0.0011999999405816197, False, 6.2380877, -1.8683398e-18, 0.0, 3.377637e-13, 39.401222, 0.48999998, 0.50000256
274, 195942, -0.0011999999405816197, False, 6.118088, -6.9917e-40, 0.0, 9.62965e-35, 39.401222, 0.48999998, 0.50000256
274, 195943, -0.0011999999405816197, False, 5.998088, -4.9846614e-07, 0.0, 4.7422463e-06, 39.401222, 0.48999998, 0.50000244
274, 195944, -0.0011999999405816197, False, 5.878088, -0.16571921, 0.0, -2.4744277, 39.409206, 0.48999998, 0.5999641
274, 195945, -0.0011999999405816197, False, 5.758088, -0.22882777, 0.0, -1.3204362, 39.415966, 0.48999998, 0.70085317
274, 195946, -0.0011999999405816197, False, 5.638088, -0.15997857, 0.0, -0.56416583, 39.41923, 0.48999998, 0.7496214
274, 195947, -0.0011999999405816197, False, 5.5180883, -0.20749651, 0.0, 1.9621848, 39.43724, 0.48999998, 0.6829783
274, 195948, -0.0011999999405816197, False, 5.3980885, -0.51860785, 0.0, 4.2271996, 39.46751, 0.48999998, 0.47437674
274, 195949, -0.0011999999405816197, False, 5.2780886, -1.1789334e-09, 0.0, -6.0056934e-08, 39.467598, 0.48999998, 0.49979752
274, 195950, -0.0011999999405816197, False, 5.1580887, -7.731523e-12, 0.0, 3.6372537e-11, 39.467598, 0.48999998, 0.50000083
274, 195951, -0.0011999999405816197, False, 5.038089, -1.4267814e-06, -1.4901161e-08, 4.4875023e-06, 39.467552, 0.48999998, 0.50000244
274, 195952, -0.0011999999405816197, False, 4.918089, 0.0, 0.0, 0.0, 39.46747, 0.48999998, 0.50000256
274, 195953, -0.0011999999405816197, False, 4.798089, 0.0, 0.0, 0.0, 39.46747, 0.48999998, 0.50000256
274, 195954, -0.0011999999405816197, False, 4.678089, 0.0, 0.0, 0.0, 39.46747, 0.48999998, 0.50000256
274, 195955, -0.0011999999405816197, False, 4.5580893, 0.0, 0.0, 0.0, 39.46747, 0.48999998, 0.50000256
274, 195956, -0.0011999999405816197, False, 4.4380894, 0.0, 0.0, 0.0, 39.46747, 0.48999998, 0.50000256
274, 195957, -0.0011999999405816197, False, 4.3180895, 0.0, 0.0, 0.0, 39.46747, 0.48999998, 0.50000256
274, 195958, -0.0011999999405816197, False, 4.1980896, 0.0, 0.0, 0.0, 39.46747, 0.48999998, 0.50000256
274, 195959, -0.0011999999405816197, False, 4.0780897, 0.0, 0.0, 0.0, 39.46747, 0.48999998, 0.50000256
274, 195960, -0.0011999999405816197, False, 3.9580898, 0.0, 0.0, 0.0, 39.46747, 0.48999998, 0.50000256
274, 195961, -0.0011999999405816197, False, 3.83809, 0.0, 0.0, 0.0, 39.46747, 0.48999998, 0.50000256
274, 195962, -0.0011999999405816197, False, 3.71809, -1.4735444e-06, 1.4901161e-08, 4.53498e-06, 39.467422, 0.48999998, 0.50000244
274, 195963, -0.0011999999405816197, False, 3.5980902, 2.7225681e-08, -1.4901161e-08, 1.2121925e-08, 39.46734, 0.48999998, 0.50000256
274, 195964, -0.0011999999405816197, False, 3.4780903, -2.0486987e-06, -1.4901161e-08, 4.3232285e-06, 39.46721, 0.48999998, 0.50000244
274, 195965, -0.0011999999405816197, False, 3.3580904, 0.0, 0.0, 0.0, 39.46721, 0.48999998, 0.50000256
274, 195966, -0.0011999999405816197, False, 3.2380905, 0.0, 0.0, 0.0, 39.46721, 0.48999998, 0.50000256
274, 195967, -0.0011999999405816197, False, 3.1180906, 0.0, 0.0, 0.0, 39.46721, 0.48999998, 0.50000256
274, 195968, -0.0011999999405816197, False, 2.9980907, 0.0, 0.0, 0.0, 39.46721, 0.48999998, 0.50000256
274, 195969, -0.0011999999405816197, False, 2.8780909, 0.0, 0.0, 0.0, 39.46721, 0.48999998, 0.50000256
274, 195970, -0.0011999999405816197, False, 2.758091, 0.0, 0.0, 0.0, 39.46721, 0.48999998, 0.50000256
274, 195971, -0.0011999999405816197, False, 2.638091, -0.1657193, 0.0, -2.4744322, 39.454235, 0.48999998, 0.59944
274, 195972, -0.0011999999405816197, False, 2.5180912, -0.087374, 0.0, 0.6682061, 39.458935, 0.48999998, 0.61811686
274, 195973, -0.0011999999405816197, False, 2.3980913, -0.11285651, -1.4901161e-08, 2.4069586, 39.496944, 0.48917377, 0.49874955
274, 195974, -0.0011999999405816197, False, 2.2780914, 0.0, 0.0, 0.0, 39.497433, 0.4894356, 0.4999925
274, 195975, -0.0011999999405816197, False, 2.1580915, 5.071572e-18, 1.4901161e-08, -6.5776724e-13, 39.497433, 0.489995, 0.50000256
274, 195976, -0.0011999999405816197, False, 2.0380917, -5.058762e-07, 0.0, 4.7414674e-06, 39.497433, 0.489997, 0.50000244
274, 195977, -0.0011999999405816197, False, 1.9180918, 1.5432424e-30, 0.0, 3.2803888e-31, 39.497433, 0.48999998, 0.50000256
274, 195978, -0.0011999999405816197, False, 1.7980919, -1.4735444e-06, 1.4901161e-08, 4.534979e-06, 39.497387, 0.48999998, 0.50000244
274, 195979, -0.0011999999405816197, False, 1.678092, 2.7225681e-08, -1.4901161e-08, 1.2121925e-08, 39.497303, 0.48999998, 0.50000256
274, 195980, -0.0011999999405816197, False, 1.5580921, -5.7652623e-30, -1.4901161e-08, -2.5669174e-30, 39.497303, 0.48999998, 0.50000256
274, 195981, -0.0011999999405816197, False, 1.4380922, 0.0, -1.4901161e-08, 0.0, 39.497303, 0.48999998, 0.50000256
274, 195982, -0.0011999999405816197, False, 1.3180923, 0.0, -1.4901161e-08, 0.0, 39.497303, 0.48999998, 0.50000256
274, 195983, -0.0011999999405816197, False, 1.1980925, 0.0, -1.4901161e-08, 0.0, 39.497303, 0.48999998, 0.50000256
274, 195984, -0.0011999999405816197, False, 1.0780926, 0.0, -1.4901161e-08, 0.0, 39.497303, 0.48999998, 0.50000256
274, 195985, -0.0011999999405816197, False, 0.9580926, -5.058762e-07, 0.0, 4.7414674e-06, 39.497303, 0.48999998, 0.50000244
274, 195986, -0.0011999999405816197, False, 0.8380925, 0.0, 0.0, 0.0, 39.497303, 0.48999998, 0.50000256
274, 195987, -0.0011999999405816197, False, 0.71809244, -1.4735444e-06, 1.4901161e-08, 4.534979e-06, 39.497257, 0.48999998, 0.50000244
274, 195988, -0.0011999999405816197, False, 0.5980924, 2.7225681e-08, -1.4901161e-08, 1.2121925e-08, 39.497173, 0.48999998, 0.50000256
274, 195989, -0.0011999999405816197, False, 0.47809234, -2.0486987e-06, -1.4901161e-08, 4.3232285e-06, 39.497044, 0.48999998, 0.50000244
274, 195990, -0.0011999999405816197, False, 0.35809237, 0.0, 0.0, 0.0, 39.497044, 0.48999998, 0.50000256
274, 195991, -0.0011999999405816197, False, 0.2380924, 0.0, 0.0, 0.0, 39.497044, 0.48999998, 0.50000256
274, 195992, -0.0011999999405816197, False, 0.11809241, 0.0, 0.0, 0.0, 39.497044, 0.48999998, 0.50000256
274, 195993, -0.0011999999405816197, True, 0.0, 0.0, 0.0, 0.0, 39.497044, 0.48999998, 0.50000256
