episode, step, reward, done, health, vx, vy, vz, px, py, pz
2504, 1699421, 0.0, False, 99.96, 0.0, -0.1899216, 0.0, 20.0, 0.50620157, 15.0
2504, 1699422, -0.0011999999405816197, False, 99.84, 0.07695181, -0.06980896, -1.510284, 19.997782, 0.49034908, 14.952882
2504, 1699423, -0.0011999999405816197, False, 99.71999, 0.36367092, -0.0005579144, -3.7931688, 19.979998, 0.4900028, 14.7706995
2504, 1699424, -0.0011999999405816197, False, 99.59999, 0.8288605, -4.7683716e-06, -5.864388, 19.931368, 0.49000004, 14.460442
2504, 1699425, -0.0011999999405816197, False, 99.47999, 1.430614, 0.0, -7.691596, 19.83888, 0.49000004, 14.038213
2504, 1699426, -0.0011999999405816197, False, 99.359985, 1.7060993, 0.0, -3.6902866, 19.78741, 0.49000004, 13.726191
2504, 1699427, -0.0011999999405816197, False, 99.23998, 1.4275193, 0.0, -0.19742791, 19.822632, 0.49000004, 13.608022
2504, 1699428, -0.0011999999405816197, False, 99.11998, 1.2944484, 0.0, -2.5973487, 19.811485, 0.49000004, 13.474583
2504, 1699429, -0.0011999999405816197, False, 98.99998, 1.4874777, 0.0, -4.7167497, 19.695505, 0.49000004, 13.246754
2504, 1699430, -0.0011999999405816197, False, 98.879974, 1.8799686, 0.0, -6.6036224, 19.475788, 0.49000004, 12.94399
2504, 1699431, -0.0011999999405816197, False, 98.75997, 2.4135315, 0.0, -8.268225, 19.152803, 0.49000004, 12.585573
2504, 1699432, -0.0011999999405816197, False, 98.63997, 2.6112912, 0.0, -4.134019, 18.926159, 0.49000004, 12.300361
2504, 1699433, -0.0011999999405816197, False, 98.519966, 2.2723997, 0.0, -0.51906586, 18.882195, 0.49000004, 12.12796
2504, 1699434, -0.0011999999405816197, False, 98.39996, 1.65375, 0.0, 2.3541298, 18.993877, 0.49000004, 12.039338
2504, 1699435, -0.0011999999405816197, False, 98.27996, 0.9861747, 0.0, 4.7662582, 19.24131, 0.49000004, 11.999443
2504, 1699436, -0.0011999999405816197, False, 98.15996, 0.28936917, 0.0, 2.9042566, 19.45079, 0.49000004, 11.97857
2504, 1699437, -0.0011999999405816197, False, 98.039955, -0.00882183, 0.0, 1.6301531, 19.571411, 0.49000004, 11.966551
2504, 1699438, -0.0011999999405816197, False, 97.91995, -0.32492617, 0.0, 3.944388, 19.762066, 0.49000004, 11.94438
2504, 1699439, -0.0011999999405816197, False, 97.79995, -0.8109096, 0.0, 6.0043473, 20.080223, 0.49000004, 11.891961
2504, 1699440, -0.0011999999405816197, False, 97.67995, -1.428977, 0.0, 7.8192854, 20.509638, 0.49000004, 11.796134
2504, 1699441, -0.0011999999405816197, False, 97.559944, -2.1442623, 0.0, 9.401132, 21.0339, 0.49000004, 11.645612
2504, 1699442, -0.0011999999405816197, False, 97.43994, -0.8209014, 0.0, 11.15818, 21.639177, 0.49000004, 11.435519
2504, 1699443, -0.0011999999405816197, False, 97.31994, 0.498497, 0.0, 12.616733, 22.323586, 0.49000004, 11.183299
2504, 1699444, -0.0011999999405816197, False, 97.199936, -0.9181886, 0.0, 13.902381, 23.084446, 0.49000004, 10.904299
2504, 1699445, -0.0011999999405816197, False, 97.07993, 0.6691909, 0.0, 15.101487, 23.9121, 0.49000004, 10.594371
2504, 1699446, -0.0011999999405816197, False, 96.95993, 2.1829114, 0.0, 16.03563, 24.80456, 0.49000004, 10.268169
2504, 1699447, -0.0011999999405816197, False, 96.83993, 1.94029, 0.0, 17.028368, 25.759752, 0.49000004, 9.941294
2504, 1699448, -0.0011999999405816197, False, 96.719925, 1.7264042, 0.0, 17.928131, 26.772314, 0.49000004, 9.615912
2504, 1699449, -0.0011999999405816197, False, 96.59992, 3.3890443, 0.0, 18.487808, 27.837294, 0.49000004, 9.294195
2504, 1699450, -0.0011999999405816197, False, 96.47992, 3.0200758, 0.0, 19.254627, 28.951635, 0.49000004, 8.987645
2504, 1699451, -0.0011999999405816197, False, 96.35992, 2.6928468, 0.0, 19.949017, 30.110956, 0.49000004, 8.696924
2504, 1699452, -0.0011999999405816197, False, 96.239914, 0.33739138, 0.0, 20.723976, 31.31063, 0.49000004, 8.417531
2504, 1699453, -0.0011999999405816197, False, 96.11991, -1.1840475, 0.0, 13.353055, 32.22419, 0.49000004, 8.2077465
2504, 1699454, -0.0011999999405816197, False, 95.99991, -1.6440367, 0.0, 8.40511, 32.810734, 0.49000004, 8.073055
2504, 1699455, -0.0011999999405816197, False, 95.879906, -2.3898275, 0.0, 9.910213, 33.36997, 0.49000004, 7.920022
2504, 1699456, -0.0011999999405816197, False, 95.7599, -2.7693174, 0.0, 5.605637, 33.80978, 0.49000004, 7.8199697
2504, 1699457, -0.0011999999405816197, False, 95.6399, -1.9821315, 0.0, 2.2389736, 34.04957, 0.49000004, 7.825281
2504, 1699458, -0.0011999999405816197, False, 95.5199, -1.472513, 0.0, -0.6371155, 34.106205, 0.49000004, 7.904272
2504, 1699459, -0.0011999999405816197, False, 95.399895, -0.7263661, 0.0, -0.22758442, 34.106846, 0.49000004, 7.9652596
2504, 1699460, -0.0011999999405816197, False, 95.27989, -0.73474896, 0.0, -2.6430812, 34.008503, 0.49000004, 8.032086
2504, 1699461, -0.0011999999405816197, False, 95.15989, -0.5558422, 0.0, -1.4085355, 33.90814, 0.49000004, 8.084411
2504, 1699462, -0.0011999999405816197, False, 95.03989, -0.7442033, 0.0, -3.702615, 33.732174, 0.49000004, 8.1292715
2504, 1699463, -0.0011999999405816197, False, 94.91988, -0.6558598, 0.0, -2.0973783, 33.574783, 0.49000004, 8.160907
2504, 1699464, -0.0011999999405816197, False, 94.79988, -0.45740232, 0.0, -1.058783, 33.488342, 0.49000004, 8.178282
2504, 1699465, -0.0011999999405816197, False, 94.67988, -0.22700056, 0.0, -0.40344197, 33.448814, 0.49000004, 8.186226
2504, 1699466, -0.0011999999405816197, False, 94.559875, -0.27529508, 0.0, 2.1024468, 33.52077, 0.49000004, 8.217214
2504, 1699467, -0.0011999999405816197, False, 94.43987, -0.5881028, 0.0, 4.348093, 33.732048, 0.49000004, 8.2742815
2504, 1699468, -0.0011999999405816197, False, 94.31987, -0.61627275, 0.0, 2.5275104, 33.915222, 0.49000004, 8.318945
2504, 1699469, -0.0011999999405816197, False, 94.19987, -0.39241418, 0.0, -0.62930167, 33.936996, 0.49000004, 8.3486185
2504, 1699470, -0.0011999999405816197, False, 94.079865, -0.07780361, 0.0, -3.079172, 33.80417, 0.49000004, 8.38491
2504, 1699471, -0.0011999999405816197, False, 93.95986, 0.38909662, 0.0, -5.259269, 33.53812, 0.49000004, 8.448371
2504, 1699472, -0.0011999999405816197, False, 93.83986, 0.57036924, 0.0, -1.5839494, 33.37043, 0.49000004, 8.478859
2504, 1699473, -0.0011999999405816197, False, 93.71986, 0.37853783, 0.0, 1.2200592, 33.3833, 0.49000004, 8.449675
2504, 1699474, -0.0011999999405816197, False, 93.59985, 0.022031546, 0.0, 3.6099, 33.537224, 0.49000004, 8.376483
2504, 1699475, -0.0011999999405816197, False, 93.47985, -0.48568344, 0.0, 5.733087, 33.812733, 0.49000004, 8.249663
2504, 1699476, -0.0011999999405816197, False, 93.35985, -0.70125425, 0.0, 2.0023468, 33.996174, 0.49000004, 8.176273
2504, 1699477, -0.0011999999405816197, False, 93.239845, -0.4268703, 0.0, -0.91027445, 34.009815, 0.49000004, 8.200763
2504, 1699478, -0.0011999999405816197, False, 93.11984, -0.1887078, 0.0, -0.31252718, 33.990643, 0.49000004, 8.228276
2504, 1699479, -0.0011999999405816197, False, 92.99984, 2.3917726e-09, 0.0, 4.694146e-09, 33.987576, 0.49000004, 8.232681
2504, 1699480, -0.0011999999405816197, False, 92.87984, -0.16571987, 0.0, -2.4744322, 33.891457, 0.49000004, 8.261274
2504, 1699481, -0.0011999999405816197, False, 92.759834, -0.22882864, 0.0, -1.3204386, 33.794174, 0.49000004, 8.288859
2504, 1699482, -0.0011999999405816197, False, 92.63983, -0.4717763, 0.0, -3.6471746, 33.621548, 0.49000004, 8.316289
2504, 1699483, -0.0011999999405816197, False, 92.51983, -0.4930201, 0.0, -2.074213, 33.466843, 0.49000004, 8.336302
2504, 1699484, -0.0011999999405816197, False, 92.399826, -0.3681699, 0.0, -1.0471936, 33.382378, 0.49000004, 8.347228
2504, 1699485, -0.0011999999405816197, False, 92.27982, -0.18607105, 0.0, -0.39238536, 33.34436, 0.49000004, 8.352145
2504, 1699486, -0.0011999999405816197, False, 92.15982, -0.2496916, 0.0, 2.1126666, 33.41731, 0.49000004, 8.381608
2504, 1699487, -0.0011999999405816197, False, 92.03982, -0.5680909, 0.0, 4.359388, 33.62942, 0.49000004, 8.437479
2504, 1699488, -0.0011999999405816197, False, 91.919815, -1.0581908, 0.0, 6.357629, 33.970074, 0.49000004, 8.501503
2504, 1699489, -0.0011999999405816197, False, 91.79981, -1.2432499, 0.0, 2.5227761, 34.201023, 0.49000004, 8.560519
2504, 1699490, -0.0011999999405816197, False, 91.67981, -0.8923457, 0.0, -0.67629933, 34.230293, 0.49000004, 8.619992
2504, 1699491, -0.0011999999405816197, False, 91.55981, -0.46636403, 0.0, -3.1794882, 34.10391, 0.49000004, 8.695689
2504, 1699492, -0.0011999999405816197, False, 91.439804, 0.0728699, 0.0, -5.385542, 33.846943, 0.49000004, 8.808138
2504, 1699493, -0.0011999999405816197, False, 91.3198, 0.332674, 0.0, -1.7198749, 33.68369, 0.49000004, 8.873899
2504, 1699494, -0.0011999999405816197, False, 91.1998, 0.14336437, 0.0, 1.1686578, 33.690826, 0.49000004, 8.8520155
2504, 1699495, -0.0011999999405816197, False, 91.079796, 0.38837266, 0.0, 3.5170794, 33.8223, 0.49000004, 8.750573
2504, 1699496, -0.0011999999405816197, False, 90.95979, 0.3112061, 0.0, 0.09364778, 33.874977, 0.49000004, 8.696912
2504, 1699497, -0.0011999999405816197, False, 90.83979, 3.6868577e-09, 0.0, 7.083143e-10, 33.874466, 0.49000004, 8.692886
2504, 1699498, -0.0011999999405816197, False, 90.71979, -0.16571963, 0.0, -2.474432, 33.778347, 0.49000004, 8.721479
2504, 1699499, -0.0011999999405816197, False, 90.599785, -0.22882837, 0.0, -1.3204387, 33.681065, 0.49000004, 8.749064
2504, 1699500, -0.0011999999405816197, False, 90.47978, -0.15997906, 0.0, -0.5641676, 33.63404, 0.49000004, 8.762399
2504, 1699501, -0.0011999999405816197, False, 90.35978, -0.34041455, 0.0, -2.9711857, 33.502026, 0.49000004, 8.767819
2504, 1699502, -0.0011999999405816197, False, 90.23978, -0.36416665, 0.0, -1.637778, 33.377514, 0.49000004, 8.768985
2504, 1699503, -0.0011999999405816197, False, 90.119774, -0.25739792, 0.0, -0.7676781, 33.313164, 0.49000004, 8.769587
2504, 1699504, -0.0011999999405816197, False, 89.99977, -0.22893637, 0.0, 1.803692, 33.367588, 0.49000004, 8.793926
2504, 1699505, -0.0011999999405816197, False, 89.87977, 0.14789689, 0.0, 4.122123, 33.561882, 0.49000004, 8.850102
2504, 1699506, -0.0011999999405816197, False, 89.759766, -0.04345776, 0.0, 0.59782743, 33.663128, 0.49000004, 8.877732
2504, 1699507, -0.0011999999405816197, False, 89.63976, 0.087304175, 0.0, -1.9383007, 33.59707, 0.49000004, 8.867831
2504, 1699508, -0.0011999999405816197, False, 89.51976, 0.4180428, 0.0, -4.215667, 33.389164, 0.49000004, 8.843978
2504, 1699509, -0.0011999999405816197, False, 89.39976, 0.91642684, 0.0, -6.2409086, 33.051792, 0.49000004, 8.824043
2504, 1699510, -0.0011999999405816197, False, 89.279755, 1.5433753, 0.0, -8.023348, 32.597984, 0.49000004, 8.824119
2504, 1699511, -0.0011999999405816197, False, 89.15975, 0.77745044, 0.0, -4.252333, 32.263638, 0.49000004, 8.812418
2504, 1699512, -0.0011999999405816197, False, 89.03975, 0.74188566, 0.0, -0.6814583, 32.146713, 0.49000004, 8.782689
2504, 1699513, -0.0011999999405816197, False, 88.91975, 0.38523662, 0.0, 1.9929464, 32.204376, 0.49000004, 8.734028
2504, 1699514, -0.0011999999405816197, False, 88.79974, -0.036787868, 0.0, 4.307523, 32.39935, 0.49000004, 8.646684
2504, 1699515, -0.0011999999405816197, False, 88.67974, 0.53887606, 0.0, 6.363757, 32.71412, 0.49000004, 8.5115795
2504, 1699516, -0.0011999999405816197, False, 88.55974, -0.29968452, 0.0, 8.265036, 33.139977, 0.49000004, 8.339518
2504, 1699517, -0.0011999999405816197, False, 88.439735, -0.726225, 0.0, 5.1177053, 33.479954, 0.49000004, 8.2026825
2504, 1699518, -0.0011999999405816197, False, 88.31973, -0.32048038, 0.0, 1.5534921, 33.63716, 0.49000004, 8.15272
2504, 1699519, -0.0011999999405816197, False, 88.19973, -0.07383619, 0.0, 0.7454832, 33.695927, 0.49000004, 8.139861
2504, 1699520, -0.0011999999405816197, False, 88.07973, -0.12942073, 0.0, -1.8025537, 33.640114, 0.49000004, 8.157663
2504, 1699521, -0.0011999999405816197, False, 87.959724, -0.15710151, 0.0, -0.88136345, 33.57259, 0.49000004, 8.177162
2504, 1699522, -0.0011999999405816197, False, 87.83972, -0.370517, 0.0, -3.257104, 33.42413, 0.49000004, 8.198201
2504, 1699523, -0.0011999999405816197, False, 87.71972, -0.40395975, 0.0, -1.8236674, 33.28732, 0.49000004, 8.213764
2504, 1699524, -0.0011999999405816197, False, 87.59972, -0.29664338, 0.0, -0.88709354, 33.214725, 0.49000004, 8.222022
2504, 1699525, -0.0011999999405816197, False, 87.47971, -0.13214624, 0.0, -0.290104, 33.18459, 0.49000004, 8.2254505
2504, 1699526, -0.0011999999405816197, False, 87.35971, -0.22704113, 0.0, 2.2052302, 33.263493, 0.49000004, 8.2546
2504, 1699527, -0.0011999999405816197, False, 87.23971, -0.5586221, 0.0, 4.444683, 33.480934, 0.49000004, 8.310404
2504, 1699528, -0.0011999999405816197, False, 87.119705, -1.0585736, 0.0, 6.435307, 33.82641, 0.49000004, 8.374435
2504, 1699529, -0.0011999999405816197, False, 86.9997, -1.0616266, 0.0, 3.8697138, 34.108955, 0.49000004, 8.420912
2504, 1699530, -0.0011999999405816197, False, 86.8797, -0.91024506, 0.0, 0.36063033, 34.207188, 0.49000004, 8.466624
2504, 1699531, -0.0011999999405816197, False, 86.7597, -0.5146105, 0.0, -2.281545, 34.135075, 0.49000004, 8.528597
2504, 1699532, -0.0011999999405816197, False, 86.639694, -0.0450294, 0.0, -4.5802603, 33.926773, 0.49000004, 8.627583
2504, 1699533, -0.0011999999405816197, False, 86.51969, 0.16064876, 0.0, -1.0031837, 33.807426, 0.49000004, 8.680587
2504, 1699534, -0.0011999999405816197, False, 86.39969, 0.11756474, 0.0, 1.674016, 33.851337, 0.49000004, 8.655484
2504, 1699535, -0.0011999999405816197, False, 86.279686, 0.020957768, 0.0, -1.1853201, 33.830883, 0.49000004, 8.657299
2504, 1699536, -0.0011999999405816197, False, 86.15968, -0.04208994, 0.0, -0.48234272, 33.790916, 0.49000004, 8.66951
2504, 1699537, -0.0011999999405816197, False, 86.03968, -0.24236345, 0.0, -2.906259, 33.666225, 0.49000004, 8.695546
2504, 1699538, -0.0011999999405816197, False, 85.91968, -0.30426168, 0.0, -1.5999893, 33.547245, 0.49000004, 8.718173
2504, 1699539, -0.0011999999405816197, False, 85.799675, -0.22420967, 0.0, -0.7441624, 33.486237, 0.49000004, 8.729775
2504, 1699540, -0.0011999999405816197, False, 85.67967, -0.08289036, 0.0, -0.19750567, 33.463562, 0.49000004, 8.734087
2504, 1699541, -0.0011999999405816197, False, 85.55967, 1.9002513e-16, 0.0, 4.0520018e-16, 33.462124, 0.49000004, 8.734361
2504, 1699542, -0.0011999999405816197, False, 85.43967, -0.16571993, 0.0, 2.474432, 33.558243, 0.49000004, 8.762953
2504, 1699543, -0.0011999999405816197, False, 85.319664, -0.5343292, 0.0, 4.6925273, 33.79115, 0.49000004, 8.818774
2504, 1699544, -0.0011999999405816197, False, 85.19966, -0.615337, 0.0, 1.0710597, 33.924534, 0.49000004, 8.862865
2504, 1699545, -0.0011999999405816197, False, 85.07966, -0.29368785, 0.0, -1.6834916, 33.876507, 0.49000004, 8.890797
2504, 1699546, -0.0011999999405816197, False, 84.959656, 0.08483654, 0.0, -4.0197, 33.684452, 0.49000004, 8.928975
2504, 1699547, -0.0011999999405816197, False, 84.83965, 0.61481094, 0.0, -6.093257, 33.364857, 0.49000004, 8.99491
2504, 1699548, -0.0011999999405816197, False, 84.71965, 0.84656656, 0.0, -2.316453, 33.148697, 0.49000004, 9.028138
2504, 1699549, -0.0011999999405816197, False, 84.59965, 0.5483782, 0.0, 0.79720545, 33.121277, 0.49000004, 8.995624
2504, 1699550, -0.0011999999405816197, False, 84.479645, 0.6685704, 0.0, 3.1555293, 33.234634, 0.49000004, 8.901061
2504, 1699551, -0.0011999999405816197, False, 84.35964, 0.09874439, 0.0, 5.3833113, 33.472874, 0.49000004, 8.753012
2504, 1699552, -0.0011999999405816197, False, 84.23964, 0.75647736, 0.0, 7.322027, 33.82052, 0.49000004, 8.549135
2504, 1699553, -0.0011999999405816197, False, 84.11964, 1.0963424, 0.0, 3.409677, 34.063198, 0.49000004, 8.393684
2504, 1699554, -0.0011999999405816197, False, 83.99963, 0.8702331, 0.0, -0.0003592968, 34.110874, 0.49000004, 8.318871
2504, 1699555, -0.0011999999405816197, False, 83.87963, 0.4766305, 0.0, -2.5821178, 34.001434, 0.49000004, 8.296257
2504, 1699556, -0.0011999999405816197, False, 83.75963, -0.012069197, 0.0, -4.8476706, 33.7543, 0.49000004, 8.29419
2504, 1699557, -0.0011999999405816197, False, 83.639626, -0.31092498, 0.0, -2.8890421, 33.544678, 0.49000004, 8.294713
2504, 1699558, -0.0011999999405816197, False, 83.51962, -0.3411065, 0.0, -1.5853578, 33.42405, 0.49000004, 8.295013
2504, 1699559, -0.0011999999405816197, False, 83.39962, -0.2405632, 0.0, -0.7341524, 33.36227, 0.49000004, 8.295167
2504, 1699560, -0.0011999999405816197, False, 83.27962, -0.2251144, 0.0, 1.8268793, 33.418163, 0.49000004, 8.319537
2504, 1699561, -0.0011999999405816197, False, 83.159615, -0.5195884, 0.0, 4.1038094, 33.614834, 0.49000004, 8.370738
2504, 1699562, -0.0011999999405816197, False, 83.03961, -0.9916356, 0.0, 6.131411, 33.941467, 0.49000004, 8.430603
2504, 1699563, -0.0011999999405816197, False, 82.91961, -1.1618276, 0.0, 2.3250973, 34.15969, 0.49000004, 8.4859
2504, 1699564, -0.0011999999405816197, False, 82.79961, -0.8060966, 0.0, -0.8166872, 34.17843, 0.49000004, 8.541731
2504, 1699565, -0.0011999999405816197, False, 82.6796, -0.3900423, 0.0, -3.2940273, 34.04372, 0.49000004, 8.614918
2504, 1699566, -0.0011999999405816197, False, 82.5596, 0.14708579, 0.0, -5.481697, 33.7794, 0.49000004, 8.725494
2504, 1699567, -0.0011999999405816197, False, 82.4396, 0.4016017, 0.0, -1.8007956, 33.609608, 0.49000004, 8.78989
2504, 1699568, -0.0011999999405816197, False, 82.319595, 0.18759829, 0.0, 1.114476, 33.611816, 0.49000004, 8.767471
2504, 1699569, -0.0011999999405816197, False, 82.19959, 0.41807497, 0.0, 3.4648027, 33.739513, 0.49000004, 8.66599
2504, 1699570, -0.0011999999405816197, False, 82.07959, 0.84247255, 0.0, 5.5640726, 33.985218, 0.49000004, 8.501263
2504, 1699571, -0.0011999999405816197, False, 81.95959, 0.97193, 0.0, 1.8284662, 34.136353, 0.49000004, 8.382618
2504, 1699572, -0.0011999999405816197, False, 81.839584, 0.6133946, 0.0, -1.1635035, 34.1106, 0.49000004, 8.341833
2504, 1699573, -0.0011999999405816197, False, 81.71958, 0.21380323, 0.0, -3.5831506, 33.941086, 0.49000004, 8.342984
2504, 1699574, -0.0011999999405816197, False, 81.59958, -0.093540795, 0.0, -2.071677, 33.789276, 0.49000004, 8.349838
2504, 1699575, -0.0011999999405816197, False, 81.479576, -0.15996045, 0.0, -1.0595288, 33.70686, 0.49000004, 8.3535595
2504, 1699576, -0.0011999999405816197, False, 81.35957, -0.102948375, 0.0, -0.39564085, 33.670326, 0.49000004, 8.355209
2504, 1699577, -0.0011999999405816197, False, 81.23957, -2.7452263e-09, 0.0, -6.942026e-09, 33.663532, 0.49000004, 8.355516
2504, 1699578, -0.0011999999405816197, False, 81.11957, 7.3179996e-31, 0.0, 1.4012133e-30, 33.663532, 0.49000004, 8.355516
2504, 1699579, -0.0011999999405816197, False, 80.999565, 0.16571975, 0.0, -2.474432, 33.570927, 0.49000004, 8.317034
2504, 1699580, -0.0011999999405816197, False, 80.87956, 0.5343293, 0.0, -4.6925287, 33.345135, 0.49000004, 8.237173
2504, 1699581, -0.0011999999405816197, False, 80.75956, 1.0623178, 0.0, -6.6607814, 32.994358, 0.49000004, 8.135726
2504, 1699582, -0.0011999999405816197, False, 80.63956, 1.7110664, 0.0, -8.389088, 32.52779, 0.49000004, 8.030972
2504, 1699583, -0.0011999999405816197, False, 80.519554, 2.4466887, 0.0, -9.889963, 31.955545, 0.49000004, 7.939631
2504, 1699584, -0.0011999999405816197, False, 80.39955, 1.3989702, 0.0, -6.0245996, 31.514425, 0.49000004, 7.854167
2504, 1699585, -0.0011999999405816197, False, 80.27955, 0.8065479, 0.0, -2.442027, 31.301924, 0.49000004, 7.7823367
2504, 1699586, -0.0011999999405816197, False, 80.159546, 0.4796954, 0.0, 0.5886222, 31.287518, 0.49000004, 7.7465525
2504, 1699587, -0.0011999999405816197, False, 80.03954, 0.371058, 0.0, 3.022038, 31.423374, 0.49000004, 7.7508907
2504, 1699588, -0.0011999999405816197, False, 79.91954, -0.13866985, 0.0, 5.2345395, 31.692385, 0.49000004, 7.7851663
2504, 1699589, -0.0011999999405816197, False, 79.79954, -0.7765148, 0.0, 7.184257, 32.08436, 0.49000004, 7.8312926
2504, 1699590, -0.0011999999405816197, False, 79.679535, -1.5150285, 0.0, 8.88588, 32.588707, 0.49000004, 7.871154
2504, 1699591, -0.0011999999405816197, False, 79.55953, -2.3248923, 0.0, 10.354641, 33.19398, 0.49000004, 7.8886385
2504, 1699592, -0.0011999999405816197, False, 79.43953, -2.1486883, 0.0, 6.364644, 33.667763, 0.49000004, 7.8940506
2504, 1699593, -0.0011999999405816197, False, 79.31953, -2.1627889, 0.0, 2.4607606, 33.925087, 0.49000004, 7.9342165
2504, 1699594, -0.0011999999405816197, False, 79.199524, -1.6141192, 0.0, -0.4482205, 33.98786, 0.49000004, 8.023322
2504, 1699595, -0.0011999999405816197, False, 79.07952, -0.79684883, 0.0, -0.13362247, 33.99064, 0.49000004, 8.087496
2504, 1699596, -0.0011999999405816197, False, 78.95952, -0.77639437, 0.0, -2.559342, 33.891373, 0.49000004, 8.1458845
2504, 1699597, -0.0011999999405816197, False, 78.839516, -0.57095015, 0.0, -1.3532386, 33.789993, 0.49000004, 8.188657
2504, 1699598, -0.0011999999405816197, False, 78.71951, -0.75028074, 0.0, -3.651978, 33.61339, 0.49000004, 8.215617
2504, 1699599, -0.0011999999405816197, False, 78.59951, -0.6551341, 0.0, -2.0640435, 33.45583, 0.49000004, 8.231093
2504, 1699600, -0.0011999999405816197, False, 78.47951, -0.4534458, 0.0, -1.0374227, 33.36954, 0.49000004, 8.239569
2504, 1699601, -0.0011999999405816197, False, 78.359505, -0.33440548, 0.0, 1.6318121, 33.411846, 0.49000004, 8.26879
2504, 1699602, -0.0011999999405816197, False, 78.2395, -0.5887132, 0.0, 3.9194639, 33.596657, 0.49000004, 8.323238
2504, 1699603, -0.0011999999405816197, False, 78.1195, -0.53947353, 0.0, 0.40510607, 33.687374, 0.49000004, 8.364317
2504, 1699604, -0.0011999999405816197, False, 77.9995, -0.23323542, 0.0, -2.1825182, 33.607925, 0.49000004, 8.391036
2504, 1699605, -0.0011999999405816197, False, 77.87949, 0.17803901, 0.0, -4.464321, 33.38768, 0.49000004, 8.429148
2504, 1699606, -0.0011999999405816197, False, 77.75949, 0.7364582, 0.0, -6.486049, 33.042572, 0.49000004, 8.495346
2504, 1699607, -0.0011999999405816197, False, 77.63949, 0.9901715, 0.0, -2.660181, 32.80331, 0.49000004, 8.529051
2504, 1699608, -0.0011999999405816197, False, 77.519485, 0.6070073, 0.0, 0.40948755, 32.758476, 0.49000004, 8.500839
2504, 1699609, -0.0011999999405816197, False, 77.39948, 0.25699842, 0.0, 2.9065628, 32.866314, 0.49000004, 8.431467
2504, 1699610, -0.0011999999405816197, False, 77.27948, 0.6523621, 0.0, 5.0744405, 33.102737, 0.49000004, 8.314067
2504, 1699611, -0.0011999999405816197, False, 77.15948, -0.08456564, 0.0, 7.112553, 33.457817, 0.49000004, 8.158717
2504, 1699612, -0.0011999999405816197, False, 77.039474, -0.5122857, 0.0, 3.2757769, 33.710114, 0.49000004, 8.054181
2504, 1699613, -0.0011999999405816197, False, 76.91947, -0.18925762, 0.0, -0.008043602, 33.772724, 0.49000004, 8.042004
2504, 1699614, -0.0011999999405816197, False, 76.79947, 2.454848e-16, 0.0, -3.6972644e-17, 33.7731, 0.49000004, 8.04296
2504, 1699615, -0.0011999999405816197, False, 76.67947, -5.088028e-38, 0.0, 1.322013e-38, 33.7731, 0.49000004, 8.04296
2504, 1699616, -0.0011999999405816197, False, 76.55946, -0.16571921, 0.0, -2.4744327, 33.674522, 0.49000004, 8.061349
2504, 1699617, -0.0011999999405816197, False, 76.43946, -0.22882798, 0.0, -1.3204392, 33.57489, 0.49000004, 8.078615
2504, 1699618, -0.0011999999405816197, False, 76.31946, -0.15997902, 0.0, -0.564168, 33.52673, 0.49000004, 8.086962
2504, 1699619, -0.0011999999405816197, False, 76.199455, -0.032738797, 0.0, -0.081722245, 33.512604, 0.49000004, 8.089409
2504, 1699620, -0.0011999999405816197, False, 76.07945, -1.4473176e-23, 0.0, -2.3129354e-23, 33.512592, 0.49000004, 8.089411
2504, 1699621, -0.0011999999405816197, False, 75.95945, -0.16571945, 0.0, 2.4744322, 33.60871, 0.49000004, 8.118004
2504, 1699622, -0.0011999999405816197, False, 75.83945, -0.5343294, 0.0, 4.6925287, 33.841618, 0.49000004, 8.173825
2504, 1699623, -0.0011999999405816197, False, 75.719444, -0.61533713, 0.0, 1.0710609, 33.975002, 0.49000004, 8.2179165
2504, 1699624, -0.0011999999405816197, False, 75.59944, -0.29368824, 0.0, -1.6834905, 33.926975, 0.49000004, 8.245848
2504, 1699625, -0.0011999999405816197, False, 75.47944, 0.084836006, 0.0, -4.0196996, 33.73492, 0.49000004, 8.284026
2504, 1699626, -0.0011999999405816197, False, 75.359436, 0.6148094, 0.0, -6.093257, 33.415325, 0.49000004, 8.349961
2504, 1699627, -0.0011999999405816197, False, 75.23943, 0.8465649, 0.0, -2.3164535, 33.199165, 0.49000004, 8.383189
2504, 1699628, -0.0011999999405816197, False, 75.11943, 0.51704925, 0.0, 0.6767305, 33.173683, 0.49000004, 8.355334
2504, 1699629, -0.0011999999405816197, False, 74.99943, 0.17128181, 0.0, 3.1353173, 33.296783, 0.49000004, 8.285297
2504, 1699630, -0.0011999999405816197, False, 74.879425, -0.3160696, 0.0, 5.3183475, 33.54468, 0.49000004, 8.162057
2504, 1699631, -0.0011999999405816197, False, 74.75942, 0.018422306, 0.0, 1.6923125, 33.700764, 0.49000004, 8.088126
2504, 1699632, -0.0011999999405816197, False, 74.63942, 0.09451145, 0.0, 0.81388986, 33.759872, 0.49000004, 8.061033
2504, 1699633, -0.0011999999405816197, False, 74.51942, -0.0617505, 0.0, -1.7551415, 33.705967, 0.49000004, 8.073786
2504, 1699634, -0.0011999999405816197, False, 74.399414, -0.120128766, 0.0, -0.8531388, 33.64004, 0.49000004, 8.090241
2504, 1699635, -0.0011999999405816197, False, 74.27941, -0.3387777, 0.0, -3.2345011, 33.492977, 0.49000004, 8.109243
2504, 1699636, -0.0011999999405816197, False, 74.15941, -0.3841352, 0.0, -1.8104316, 33.357216, 0.49000004, 8.123464
2504, 1699637, -0.0011999999405816197, False, 74.039406, -0.28522882, 0.0, -0.87892383, 33.28533, 0.49000004, 8.130993
2504, 1699638, -0.0011999999405816197, False, 73.9194, -0.12651077, 0.0, -0.2844242, 33.255684, 0.49000004, 8.134098
2504, 1699639, -0.0011999999405816197, False, 73.7994, -0.22393233, 0.0, 2.2105494, 33.334953, 0.49000004, 8.163113
2504, 1699640, -0.0011999999405816197, False, 73.6794, -0.5565878, 0.0, 4.4497356, 33.552723, 0.49000004, 8.21882
2504, 1699641, -0.0011999999405816197, False, 73.559395, -1.0573397, 0.0, 6.440034, 33.898487, 0.49000004, 8.282773
2504, 1699642, -0.0011999999405816197, False, 73.43939, -1.2519718, 0.0, 2.5964909, 34.134056, 0.49000004, 8.341801
2504, 1699643, -0.0011999999405816197, False, 73.31939, -0.9068472, 0.0, -0.6218579, 34.167126, 0.49000004, 8.401493
2504, 1699644, -0.0011999999405816197, False, 73.19939, -0.48068655, 0.0, -3.132973, 34.043785, 0.49000004, 8.477193
2504, 1699645, -0.0011999999405816197, False, 73.079384, 0.056764603, 0.0, -5.344937, 33.789536, 0.49000004, 8.589549
2504, 1699646, -0.0011999999405816197, False, 72.95938, 0.31580588, 0.0, -1.6845386, 33.62872, 0.49000004, 8.655157
2504, 1699647, -0.0011999999405816197, False, 72.83938, 0.204929, 0.0, 1.1509739, 33.639793, 0.49000004, 8.63708
2504, 1699648, -0.0011999999405816197, False, 72.719376, 0.4355266, 0.0, 3.4963531, 33.787308, 0.49000004, 8.562706
2504, 1699649, -0.0011999999405816197, False, 72.59937, 0.34438178, 0.0, 0.0796926, 33.84836, 0.49000004, 8.519255
2504, 1699650, -0.0011999999405816197, False, 72.47937, 0.084998354, 0.0, -2.4377568, 33.750317, 0.49000004, 8.52108
2504, 1699651, -0.0011999999405816197, False, 72.35937, -0.09167315, 0.0, -1.3099796, 33.65131, 0.49000004, 8.5280075
2504, 1699652, -0.0011999999405816197, False, 72.239365, -0.098766476, 0.0, -0.5599566, 33.603783, 0.49000004, 8.531333
2504, 1699653, -0.0011999999405816197, False, 72.11936, -0.02102365, 0.0, -0.07330324, 33.590294, 0.49000004, 8.532277
2504, 1699654, -0.0011999999405816197, False, 71.99936, 0.0, 0.0, 0.0, 33.590282, 0.49000004, 8.532278
2504, 1699655, -0.0011999999405816197, False, 71.87936, 0.0, 0.0, 0.0, 33.590282, 0.49000004, 8.532278
2504, 1699656, -0.0011999999405816197, False, 71.75935, 0.1657198, 0.0, -2.4744322, 33.497677, 0.49000004, 8.493795
2504, 1699657, -0.0011999999405816197, False, 71.63935, 0.53432965, 0.0, -4.6925282, 33.271885, 0.49000004, 8.413935
2504, 1699658, -0.0011999999405816197, False, 71.51935, 1.0623181, 0.0, -6.66078, 32.92111, 0.49000004, 8.312485
2504, 1699659, -0.0011999999405816197, False, 71.399345, 1.7110659, 0.0, -8.389088, 32.45454, 0.49000004, 8.207728
2504, 1699660, -0.0011999999405816197, False, 71.27934, 2.4466913, 0.0, -9.889963, 31.882296, 0.49000004, 8.116386
2504, 1699661, -0.0011999999405816197, False, 71.15934, 1.3989702, 0.0, -6.0245986, 31.441177, 0.49000004, 8.030921
2504, 1699662, -0.0011999999405816197, False, 71.03934, 0.8065493, 0.0, -2.4420269, 31.228676, 0.49000004, 7.95909
2504, 1699663, -0.0011999999405816197, False, 70.919334, 0.47969618, 0.0, 0.5886226, 31.21427, 0.49000004, 7.923306
2504, 1699664, -0.0011999999405816197, False, 70.79933, 0.3710586, 0.0, 3.022039, 31.350126, 0.49000004, 7.9276443
2504, 1699665, -0.0011999999405816197, False, 70.67933, -0.13866955, 0.0, 5.2345405, 31.619137, 0.49000004, 7.9619203
2504, 1699666, -0.0011999999405816197, False, 70.559326, -0.7765143, 0.0, 7.1842575, 32.01111, 0.49000004, 8.008047
2504, 1699667, -0.0011999999405816197, False, 70.43932, -1.5150282, 0.0, 8.88588, 32.515457, 0.49000004, 8.04791
2504, 1699668, -0.0011999999405816197, False, 70.31932, -2.3248901, 0.0, 10.35464, 33.12073, 0.49000004, 8.065395
2504, 1699669, -0.0011999999405816197, False, 70.19932, -2.1486876, 0.0, 6.364645, 33.594513, 0.49000004, 8.070808
2504, 1699670, -0.0011999999405816197, False, 70.079315, -1.72788, 0.0, 3.7645416, 33.889812, 0.49000004, 8.074182
2504, 1699671, -0.0011999999405816197, False, 69.95931, -1.4565102, 0.0, 0.25632823, 34.007862, 0.49000004, 8.121147
2504, 1699672, -0.0011999999405816197, False, 69.83931, -1.2520933, 0.0, -2.2171445, 33.964302, 0.49000004, 8.226791
2504, 1699673, -0.0011999999405816197, False, 69.71931, -0.8724215, 0.0, 0.9047359, 33.982697, 0.49000004, 8.286621
2504, 1699674, -0.0011999999405816197, False, 69.599304, -0.67732483, 0.0, -1.7130393, 33.940735, 0.49000004, 8.338907
2504, 1699675, -0.0011999999405816197, False, 69.4793, -0.87661064, 0.0, -3.9674354, 33.754997, 0.49000004, 8.411927
2504, 1699676, -0.0011999999405816197, False, 69.3593, -0.7557864, 0.0, -2.2641363, 33.590263, 0.49000004, 8.466916
2504, 1699677, -0.0011999999405816197, False, 69.239296, -0.5294061, 0.0, -1.1638594, 33.498394, 0.49000004, 8.497582
2504, 1699678, -0.0011999999405816197, False, 69.11929, -0.2766502, 0.0, -0.47042018, 33.454704, 0.49000004, 8.512166
2504, 1699679, -0.0011999999405816197, False, 68.99929, -0.03633359, 0.0, -0.049174782, 33.44287, 0.49000004, 8.516115
2504, 1699680, -0.0011999999405816197, False, 68.87929, 0.14415312, 0.0, -2.5217075, 33.343582, 0.49000004, 8.488303
2504, 1699681, -0.0011999999405816197, False, 68.759285, 0.5210471, 0.0, -4.7369924, 33.10784, 0.49000004, 8.433041
2504, 1699682, -0.0011999999405816197, False, 68.63928, 1.0553517, 0.0, -6.702004, 32.745823, 0.49000004, 8.369261
2504, 1699683, -0.0011999999405816197, False, 68.51928, 1.7091238, 0.0, -8.426836, 32.268543, 0.49000004, 8.31422
2504, 1699684, -0.0011999999405816197, False, 68.39928, 0.8857348, 0.0, -4.6324663, 31.91369, 0.49000004, 8.2608595
2504, 1699685, -0.0011999999405816197, False, 68.279274, 0.47231406, 0.0, -1.1397053, 31.77948, 0.49000004, 8.217789
2504, 1699686, -0.0011999999405816197, False, 68.15927, 0.34186968, 0.0, 1.5610862, 31.825798, 0.49000004, 8.206766
2504, 1699687, -0.0011999999405816197, False, 68.03927, 0.5874608, 0.0, 3.8552217, 32.012966, 0.49000004, 8.231019
2504, 1699688, -0.0011999999405816197, False, 67.919266, -0.030694246, 0.0, 6.00658, 32.325172, 0.49000004, 8.296474
2504, 1699689, -0.0011999999405816197, False, 67.79926, -0.7571802, 0.0, 7.8903847, 32.753864, 0.49000004, 8.386616
2504, 1699690, -0.0011999999405816197, False, 67.67926, -1.5670202, 0.0, 9.524231, 33.290867, 0.49000004, 8.482158
2504, 1699691, -0.0011999999405816197, False, 67.55926, -1.6094753, 0.0, 5.865879, 33.714977, 0.49000004, 8.551937
2504, 1699692, -0.0011999999405816197, False, 67.439255, -1.6447394, 0.0, 2.0522566, 33.92702, 0.49000004, 8.618245
2504, 1699693, -0.0011999999405816197, False, 67.31925, -1.1944717, 0.0, -1.0662738, 33.94402, 0.49000004, 8.699765
2504, 1699694, -0.0011999999405816197, False, 67.19925, -0.688149, 0.0, -3.5635488, 33.810265, 0.49000004, 8.81078
2504, 1699695, -0.0011999999405816197, False, 67.07925, -0.32980916, 0.0, -0.20490581, 33.75387, 0.49000004, 8.869225
2504, 1699696, -0.0011999999405816197, False, 66.95924, -0.37537473, 0.0, 2.274948, 33.837463, 0.49000004, 8.83546
2504, 1699697, -0.0011999999405816197, False, 66.83924, 0.06920481, 0.0, 4.560962, 34.035305, 0.49000004, 8.7194195
2504, 1699698, -0.0011999999405816197, False, 66.71924, 0.2439022, 0.0, 0.9778936, 34.144512, 0.49000004, 8.649517
2504, 1699699, -0.0011999999405816197, False, 66.599236, 0.007985592, 0.0, -1.7003958, 34.094006, 0.49000004, 8.6623
2504, 1699700, -0.0011999999405816197, False, 66.47923, -0.08234729, 0.0, -0.82052815, 34.031723, 0.49000004, 8.682215
2504, 1699701, -0.0011999999405816197, False, 66.35923, -0.30609262, 0.0, -3.2080548, 33.888855, 0.49000004, 8.714224
2504, 1699702, -0.0011999999405816197, False, 66.23923, -0.3635234, 0.0, -1.7947375, 33.756393, 0.49000004, 8.741054
2504, 1699703, -0.0011999999405816197, False, 66.119225, -0.2732253, 0.0, -0.8691859, 33.68643, 0.49000004, 8.755223
2504, 1699704, -0.0011999999405816197, False, 65.99922, -0.12047748, 0.0, -0.2777372, 33.657795, 0.49000004, 8.761023
2504, 1699705, -0.0011999999405816197, False, 65.87922, -5.0923166e-10, 0.0, -8.137905e-10, 33.65453, 0.49000004, 8.761683
2504, 1699706, -0.0011999999405816197, False, 65.75922, -1.1920929e-07, 0.0, -2.4810271, 33.55912, 0.49000004, 8.730683
2504, 1699707, -0.0011999999405816197, False, 65.63921, 0.0057773143, 0.0, 0.6662118, 33.54347, 0.49000004, 8.72356
2504, 1699708, -0.0011999999405816197, False, 65.51921, 0.015933467, 0.0, 0.13991465, 33.5611, 0.49000004, 8.727149
2504, 1699709, -0.0011999999405816197, False, 65.39921, -0.16703528, 0.0, 2.6019378, 33.66494, 0.49000004, 8.75744
2504, 1699710, -0.0011999999405816197, False, 65.279205, -0.10676532, 0.0, -0.5620315, 33.686714, 0.49000004, 8.771256
2504, 1699711, -0.0011999999405816197, False, 65.1592, 0.1363008, 0.0, -2.9906294, 33.55473, 0.49000004, 8.765284
2504, 1699712, -0.0011999999405816197, False, 65.0392, 0.55971146, 0.0, -5.160565, 33.28628, 0.49000004, 8.76062
2504, 1699713, -0.0011999999405816197, False, 64.9192, 1.1300235, 0.0, -7.0804915, 32.894993, 0.49000004, 8.77384
2504, 1699714, -0.0011999999405816197, False, 64.799194, 1.8113015, 0.0, -8.761417, 32.39501, 0.49000004, 8.819593
2504, 1699715, -0.0011999999405816197, False, 64.67919, 0.9456328, 0.0, -4.9440455, 32.017147, 0.49000004, 8.841556
2504, 1699716, -0.0011999999405816197, False, 64.55919, 0.50428647, 0.0, -1.4239379, 31.859112, 0.49000004, 8.827476
2504, 1699717, -0.0011999999405816197, False, 64.439186, 0.34810752, 0.0, 1.3480213, 31.888674, 0.49000004, 8.806161
2504, 1699718, -0.0011999999405816197, False, 64.31918, 0.5702884, 0.0, 3.6630046, 32.064827, 0.49000004, 8.790751
2504, 1699719, -0.0011999999405816197, False, 64.19918, 0.9906498, 0.0, 5.729943, 32.37241, 0.49000004, 8.794904
2504, 1699720, -0.0011999999405816197, False, 64.07918, 0.1468969, 0.0, 7.7360735, 32.79757, 0.49000004, 8.827448
2504, 1699721, -0.0011999999405816197, False, 63.959175, -0.7668694, 0.0, 9.466787, 33.331085, 0.49000004, 8.872773
2504, 1699722, -0.0011999999405816197, False, 63.839172, -1.3239832, 0.0, 5.3396006, 33.73657, 0.49000004, 8.91719
2504, 1699723, -0.0011999999405816197, False, 63.71917, -1.3392357, 0.0, 1.6042478, 33.91747, 0.49000004, 8.970796
2504, 1699724, -0.0011999999405816197, False, 63.599167, -0.9035665, 0.0, -1.3729727, 33.908966, 0.49000004, 9.040406
2504, 1699725, -0.0011999999405816197, False, 63.479164, -0.43299115, 0.0, -3.803099, 33.754864, 0.49000004, 9.142493
2504, 1699726, -0.0011999999405816197, False, 63.35916, 0.15663815, 0.0, -5.9449863, 33.478374, 0.49000004, 9.293946
2504, 1699727, -0.0011999999405816197, False, 63.23916, 0.45652497, 0.0, -2.2173321, 33.29338, 0.49000004, 9.388243
2504, 1699728, -0.0011999999405816197, False, 63.119156, 0.23903948, 0.0, 0.83976436, 33.27612, 0.49000004, 9.375129
2504, 1699729, -0.0011999999405816197, False, 62.999153, -0.057375073, 0.0, 3.2534323, 33.375973, 0.49000004, 9.265505
2504, 1699730, -0.0011999999405816197, False, 62.87915, 0.42249322, 0.0, 5.414657, 33.56971, 0.49000004, 9.0588255
2504, 1699731, -0.0011999999405816197, False, 62.759148, 1.0371747, 0.0, 7.321552, 33.85693, 0.49000004, 8.772854
2504, 1699732, -0.0011999999405816197, False, 62.639145, 1.332689, 0.0, 3.3877778, 34.053165, 0.49000004, 8.558049
2504, 1699733, -0.0011999999405816197, False, 62.519142, 1.0667107, 0.0, -0.026458025, 34.077477, 0.49000004, 8.464468
2504, 1699734, -0.0011999999405816197, False, 62.39914, 0.6305107, 0.0, -2.633917, 33.959705, 0.49000004, 8.456601
2504, 1699735, -0.0011999999405816197, False, 62.279137, 0.1936545, 0.0, -1.4784884, 33.848476, 0.49000004, 8.465429
2504, 1699736, -0.0011999999405816197, False, 62.159134, -0.14779937, 0.0, -3.825458, 33.666428, 0.49000004, 8.491227
2504, 1699737, -0.0011999999405816197, False, 62.03913, -0.3187877, 0.0, -2.2087965, 33.50519, 0.49000004, 8.514498
2504, 1699738, -0.0011999999405816197, False, 61.91913, -0.28871775, 0.0, -1.1399472, 33.416374, 0.49000004, 8.527316
2504, 1699739, -0.0011999999405816197, False, 61.799126, -0.16509998, 0.0, -0.44842398, 33.375443, 0.49000004, 8.533223
2504, 1699740, -0.0011999999405816197, False, 61.679123, 0.022011876, 0.0, 2.086184, 33.447197, 0.49000004, 8.55803
2504, 1699741, -0.0011999999405816197, False, 61.55912, -0.101534724, 0.0, 1.0750252, 33.526466, 0.49000004, 8.582866
2504, 1699742, -0.0011999999405816197, False, 61.439117, 0.08009341, 0.0, -1.6743206, 33.476646, 0.49000004, 8.575087
2504, 1699743, -0.0011999999405816197, False, 61.319115, 0.3868214, 0.0, -3.97819, 33.283463, 0.49000004, 8.55318
2504, 1699744, -0.0011999999405816197, False, 61.199112, 0.8666509, 0.0, -6.0295014, 32.95945, 0.49000004, 8.534963
2504, 1699745, -0.0011999999405816197, False, 61.07911, 1.4795138, 0.0, -7.8371363, 32.51776, 0.49000004, 8.536533
2504, 1699746, -0.0011999999405816197, False, 60.959106, 0.40674862, 0.0, -4.9573207, 32.164886, 0.49000004, 8.544599
2504, 1699747, -0.0011999999405816197, False, 60.839104, 0.08187294, 0.0, -1.3753872, 32.011887, 0.49000004, 8.541999
2504, 1699748, -0.0011999999405816197, False, 60.7191, 0.10307321, 0.0, 1.43888, 32.047874, 0.49000004, 8.541531
2504, 1699749, -0.0011999999405816197, False, 60.5991, 0.38264266, 0.0, 3.7639554, 32.228348, 0.49000004, 8.557722
2504, 1699750, -0.0011999999405816197, False, 60.479095, -0.19564378, 0.0, 5.9049726, 32.538326, 0.49000004, 8.599907
2504, 1699751, -0.0011999999405816197, False, 60.359093, -0.8894801, 0.0, 7.783873, 32.967476, 0.49000004, 8.653082
2504, 1699752, -0.0011999999405816197, False, 60.23909, -1.2570046, 0.0, 3.8145194, 33.2784, 0.49000004, 8.703729
2504, 1699753, -0.0011999999405816197, False, 60.119087, -1.0640564, 0.0, 0.31194043, 33.375187, 0.49000004, 8.759811
2504, 1699754, -0.0011999999405816197, False, 59.999084, -0.6356883, 0.0, -2.3468409, 33.30174, 0.49000004, 8.830447
2504, 1699755, -0.0011999999405816197, False, 59.87908, -0.13957286, 0.0, -4.65101, 33.09188, 0.49000004, 8.936712
2504, 1699756, -0.0011999999405816197, False, 59.75908, 0.096622854, 0.0, -1.0744413, 32.970856, 0.49000004, 8.995745
2504, 1699757, -0.0011999999405816197, False, 59.639076, -0.08290672, 0.0, 1.6762528, 33.01329, 0.49000004, 8.968274
2504, 1699758, -0.0011999999405816197, False, 59.519073, 0.25496852, 0.0, 3.9939563, 33.174725, 0.49000004, 8.859516
2504, 1699759, -0.0011999999405816197, False, 59.39907, 0.75646996, 0.0, 6.055105, 33.450523, 0.49000004, 8.6874485
2504, 1699760, -0.0011999999405816197, False, 59.279068, 0.9588125, 0.0, 2.2724645, 33.628456, 0.49000004, 8.561476
2504, 1699761, -0.0011999999405816197, False, 59.159065, 0.6428523, 0.0, 1.1656698, 33.704445, 0.49000004, 8.495708
2504, 1699762, -0.0011999999405816197, False, 59.039062, 0.31999445, 0.0, -1.6186085, 33.655544, 0.49000004, 8.476088
2504, 1699763, -0.0011999999405816197, False, 58.91906, 0.07148112, 0.0, -0.7880366, 33.592728, 0.49000004, 8.470389
2504, 1699764, -0.0011999999405816197, False, 58.799057, -0.0031868685, 0.0, -0.2234734, 33.569103, 0.49000004, 8.468246
2504, 1699765, -0.0011999999405816197, False, 58.679054, 3.8035098e-17, 0.0, 4.459261e-16, 33.567482, 0.49000004, 8.4681
2504, 1699766, -0.0011999999405816197, False, 58.55905, -1.7880588e-38, 0.0, -9.3069334e-38, 33.567482, 0.49000004, 8.4681
2504, 1699767, -0.0011999999405816197, False, 58.43905, 1.1920929e-07, 0.0, -2.4810271, 33.472073, 0.49000004, 8.437099
2504, 1699768, -0.0011999999405816197, False, 58.319046, 0.0057771653, 0.0, 0.6662122, 33.45642, 0.49000004, 8.429976
2504, 1699769, -0.0011999999405816197, False, 58.199043, -0.2231068, 0.0, 3.0759826, 33.591717, 0.49000004, 8.455834
2504, 1699770, -0.0011999999405816197, False, 58.07904, -0.6405637, 0.0, 5.2300773, 33.862503, 0.49000004, 8.493651
2504, 1699771, -0.0011999999405816197, False, 57.959038, -0.7678208, 0.0, 1.5427377, 34.02995, 0.49000004, 8.529632
2504, 1699772, -0.0011999999405816197, False, 57.839035, -0.4376583, 0.0, -1.352178, 34.00803, 0.49000004, 8.568144
2504, 1699773, -0.0011999999405816197, False, 57.719032, -0.058783054, 0.0, -3.734849, 33.84066, 0.49000004, 8.629477
2504, 1699774, -0.0011999999405816197, False, 57.59903, 0.46642148, 0.0, -5.849099, 33.54733, 0.49000004, 8.730855
2504, 1699775, -0.0011999999405816197, False, 57.479027, 0.6983638, 0.0, -2.1078193, 33.35167, 0.49000004, 8.788193
2504, 1699776, -0.0011999999405816197, False, 57.359024, 0.41433573, 0.0, 0.9332914, 33.33401, 0.49000004, 8.760508
2504, 1699777, -0.0011999999405816197, False, 57.23902, 0.57833683, 0.0, 3.2856622, 33.44684, 0.49000004, 8.655635
2504, 1699778, -0.0011999999405816197, False, 57.11902, 0.95942354, 0.0, 5.38937, 33.679592, 0.49000004, 8.488525
2504, 1699779, -0.0011999999405816197, False, 56.999016, 1.0458356, 0.0, 1.666731, 33.81945, 0.49000004, 8.36831
2504, 1699780, -0.0011999999405816197, False, 56.879013, 0.6639242, 0.0, -1.2917364, 33.785046, 0.49000004, 8.326329
2504, 1699781, -0.0011999999405816197, False, 56.75901, 0.2389248, 0.0, -0.61591643, 33.732918, 0.49000004, 8.312163
2504, 1699782, -0.0011999999405816197, False, 56.639008, -0.039483815, 0.0, -3.0515432, 33.597153, 0.49000004, 8.311867
2504, 1699783, -0.0011999999405816197, False, 56.519005, -0.20169754, 0.0, -1.7063487, 33.46984, 0.49000004, 8.313513
2504, 1699784, -0.0011999999405816197, False, 56.399002, -0.18447429, 0.0, -0.815832, 33.40364, 0.49000004, 8.314369
2504, 1699785, -0.0011999999405816197, False, 56.279, -0.08140203, 0.0, -0.23992185, 33.37785, 0.49000004, 8.314703
2504, 1699786, -0.0011999999405816197, False, 56.158997, -0.24811155, 0.0, -2.6847446, 33.269226, 0.49000004, 8.280896
2504, 1699787, -0.0011999999405816197, False, 56.038994, 0.21087492, 0.0, -4.9188285, 33.033264, 0.49000004, 8.19311
2504, 1699788, -0.0011999999405816197, False, 55.91899, 0.80807734, 0.0, -6.893072, 32.67754, 0.49000004, 8.068269
2504, 1699789, -0.0011999999405816197, False, 55.79899, 1.5138986, 0.0, -8.6206, 32.208866, 0.49000004, 7.926169
2504, 1699790, -0.0011999999405816197, False, 55.678986, 2.2976873, 0.0, -10.115703, 31.635271, 0.49000004, 7.7848873
2504, 1699791, -0.0011999999405816197, False, 55.558983, 1.2514174, 0.0, -6.2125473, 31.192896, 0.49000004, 7.6618505
2504, 1699792, -0.0011999999405816197, False, 55.43898, 0.6716043, 0.0, -2.5938706, 30.977926, 0.49000004, 7.5748034
2504, 1699793, -0.0011999999405816197, False, 55.318977, 0.4088657, 0.0, 0.53197974, 30.959494, 0.49000004, 7.5400343
2504, 1699794, -0.0011999999405816197, False, 55.198975, 0.31448764, 0.0, 2.9690905, 31.0914, 0.49000004, 7.547254
2504, 1699795, -0.0011999999405816197, False, 55.07897, -0.1811949, 0.0, 5.1815033, 31.356857, 0.49000004, 7.5838737
2504, 1699796, -0.0011999999405816197, False, 54.95897, -0.80786514, 0.0, 7.1326246, 31.745623, 0.49000004, 7.631984
2504, 1699797, -0.0011999999405816197, False, 54.838966, -1.5371583, 0.0, 8.836569, 32.24707, 0.49000004, 7.6735573
2504, 1699798, -0.0011999999405816197, False, 54.718964, -2.3393397, 0.0, 10.308267, 32.84972, 0.49000004, 7.692537
2504, 1699799, -0.0011999999405816197, False, 54.59896, -2.1543362, 0.0, 6.3333726, 33.32156, 0.49000004, 7.699012
2504, 1699800, -0.0011999999405816197, False, 54.47896, -1.7288079, 0.0, 3.7438743, 33.615574, 0.49000004, 7.703047
2504, 1699801, -0.0011999999405816197, False, 54.358955, -1.4544394, 0.0, 0.23962629, 33.73262, 0.49000004, 7.7504663
2504, 1699802, -0.0011999999405816197, False, 54.238953, -1.2528187, 0.0, -2.2309408, 33.688274, 0.49000004, 7.8564887
2504, 1699803, -0.0011999999405816197, False, 54.11895, -0.80479556, 0.0, -1.1359363, 33.625713, 0.49000004, 7.9404693
2504, 1699804, -0.0011999999405816197, False, 53.998947, -0.40987286, 0.0, -0.46626803, 33.59509, 0.49000004, 7.9815784
2504, 1699805, -0.0011999999405816197, False, 53.878944, -0.5211968, 0.0, -2.8676314, 33.47479, 0.49000004, 8.025327
2504, 1699806, -0.0011999999405816197, False, 53.75894, -0.45682105, 0.0, -1.5620879, 33.35862, 0.49000004, 8.0592985
2504, 1699807, -0.0011999999405816197, False, 53.63894, -0.29464215, 0.0, -0.71836954, 33.299065, 0.49000004, 8.076714
2504, 1699808, -0.0011999999405816197, False, 53.518936, -0.101313226, 0.0, -0.1881497, 33.276943, 0.49000004, 8.083182
2504, 1699809, -0.0011999999405816197, False, 53.398933, -1.6887844e-16, 0.0, -8.790147e-16, 33.275547, 0.49000004, 8.0835905
2504, 1699810, -0.0011999999405816197, False, 53.27893, -0.16571993, 0.0, 2.474432, 33.371666, 0.49000004, 8.112184
2504, 1699811, -0.0011999999405816197, False, 53.158928, -0.53432906, 0.0, 4.6925282, 33.604572, 0.49000004, 8.168006
2504, 1699812, -0.0011999999405816197, False, 53.038925, -1.0623162, 0.0, 6.66078, 33.964035, 0.49000004, 8.232234
2504, 1699813, -0.0011999999405816197, False, 52.918922, -1.281115, 0.0, 2.7936268, 34.211983, 0.49000004, 8.291671
2504, 1699814, -0.0011999999405816197, False, 52.79892, -0.9516107, 0.0, -0.47599947, 34.255344, 0.49000004, 8.3522625
2504, 1699815, -0.0011999999405816197, False, 52.678917, -0.5231465, 0.0, -3.0097046, 34.140167, 0.49000004, 8.428253
2504, 1699816, -0.0011999999405816197, False, 52.558914, 0.010423303, 0.0, -5.2377863, 33.893185, 0.49000004, 8.540593
2504, 1699817, -0.0011999999405816197, False, 52.43891, -0.2520836, 0.0, -1.5932448, 33.7409, 0.49000004, 8.610533
2504, 1699818, -0.0011999999405816197, False, 52.31891, -0.19836769, 0.0, -0.7407914, 33.686195, 0.49000004, 8.638392
2504, 1699819, -0.0011999999405816197, False, 52.198906, -0.07428553, 0.0, -0.19361264, 33.66605, 0.49000004, 8.648652
2504, 1699820, -0.0011999999405816197, False, 52.078903, -0.23822446, 0.0, -2.643523, 33.55562, 0.49000004, 8.66132
2504, 1699821, -0.0011999999405816197, False, 51.9589, -0.281417, 0.0, -1.4278783, 33.446957, 0.49000004, 8.671111
2504, 1699822, -0.0011999999405816197, False, 51.838898, -0.1953779, 0.0, -0.63314295, 33.393017, 0.49000004, 8.675972
2504, 1699823, -0.0011999999405816197, False, 51.718895, -0.054415505, 0.0, -0.12727112, 33.37526, 0.49000004, 8.677572
2504, 1699824, -0.0011999999405816197, False, 51.598892, -0.19177711, 0.0, 2.3557575, 33.463806, 0.49000004, 8.706337
2504, 1699825, -0.0011999999405816197, False, 51.47889, -0.07606525, 0.0, -0.7516815, 33.47325, 0.49000004, 8.715219
2504, 1699826, -0.0011999999405816197, False, 51.358887, -0.12930554, 0.0, 1.7973692, 33.5303, 0.49000004, 8.727051
2504, 1699827, -0.0011999999405816197, False, 51.238884, -0.030291239, 0.0, -1.0785694, 33.516968, 0.49000004, 8.732552
2504, 1699828, -0.0011999999405816197, False, 51.11888, 0.24214473, 0.0, -3.4500976, 33.356056, 0.49000004, 8.736662
2504, 1699829, -0.0011999999405816197, False, 50.99888, 0.6929034, 0.0, -5.5657883, 33.062286, 0.49000004, 8.7571125
2504, 1699830, -0.0011999999405816197, False, 50.878876, 1.2841619, 0.0, -7.434229, 32.650696, 0.49000004, 8.808755
2504, 1699831, -0.0011999999405816197, False, 50.758873, 1.5536643, 0.0, -3.4704683, 32.3513, 0.49000004, 8.830507
2504, 1699832, -0.0011999999405816197, False, 50.63887, 1.0360602, 0.0, -0.26669323, 32.25424, 0.49000004, 8.790944
2504, 1699833, -0.0011999999405816197, False, 50.518867, 0.61261404, 0.0, 2.3802085, 32.32245, 0.49000004, 8.713566
2504, 1699834, -0.0011999999405816197, False, 50.398865, 0.89493656, 0.0, 4.5716076, 32.524334, 0.49000004, 8.591044
2504, 1699835, -0.0011999999405816197, False, 50.278862, 0.1673646, 0.0, 6.6822085, 32.848568, 0.49000004, 8.432026
2504, 1699836, -0.0011999999405816197, False, 50.15886, -0.65005016, 0.0, 8.517938, 33.27869, 0.49000004, 8.227634
2504, 1699837, -0.0011999999405816197, False, 50.038857, -1.1289598, 0.0, 4.494698, 33.60257, 0.49000004, 8.084378
2504, 1699838, -0.0011999999405816197, False, 49.918854, -0.66859037, 0.0, 1.0519161, 33.737938, 0.49000004, 8.054661
2504, 1699839, -0.0011999999405816197, False, 49.79885, -0.49779558, 0.0, -1.6104251, 33.708607, 0.49000004, 8.101396
2504, 1699840, -0.0011999999405816197, False, 49.67885, -0.32070386, 0.0, -0.74909496, 33.6599, 0.49000004, 8.144
2504, 1699841, -0.0011999999405816197, False, 49.558846, -0.11655909, 0.0, -0.20875598, 33.641228, 0.49000004, 8.160331
2504, 1699842, -0.0011999999405816197, False, 49.438843, -0.27092463, 0.0, -2.654221, 33.5323, 0.49000004, 8.186653
2504, 1699843, -0.0011999999405816197, False, 49.31884, -0.30018076, 0.0, -1.4333608, 33.424896, 0.49000004, 8.209146
2504, 1699844, -0.0011999999405816197, False, 49.198837, -0.20470938, 0.0, -0.6365182, 33.37148, 0.49000004, 8.220331
2504, 1699845, -0.0011999999405816197, False, 49.078835, -0.05752858, 0.0, -0.13026097, 33.35376, 0.49000004, 8.224042
2504, 1699846, -0.0011999999405816197, False, 48.95883, -2.6397065e-17, 0.0, 8.577117e-18, 33.35356, 0.49000004, 8.224083
2504, 1699847, -0.0011999999405816197, False, 48.83883, 0.16571987, 0.0, -2.4744318, 33.257442, 0.49000004, 8.19549
2504, 1699848, -0.0011999999405816197, False, 48.718826, 0.5343293, 0.0, -4.692528, 33.024536, 0.49000004, 8.1396675
2504, 1699849, -0.0011999999405816197, False, 48.598824, 1.062317, 0.0, -6.6607795, 32.665073, 0.49000004, 8.075439
2504, 1699850, -0.0011999999405816197, False, 48.47882, 1.7110652, 0.0, -8.389086, 32.190113, 0.49000004, 8.020025
2504, 1699851, -0.0011999999405816197, False, 48.358818, 0.89046687, 0.0, -4.5986953, 31.837355, 0.49000004, 7.9663534
2504, 1699852, -0.0011999999405816197, False, 48.238815, 0.16117615, 0.0, -6.7062054, 31.478327, 0.49000004, 7.915542
2504, 1699853, -0.0011999999405816197, False, 48.118813, -0.26929548, 0.0, -2.9306183, 31.230175, 0.49000004, 7.883378
2504, 1699854, -0.0011999999405816197, False, 47.99881, -0.14165592, 0.0, 0.26414317, 31.186348, 0.49000004, 7.8860965
2504, 1699855, -0.0011999999405816197, False, 47.878807, -0.29531795, 0.0, 2.7023857, 31.298075, 0.49000004, 7.9142923
2504, 1699856, -0.0011999999405816197, False, 47.758804, -0.6642157, 0.0, 4.887163, 31.547585, 0.49000004, 7.953681
2504, 1699857, -0.0011999999405816197, False, 47.6388, -1.1925169, 0.0, 6.8250694, 31.922756, 0.49000004, 7.987057
2504, 1699858, -0.0011999999405816197, False, 47.5188, -1.8401103, 0.0, 8.525871, 32.410866, 0.49000004, 7.9986677
2504, 1699859, -0.0011999999405816197, False, 47.398796, -2.5729113, 0.0, 10.001986, 32.998627, 0.49000004, 7.9744043
2504, 1699860, -0.0011999999405816197, False, 47.278793, -2.2786813, 0.0, 6.1186914, 33.45849, 0.49000004, 7.945684
2504, 1699861, -0.0011999999405816197, False, 47.15879, -2.2432914, 0.0, 2.2366815, 33.70898, 0.49000004, 7.9704247
2504, 1699862, -0.0011999999405816197, False, 47.038788, -1.7021005, 0.0, -0.6153556, 33.772915, 0.49000004, 8.061872
2504, 1699863, -0.0011999999405816197, False, 46.918785, -0.8708779, 0.0, -0.2151379, 33.777973, 0.49000004, 8.132097
2504, 1699864, -0.0011999999405816197, False, 46.798782, -0.2906768, 0.0, -0.040211946, 33.78003, 0.49000004, 8.160596
2504, 1699865, -0.0011999999405816197, False, 46.67878, -0.37964094, 0.0, -2.493317, 33.68183, 0.49000004, 8.192992
2504, 1699866, -0.0011999999405816197, False, 46.558777, -0.3461463, 0.0, -1.3234245, 33.582138, 0.49000004, 8.219066
2504, 1699867, -0.0011999999405816197, False, 46.438774, -0.21336606, 0.0, -0.5659236, 33.533615, 0.49000004, 8.231755
2504, 1699868, -0.0011999999405816197, False, 46.31877, -0.04495606, 0.0, -0.089550205, 33.51893, 0.49000004, 8.235596
2504, 1699869, -0.0011999999405816197, False, 46.19877, 0.0, 0.0, 0.0, 33.518913, 0.49000004, 8.2355995
2504, 1699870, -0.0011999999405816197, False, 46.078766, 0.0, 0.0, 0.0, 33.518913, 0.49000004, 8.2355995
2504, 1699871, -0.0011999999405816197, False, 45.958763, 0.16571915, 0.0, -2.4744322, 33.426308, 0.49000004, 8.197117
2504, 1699872, -0.0011999999405816197, False, 45.83876, 0.53432965, 0.0, -4.6925287, 33.200516, 0.49000004, 8.117254
2504, 1699873, -0.0011999999405816197, False, 45.718758, 1.0623176, 0.0, -6.660779, 32.84974, 0.49000004, 8.015804
2504, 1699874, -0.0011999999405816197, False, 45.598755, 1.7110656, 0.0, -8.389085, 32.38317, 0.49000004, 7.9110456
2504, 1699875, -0.0011999999405816197, False, 45.478752, 2.446692, 0.0, -9.889961, 31.810926, 0.49000004, 7.8197007
2504, 1699876, -0.0011999999405816197, False, 45.35875, 1.0418298, 0.0, -11.628332, 31.143385, 0.49000004, 7.751621
2504, 1699877, -0.0011999999405816197, False, 45.238747, 0.03154719, 0.0, -7.4530973, 30.616339, 0.49000004, 7.697066
2504, 1699878, -0.0011999999405816197, False, 45.118744, 0.026609987, 0.0, -3.6171587, 30.32603, 0.49000004, 7.6648436
2504, 1699879, -0.0011999999405816197, False, 44.99874, -0.058618903, 0.0, -0.14018564, 30.249876, 0.49000004, 7.657406
2504, 1699880, -0.0011999999405816197, False, 44.87874, -0.040789425, 0.0, 2.354183, 30.339748, 0.49000004, 7.679249
2504, 1699881, -0.0011999999405816197, False, 44.758736, -0.033847153, 0.0, 4.616379, 30.566935, 0.49000004, 7.729744
2504, 1699882, -0.0011999999405816197, False, 44.638733, -0.6281569, 0.0, 6.636035, 30.919111, 0.49000004, 7.8037953
2504, 1699883, -0.0011999999405816197, False, 44.51873, -1.3331338, 0.0, 8.404707, 31.386707, 0.49000004, 7.8847995
2504, 1699884, -0.0011999999405816197, False, 44.398727, -2.1187344, 0.0, 9.936993, 31.959757, 0.49000004, 7.955378
2504, 1699885, -0.0011999999405816197, False, 44.278725, -2.9570746, 0.0, 11.248762, 32.627403, 0.49000004, 7.999945
2504, 1699886, -0.0011999999405816197, False, 44.158722, -3.8236964, 0.0, 12.356893, 33.37801, 0.49000004, 8.0046625
2504, 1699887, -0.0011999999405816197, False, 44.03872, -3.2505336, 0.0, 7.5862274, 33.958206, 0.49000004, 7.9965043
2504, 1699888, -0.0011999999405816197, False, 43.918716, -3.2565997, 0.0, 3.469089, 34.306328, 0.49000004, 8.037338
2504, 1699889, -0.0011999999405816197, False, 43.798714, -2.5170388, 0.0, 0.48482752, 34.45611, 0.49000004, 8.145798
2504, 1699890, -0.0011999999405816197, False, 43.67871, -2.130528, 0.0, -1.9903605, 34.433926, 0.49000004, 8.294836
2504, 1699891, -0.0011999999405816197, False, 43.55871, -1.2994225, 0.0, -0.9810308, 34.382656, 0.49000004, 8.404525
2504, 1699892, -0.0011999999405816197, False, 43.438705, -1.2972708, 0.0, -3.2802677, 34.242558, 0.49000004, 8.500195
2504, 1699893, -0.0011999999405816197, False, 43.318703, -0.9410668, 0.0, -1.8018048, 34.11038, 0.49000004, 8.569229
2504, 1699894, -0.0011999999405816197, False, 43.1987, -1.1030893, 0.0, -4.029111, 33.908306, 0.49000004, 8.61598
2504, 1699895, -0.0011999999405816197, False, 43.078697, -0.89495695, 0.0, -2.2941144, 33.73176, 0.49000004, 8.644925
2504, 1699896, -0.0011999999405816197, False, 42.958694, -0.60957766, 0.0, -1.1804662, 33.632763, 0.49000004, 8.661155
2504, 1699897, -0.0011999999405816197, False, 42.83869, -0.4884529, 0.0, -3.5586252, 33.46419, 0.49000004, 8.639367
2504, 1699898, -0.0011999999405816197, False, 42.71869, -0.18207194, 0.0, -0.1618244, 33.387146, 0.49000004, 8.63577
2504, 1699899, -0.0011999999405816197, False, 42.598686, -0.27684575, 0.0, 2.3177822, 33.47525, 0.49000004, 8.66044
2504, 1699900, -0.0011999999405816197, False, 42.478683, -0.12434698, 0.0, -0.7745514, 33.484062, 0.49000004, 8.673866
2504, 1699901, -0.0011999999405816197, False, 42.35868, 0.14115202, 0.0, -3.18398, 33.34023, 0.49000004, 8.682685
2504, 1699902, -0.0011999999405816197, False, 42.238678, 0.58236074, 0.0, -5.3345265, 33.06192, 0.49000004, 8.706971
2504, 1699903, -0.0011999999405816197, False, 42.118675, 1.1665069, 0.0, -7.2353463, 32.664326, 0.49000004, 8.761822
2504, 1699904, -0.0011999999405816197, False, 41.998672, 1.4324096, 0.0, -3.3008547, 32.3776, 0.49000004, 8.786249
2504, 1699905, -0.0011999999405816197, False, 41.87867, 0.9384936, 0.0, -0.117976785, 32.291733, 0.49000004, 8.749246
2504, 1699906, -0.0011999999405816197, False, 41.758667, 0.532774, 0.0, 2.4907408, 32.368458, 0.49000004, 8.673874
2504, 1699907, -0.0011999999405816197, False, 41.638664, 0.8401902, 0.0, 4.6772685, 32.577682, 0.49000004, 8.552662
2504, 1699908, -0.0011999999405816197, False, 41.51866, 0.11137581, 0.0, 6.772214, 32.90846, 0.49000004, 8.394604
2504, 1699909, -0.0011999999405816197, False, 41.39866, -0.7069051, 0.0, 8.594007, 33.344444, 0.49000004, 8.190947
2504, 1699910, -0.0011999999405816197, False, 41.278656, -1.1850656, 0.0, 4.558466, 33.673588, 0.49000004, 8.048235
2504, 1699911, -0.0011999999405816197, False, 41.158653, -0.7111356, 0.0, 1.1153629, 33.81368, 0.49000004, 8.018862
2504, 1699912, -0.0011999999405816197, False, 41.03865, -0.5242741, 0.0, -1.5623755, 33.787933, 0.49000004, 8.066041
2504, 1699913, -0.0011999999405816197, False, 40.918648, -0.32822722, 0.0, -0.71857244, 33.74153, 0.49000004, 8.108634
2504, 1699914, -0.0011999999405816197, False, 40.798645, -0.11316846, 0.0, -0.19174023, 33.7241, 0.49000004, 8.124637
2504, 1699915, -0.0011999999405816197, False, 40.678642, -1.976199e-16, 0.0, -2.4403692e-16, 33.72291, 0.49000004, 8.125727
2504, 1699916, -0.0011999999405816197, False, 40.55864, -0.16571926, 0.0, -2.4744325, 33.62295, 0.49000004, 8.133709
2504, 1699917, -0.0011999999405816197, False, 40.438637, -0.22882831, 0.0, -1.3204391, 33.522064, 0.49000004, 8.140466
2504, 1699918, -0.0011999999405816197, False, 40.318634, -0.15997912, 0.0, -0.56416786, 33.473297, 0.49000004, 8.143731
2504, 1699919, -0.0011999999405816197, False, 40.19863, -0.032738775, 0.0, -0.0817222, 33.458992, 0.49000004, 8.144689
2504, 1699920, -0.0011999999405816197, False, 40.07863, 0.0, 0.0, 0.0, 33.45898, 0.49000004, 8.14469
2504, 1699921, -0.0011999999405816197, False, 39.958626, -0.16571933, 0.0, 2.474432, 33.551586, 0.49000004, 8.183172
2504, 1699922, -0.0011999999405816197, False, 39.838623, -0.08737396, 0.0, -0.6682062, 33.56541, 0.49000004, 8.19658
2504, 1699923, -0.0011999999405816197, False, 39.71862, -0.14912778, 0.0, 1.8702388, 33.626812, 0.49000004, 8.210172
2504, 1699924, -0.0011999999405816197, False, 39.598618, -0.038526986, 0.0, -1.019982, 33.617233, 0.49000004, 8.21654
2504, 1699925, -0.0011999999405816197, False, 39.478615, 0.23024872, 0.0, -3.3979409, 33.459618, 0.49000004, 8.221065
2504, 1699926, -0.0011999999405816197, False, 39.358612, 0.6778314, 0.0, -5.5197797, 33.168835, 0.49000004, 8.241847
2504, 1699927, -0.0011999999405816197, False, 39.23861, 1.2666799, 0.0, -7.394064, 32.75995, 0.49000004, 8.29376
2504, 1699928, -0.0011999999405816197, False, 39.118607, 0.5942118, 0.0, -3.6575325, 32.46465, 0.49000004, 8.320659
2504, 1699929, -0.0011999999405816197, False, 38.998604, 0.5041892, 0.0, -5.8004303, 32.158592, 0.49000004, 8.353077
2504, 1699930, -0.0011999999405816197, False, 38.8786, 0.091808796, 0.0, -2.1450655, 31.958637, 0.49000004, 8.370946
2504, 1699931, -0.0011999999405816197, False, 38.7586, -0.29081047, 0.0, -4.417743, 31.738178, 0.49000004, 8.38665
2504, 1699932, -0.0011999999405816197, False, 38.638596, -0.39220834, 0.0, -0.83819366, 31.616543, 0.49000004, 8.403758
2504, 1699933, -0.0011999999405816197, False, 38.518593, -0.11962855, 0.0, 1.811993, 31.671844, 0.49000004, 8.426695
2504, 1699934, -0.0011999999405816197, False, 38.39859, -0.43221605, 0.0, 4.099045, 31.868824, 0.49000004, 8.47232
2504, 1699935, -0.0011999999405816197, False, 38.278587, -0.9170097, 0.0, 6.1345615, 32.195667, 0.49000004, 8.527471
2504, 1699936, -0.0011999999405816197, False, 38.158585, -1.5333492, 0.0, 7.927464, 32.641014, 0.49000004, 8.574847
2504, 1699937, -0.0011999999405816197, False, 38.03858, -1.4689078, 0.0, 4.8204904, 32.99718, 0.49000004, 8.605679
2504, 1699938, -0.0011999999405816197, False, 37.91858, -1.3890263, 0.0, 1.1465255, 33.156193, 0.49000004, 8.65282
2504, 1699939, -0.0011999999405816197, False, 37.798576, -0.9233962, 0.0, -1.7295811, 33.13439, 0.49000004, 8.732707
2504, 1699940, -0.0011999999405816197, False, 37.678574, -0.6259086, 0.0, 1.0956521, 33.165325, 0.49000004, 8.761719
2504, 1699941, -0.0011999999405816197, False, 37.55857, -0.7652327, 0.0, 3.417687, 33.320602, 0.49000004, 8.706194
2504, 1699942, -0.0011999999405816197, False, 37.43857, -0.15749621, 0.0, 5.6291075, 33.582993, 0.49000004, 8.569497
2504, 1699943, -0.0011999999405816197, False, 37.318565, 0.17232084, 0.0, 1.9585078, 33.750053, 0.49000004, 8.479699
2504, 1699944, -0.0011999999405816197, False, 37.198563, 0.04333538, 0.0, -0.95641863, 33.74276, 0.49000004, 8.474511
2504, 1699945, -0.0011999999405816197, False, 37.07856, -0.019802764, 0.0, -0.3327564, 33.712547, 0.49000004, 8.482836
2504, 1699946, -0.0011999999405816197, False, 36.958557, 0.0, 0.0, 0.0, 33.708374, 0.49000004, 8.483987
2504, 1699947, -0.0011999999405816197, False, 36.838554, -0.16571908, 0.0, -2.4744325, 33.608414, 0.49000004, 8.491969
2504, 1699948, -0.0011999999405816197, False, 36.71855, -0.22882824, 0.0, -1.3204387, 33.507526, 0.49000004, 8.498726
2504, 1699949, -0.0011999999405816197, False, 36.59855, -0.15997909, 0.0, -0.5641678, 33.45876, 0.49000004, 8.501991
2504, 1699950, -0.0011999999405816197, False, 36.478546, -0.03273875, 0.0, -0.08172215, 33.444454, 0.49000004, 8.502949
2504, 1699951, -0.0011999999405816197, False, 36.358543, 1.22777696e-23, 0.0, 2.350835e-23, 33.444443, 0.49000004, 8.50295
2504, 1699952, -0.0011999999405816197, False, 36.23854, 0.16571963, 0.0, -2.4744325, 33.351837, 0.49000004, 8.464467
2504, 1699953, -0.0011999999405816197, False, 36.118538, 0.08737424, 0.0, 0.668206, 33.338013, 0.49000004, 8.451059
2504, 1699954, -0.0011999999405816197, False, 35.998535, 0.14912811, 0.0, -1.8702388, 33.27661, 0.49000004, 8.437468
2504, 1699955, -0.0011999999405816197, False, 35.878532, 0.46191436, 0.0, -4.1491156, 33.07284, 0.49000004, 8.410797
2504, 1699956, -0.0011999999405816197, False, 35.75853, 0.9471456, 0.0, -6.177156, 32.739204, 0.49000004, 8.388503
2504, 1699957, -0.0011999999405816197, False, 35.638527, 1.5635757, 0.0, -7.963246, 32.28878, 0.49000004, 8.386545
2504, 1699958, -0.0011999999405816197, False, 35.518524, 1.3669627, 0.0, -9.708027, 31.734571, 0.49000004, 8.4166355
2504, 1699959, -0.0011999999405816197, False, 35.39852, 0.48421076, 0.0, -5.7524576, 31.309605, 0.49000004, 8.433376
2504, 1699960, -0.0011999999405816197, False, 35.27852, 0.079632826, 0.0, -2.099867, 31.111677, 0.49000004, 8.431033
2504, 1699961, -0.0011999999405816197, False, 35.158516, 0.029805973, 0.0, 0.85352683, 31.109705, 0.49000004, 8.430842
2504, 1699962, -0.0011999999405816197, False, 35.038513, 0.26829645, 0.0, 3.242038, 31.257034, 0.49000004, 8.447381
2504, 1699963, -0.0011999999405816197, False, 34.91851, -0.24454516, 0.0, 5.4234996, 31.536993, 0.49000004, 8.4895525
2504, 1699964, -0.0011999999405816197, False, 34.798508, -0.8853627, 0.0, 7.345252, 31.938934, 0.49000004, 8.542523
2504, 1699965, -0.0011999999405816197, False, 34.678505, -1.625169, 0.0, 9.021424, 32.45235, 0.49000004, 8.588371
2504, 1699966, -0.0011999999405816197, False, 34.558502, -1.6085881, 0.0, 5.532445, 32.858807, 0.49000004, 8.618308
2504, 1699967, -0.0011999999405816197, False, 34.4385, -1.326907, 0.0, 3.2495291, 33.109634, 0.49000004, 8.636783
2504, 1699968, -0.0011999999405816197, False, 34.318497, -1.0436589, 0.0, -0.13273013, 33.18832, 0.49000004, 8.682987
2504, 1699969, -0.0011999999405816197, False, 34.198494, -0.9320891, 0.0, 2.3276296, 33.29542, 0.49000004, 8.688163
2504, 1699970, -0.0011999999405816197, False, 34.07849, -1.1545721, 0.0, 4.500711, 33.519283, 0.49000004, 8.612875
2504, 1699971, -0.0011999999405816197, False, 33.95849, -0.6887427, 0.0, 1.0607735, 33.65575, 0.49000004, 8.584029
2504, 1699972, -0.0011999999405816197, False, 33.838486, -0.28114712, 0.0, 3.4990864, 33.81361, 0.49000004, 8.536644
2504, 1699973, -0.0011999999405816197, False, 33.718483, -0.04468805, 0.0, 0.06714746, 33.88207, 0.49000004, 8.517304
2504, 1699974, -0.0011999999405816197, False, 33.59848, 0.0, 0.0, 0.0, 33.88208, 0.49000004, 8.517307
2504, 1699975, -0.0011999999405816197, False, 33.478477, -0.16571942, 0.0, -2.4744325, 33.7835, 0.49000004, 8.535695
2504, 1699976, -0.0011999999405816197, False, 33.358475, -0.2288282, 0.0, -1.3204389, 33.68387, 0.49000004, 8.552959
2504, 1699977, -0.0011999999405816197, False, 33.238472, -0.15997902, 0.0, -0.5641678, 33.635708, 0.49000004, 8.561306
2504, 1699978, -0.0011999999405816197, False, 33.11847, -0.03273874, 0.0, -0.08172211, 33.621582, 0.49000004, 8.563753
2504, 1699979, -0.0011999999405816197, False, 32.998466, 0.0, 0.0, 0.0, 33.62157, 0.49000004, 8.563755
2504, 1699980, -0.0011999999405816197, False, 32.878464, 5.9604645e-08, 0.0, -2.4810271, 33.52616, 0.49000004, 8.532754
2504, 1699981, -0.0011999999405816197, False, 32.75846, 0.14015418, 0.0, -1.3334703, 33.42995, 0.49000004, 8.5014925
2504, 1699982, -0.0011999999405816197, False, 32.63846, 0.40208304, 0.0, -3.665904, 33.259495, 0.49000004, 8.460494
2504, 1699983, -0.0011999999405816197, False, 32.518456, 0.34112728, 0.0, -5.807008, 32.9569, 0.49000004, 8.406972
2504, 1699984, -0.0011999999405816197, False, 32.398453, 1.0052361, 0.0, -7.6825447, 32.534054, 0.49000004, 8.346495
2504, 1699985, -0.0011999999405816197, False, 32.27845, 1.7623205, 0.0, -9.314921, 32.00166, 0.49000004, 8.294028
2504, 1699986, -0.0011999999405816197, False, 32.158447, 0.85755527, 0.0, -5.437421, 31.59686, 0.49000004, 8.242619
2504, 1699987, -0.0011999999405816197, False, 32.038445, 0.4038738, 0.0, -1.8549712, 31.417706, 0.49000004, 8.200097
2504, 1699988, -0.0011999999405816197, False, 31.918442, 0.23231691, 0.0, 1.0177824, 31.42911, 0.49000004, 8.187631
2504, 1699989, -0.0011999999405816197, False, 31.798439, 0.44360274, 0.0, 3.3743355, 31.585138, 0.49000004, 8.211299
2504, 1699990, -0.0011999999405816197, False, 31.678436, -0.10927224, 0.0, 5.5591702, 31.869173, 0.49000004, 8.275861
2504, 1699991, -0.0011999999405816197, False, 31.558434, -0.7822472, 0.0, 7.4797096, 32.272366, 0.49000004, 8.364952
2504, 1699992, -0.0011999999405816197, False, 31.43843, -1.5488254, 0.0, 9.151739, 32.786266, 0.49000004, 8.459404
2504, 1699993, -0.0011999999405816197, False, 31.318428, -1.570439, 0.0, 5.622547, 33.19331, 0.49000004, 8.5282955
2504, 1699994, -0.0011999999405816197, False, 31.198425, -1.5811735, 0.0, 1.840164, 33.391582, 0.49000004, 8.593664
2504, 1699995, -0.0011999999405816197, False, 31.078423, -1.1242461, 0.0, -1.221227, 33.39736, 0.49000004, 8.673838
2504, 1699996, -0.0011999999405816197, False, 30.95842, -0.84270406, 0.0, 1.4660089, 33.451935, 0.49000004, 8.70839
2504, 1699997, -0.0011999999405816197, False, 30.838417, -0.98368895, 0.0, 3.7352633, 33.636063, 0.49000004, 8.671551
2504, 1699998, -0.0011999999405816197, False, 30.718414, -0.79884887, 0.0, 2.1080837, 33.794754, 0.49000004, 8.6283
2504, 1699999, -0.0011999999405816197, False, 30.598412, -0.49343684, 0.0, -0.829951, 33.815536, 0.49000004, 8.653915
2504, 1700000, -0.0011999999405816197, False, 30.478409, -0.19482726, 0.0, 1.8367219, 33.87716, 0.49000004, 8.643951
2504, 1700001, -0.0011999999405816197, False, 30.358406, -0.115976125, 0.0, -1.0251962, 33.869717, 0.49000004, 8.65274
2504, 1700002, -0.0011999999405816197, False, 30.238403, -0.08248931, 0.0, -0.37349734, 33.83809, 0.49000004, 8.667123
2504, 1700003, -0.0011999999405816197, False, 30.1184, -0.26225054, 0.0, -2.805045, 33.71979, 0.49000004, 8.693812
2504, 1700004, -0.0011999999405816197, False, 29.998398, -0.3073965, 0.0, -1.5326316, 33.605495, 0.49000004, 8.716736
2504, 1700005, -0.0011999999405816197, False, 29.878395, -0.21874428, 0.0, -0.70053166, 33.547546, 0.49000004, 8.728356
2504, 1700006, -0.0011999999405816197, False, 29.758392, -0.073517226, 0.0, -0.17036754, 33.526863, 0.49000004, 8.732505
2504, 1700007, -0.0011999999405816197, False, 29.63839, -1.2141156e-16, 0.0, -1.94022e-16, 33.52592, 0.49000004, 8.732694
2504, 1700008, -0.0011999999405816197, False, 29.518387, 0.1657201, 0.0, -2.4744325, 33.429802, 0.49000004, 8.704101
2504, 1700009, -0.0011999999405816197, False, 29.398384, 0.08737445, 0.0, 0.66820586, 33.41465, 0.49000004, 8.692211
2504, 1700010, -0.0011999999405816197, False, 29.278381, 0.14912835, 0.0, -1.8702393, 33.352165, 0.49000004, 8.685112
2504, 1700011, -0.0011999999405816197, False, 29.158379, 0.46191406, 0.0, -4.1491146, 33.146725, 0.49000004, 8.679888
2504, 1700012, -0.0011999999405816197, False, 29.038376, 0.9471456, 0.0, -6.177156, 32.812584, 0.49000004, 8.69259
2504, 1700013, -0.0011999999405816197, False, 28.918373, 1.5635741, 0.0, -7.9632473, 32.364426, 0.49000004, 8.737723
2504, 1700014, -0.0011999999405816197, False, 28.79837, 0.7994572, 0.0, -4.200331, 32.033554, 0.49000004, 8.758979
2504, 1700015, -0.0011999999405816197, False, 28.678368, 0.42008942, 0.0, -0.74829936, 31.917997, 0.49000004, 8.744846
2504, 1700016, -0.0011999999405816197, False, 28.558365, 0.34787259, 0.0, 1.8281437, 31.977694, 0.49000004, 8.724429
2504, 1700017, -0.0011999999405816197, False, 28.438362, -0.053211093, 0.0, 4.155311, 32.18084, 0.49000004, 8.703644
2504, 1700018, -0.0011999999405816197, False, 28.31836, -0.60089433, 0.0, 6.2183924, 32.512985, 0.49000004, 8.66899
2504, 1700019, -0.0011999999405816197, False, 28.198357, -0.7651006, 0.0, 3.7540596, 32.785, 0.49000004, 8.638093
2504, 1700020, -0.0011999999405816197, False, 28.078354, -0.6723847, 0.0, 2.1300066, 32.947, 0.49000004, 8.619692
2504, 1700021, -0.0011999999405816197, False, 27.958351, -0.9178699, 0.0, 4.3421726, 33.161568, 0.49000004, 8.56011
2504, 1700022, -0.0011999999405816197, False, 27.838348, -1.3543563, 0.0, 6.3128543, 33.483486, 0.49000004, 8.428484
2504, 1700023, -0.0011999999405816197, False, 27.718346, -0.74977815, 0.0, 2.6951737, 33.709385, 0.49000004, 8.350506
2504, 1700024, -0.0011999999405816197, False, 27.598343, -0.4227428, 0.0, -0.40389654, 33.75197, 0.49000004, 8.362743
2504, 1700025, -0.0011999999405816197, False, 27.47834, -0.0687527, 0.0, -0.05312652, 33.74716, 0.49000004, 8.376166
2504, 1700026, -0.0011999999405816197, False, 27.358337, 0.121190965, 0.0, -2.5280123, 33.650738, 0.49000004, 8.413557
2504, 1700027, -0.0011999999405816197, False, 27.238335, 0.047326848, 0.0, 0.6152401, 33.63149, 0.49000004, 8.419069
2504, 1700028, -0.0011999999405816197, False, 27.118332, 0.019548014, 0.0, 0.106521286, 33.64604, 0.49000004, 8.413072
2504, 1700029, -0.0011999999405816197, False, 26.99833, -0.14227897, 0.0, -2.3798327, 33.55313, 0.49000004, 8.429342
2504, 1700030, -0.0011999999405816197, False, 26.878326, -0.20899044, 0.0, -1.2594908, 33.457718, 0.49000004, 8.445175
2504, 1700031, -0.0011999999405816197, False, 26.758324, -0.14478725, 0.0, -0.5248809, 33.41237, 0.49000004, 8.4527
2504, 1700032, -0.0011999999405816197, False, 26.63832, -0.02202758, 0.0, -0.056145985, 33.40012, 0.49000004, 8.454732
2504, 1700033, -0.0011999999405816197, False, 26.518318, -7.23671e-24, 0.0, -1.15646e-23, 33.400112, 0.49000004, 8.454733
2504, 1700034, -0.0011999999405816197, False, 26.398315, -0.16571969, 0.0, 2.474432, 33.496227, 0.49000004, 8.483326
2504, 1700035, -0.0011999999405816197, False, 26.278313, -0.53432906, 0.0, 4.6925282, 33.729134, 0.49000004, 8.53915
2504, 1700036, -0.0011999999405816197, False, 26.15831, -0.6153363, 0.0, 1.0710601, 33.86252, 0.49000004, 8.583242
2504, 1700037, -0.0011999999405816197, False, 26.038307, -0.29368713, 0.0, -1.683491, 33.81449, 0.49000004, 8.611172
2504, 1700038, -0.0011999999405816197, False, 25.918304, 0.08483791, 0.0, -4.019701, 33.622437, 0.49000004, 8.649347
2504, 1700039, -0.0011999999405816197, False, 25.798302, 0.61481154, 0.0, -6.0932584, 33.30284, 0.49000004, 8.71528
2504, 1700040, -0.0011999999405816197, False, 25.678299, 0.8465673, 0.0, -2.316455, 33.086678, 0.49000004, 8.748507
2504, 1700041, -0.0011999999405816197, False, 25.558296, 0.54837894, 0.0, 0.79720396, 33.059258, 0.49000004, 8.715992
2504, 1700042, -0.0011999999405816197, False, 25.438293, 0.66857064, 0.0, 3.155528, 33.172615, 0.49000004, 8.62143
2504, 1700043, -0.0011999999405816197, False, 25.31829, 1.0220075, 0.0, 5.2648845, 33.412964, 0.49000004, 8.478156
2504, 1700044, -0.0011999999405816197, False, 25.198288, 1.0810685, 0.0, 1.553435, 33.557095, 0.49000004, 8.37233
2504, 1700045, -0.0011999999405816197, False, 25.078285, 0.6864628, 0.0, -1.380549, 33.521484, 0.49000004, 8.326333
2504, 1700046, -0.0011999999405816197, False, 24.958282, 0.25134274, 0.0, -0.67445827, 33.467026, 0.49000004, 8.306038
2504, 1700047, -0.0011999999405816197, False, 24.83828, 0.043937307, 0.0, -0.17065041, 33.447865, 0.49000004, 8.298897
2504, 1700048, -0.0011999999405816197, False, 24.718277, 8.129766e-18, 0.0, -2.2873394e-16, 33.44712, 0.49000004, 8.298618
2504, 1700049, -0.0011999999405816197, False, 24.598274, 3.350856e-39, 0.0, 4.8350907e-38, 33.44712, 0.49000004, 8.298618
2504, 1700050, -0.0011999999405816197, False, 24.478271, 0.0, 0.0, 0.0, 33.44712, 0.49000004, 8.298618
2504, 1700051, -0.0011999999405816197, False, 24.358269, 0.0, 0.0, 0.0, 33.44712, 0.49000004, 8.298618
2504, 1700052, -0.0011999999405816197, False, 24.238266, 1.7881393e-07, 0.0, -2.4810274, 33.351715, 0.49000004, 8.267617
2504, 1700053, -0.0011999999405816197, False, 24.118263, 0.39781308, 0.0, -4.7127485, 33.122864, 0.49000004, 8.195988
2504, 1700054, -0.0011999999405816197, False, 23.99826, 0.94778574, 0.0, -6.6908174, 32.769463, 0.49000004, 8.10153
2504, 1700055, -0.0011999999405816197, False, 23.878258, 1.6149349, 0.0, -8.42609, 32.300583, 0.49000004, 8.002816
2504, 1700056, -0.0011999999405816197, False, 23.758255, 2.3665357, 0.0, -9.9316435, 31.726282, 0.49000004, 7.9167447
2504, 1700057, -0.0011999999405816197, False, 23.638252, 1.326281, 0.0, -6.0538993, 31.28333, 0.49000004, 7.835866
2504, 1700058, -0.0011999999405816197, False, 23.51825, 0.74450815, 0.0, -2.4600072, 31.069256, 0.49000004, 7.7678943
2504, 1700059, -0.0011999999405816197, False, 23.398247, 0.43269342, 0.0, 0.5816076, 31.053799, 0.49000004, 7.7350993
2504, 1700060, -0.0011999999405816197, False, 23.278244, 0.33424607, 0.0, 3.0144422, 31.188715, 0.49000004, 7.741669
2504, 1700061, -0.0011999999405816197, False, 23.158241, -0.16876084, 0.0, 5.2242546, 31.45689, 0.49000004, 7.777781
2504, 1700062, -0.0011999999405816197, False, 23.038239, -0.80130553, 0.0, 7.172293, 31.848116, 0.49000004, 7.8254757
2504, 1700063, -0.0011999999405816197, False, 22.918236, -1.5353508, 0.0, 8.872909, 32.35179, 0.49000004, 7.8666987
2504, 1700064, -0.0011999999405816197, False, 22.798233, -2.3413525, 0.0, 10.34117, 32.95646, 0.49000004, 7.885376
2504, 1700065, -0.0011999999405816197, False, 22.67823, -2.1580746, 0.0, 6.3548217, 33.429794, 0.49000004, 7.891637
2504, 1700066, -0.0011999999405816197, False, 22.558228, -2.169584, 0.0, 2.4515343, 33.68676, 0.49000004, 7.932445
2504, 1700067, -0.0011999999405816197, False, 22.438225, -1.3751773, 0.0, 1.2597418, 33.81788, 0.49000004, 7.97381
2504, 1700068, -0.0011999999405816197, False, 22.318222, -1.0470326, 0.0, -1.4262033, 33.81521, 0.49000004, 8.048382
2504, 1700069, -0.0011999999405816197, False, 22.19822, -0.5854627, 0.0, -0.64377844, 33.781227, 0.49000004, 8.107913
2504, 1700070, -0.0011999999405816197, False, 22.078217, -0.20577735, 0.0, -0.1834445, 33.767677, 0.49000004, 8.131659
2504, 1700071, -0.0011999999405816197, False, 21.958214, -0.33411086, 0.0, -2.6258345, 33.66096, 0.49000004, 8.161897
2504, 1700072, -0.0011999999405816197, False, 21.838211, -0.031677663, 0.0, -1.4502194, 33.555084, 0.49000004, 8.186828
2504, 1700073, -0.0011999999405816197, False, 21.718208, -0.08323629, 0.0, -0.6541675, 33.502583, 0.49000004, 8.199191
2504, 1700074, -0.0011999999405816197, False, 21.598206, -0.031249076, 0.0, -0.13269588, 33.48537, 0.49000004, 8.203244
2504, 1700075, -0.0011999999405816197, False, 21.478203, 0.0, 0.0, 0.0, 33.485275, 0.49000004, 8.203266
2504, 1700076, -0.0011999999405816197, False, 21.3582, 0.0, 0.0, 0.0, 33.485275, 0.49000004, 8.203266
2504, 1700077, -0.0011999999405816197, False, 21.238197, 0.0, 0.0, 0.0, 33.485275, 0.49000004, 8.203266
2504, 1700078, -0.0011999999405816197, False, 21.118195, 0.0, 0.0, 0.0, 33.485275, 0.49000004, 8.203266
2504, 1700079, -0.0011999999405816197, False, 20.998192, 0.16571963, 0.0, -2.474432, 33.39267, 0.49000004, 8.164783
2504, 1700080, -0.0011999999405816197, False, 20.87819, 0.08955097, 0.0, -1.3371246, 33.29881, 0.49000004, 8.127178
2504, 1700081, -0.0011999999405816197, False, 20.758186, -0.023999602, 0.0, 1.4820638, 33.33668, 0.49000004, 8.133922
2504, 1700082, -0.0011999999405816197, False, 20.638184, -0.32319957, 0.0, 3.8095024, 33.516544, 0.49000004, 8.1707945
2504, 1700083, -0.0011999999405816197, False, 20.51818, -0.79628885, 0.0, 5.8828807, 33.827797, 0.49000004, 8.21836
2504, 1700084, -0.0011999999405816197, False, 20.398178, -0.9718315, 0.0, 2.1157556, 34.031948, 0.49000004, 8.263077
2504, 1700085, -0.0011999999405816197, False, 20.278175, -0.63250905, 0.0, -0.9534192, 34.039005, 0.49000004, 8.309647
2504, 1700086, -0.0011999999405816197, False, 20.158173, -0.2436558, 0.0, -3.3964987, 33.895294, 0.49000004, 8.37582
2504, 1700087, -0.0011999999405816197, False, 20.03817, -0.13966715, 0.0, -1.9469223, 33.76232, 0.49000004, 8.429821
2504, 1700088, -0.0011999999405816197, False, 19.918167, -0.17383617, 0.0, -0.9755902, 33.691055, 0.49000004, 8.458762
2504, 1700089, -0.0011999999405816197, False, 19.798164, -0.09861429, 0.0, -0.34158403, 33.660595, 0.49000004, 8.471131
2504, 1700090, -0.0011999999405816197, False, 19.678162, -1.862688e-09, 0.0, -3.725269e-09, 33.65591, 0.49000004, 8.473034
2504, 1700091, -0.0011999999405816197, False, 19.558159, 4.7473684e-31, 0.0, 7.4330476e-31, 33.65591, 0.49000004, 8.473034
2504, 1700092, -0.0011999999405816197, False, 19.438156, 0.0, 0.0, 0.0, 33.65591, 0.49000004, 8.473034
2504, 1700093, -0.0011999999405816197, False, 19.318153, 0.0, 0.0, 0.0, 33.65591, 0.49000004, 8.473034
2504, 1700094, -0.0011999999405816197, False, 19.19815, 0.0, 0.0, 0.0, 33.65591, 0.49000004, 8.473034
2504, 1700095, -0.0011999999405816197, False, 19.078148, 0.1657198, 0.0, -2.4744325, 33.563305, 0.49000004, 8.43455
2504, 1700096, -0.0011999999405816197, False, 18.958145, 0.13788319, 0.0, -4.725677, 33.338245, 0.49000004, 8.352195
2504, 1700097, -0.0011999999405816197, False, 18.838142, 0.72725797, 0.0, -6.7253385, 32.99163, 0.49000004, 8.234477
2504, 1700098, -0.0011999999405816197, False, 18.71814, 1.4275427, 0.0, -8.47649, 32.531273, 0.49000004, 8.098682
2504, 1700099, -0.0011999999405816197, False, 18.598137, 2.2081213, 0.0, -9.993408, 31.965256, 0.49000004, 7.9629917
2504, 1700100, -0.0011999999405816197, False, 18.478134, 1.1843324, 0.0, -6.093377, 31.529783, 0.49000004, 7.844907
2504, 1700101, -0.0011999999405816197, False, 18.358131, 0.6246679, 0.0, -2.4795854, 31.32112, 0.49000004, 7.7622223
2504, 1700102, -0.0011999999405816197, False, 18.238129, 0.37122452, 0.0, 0.6192437, 31.307917, 0.49000004, 7.731289
2504, 1700103, -0.0011999999405816197, False, 18.118126, 0.28730047, 0.0, 3.0469136, 31.444183, 0.49000004, 7.7412596
2504, 1700104, -0.0011999999405816197, False, 17.998123, -0.21093142, 0.0, 5.2492037, 31.713615, 0.49000004, 7.7801933
2504, 1700105, -0.0011999999405816197, False, 17.87812, -0.8398192, 0.0, 7.1910405, 32.106, 0.49000004, 7.8303137
2504, 1700106, -0.0011999999405816197, False, 17.758118, -1.5705729, 0.0, 8.886416, 32.610737, 0.49000004, 7.8736477
2504, 1700107, -0.0011999999405816197, False, 17.638115, -2.3734431, 0.0, 10.350255, 33.21637, 0.49000004, 7.894175
2504, 1700108, -0.0011999999405816197, False, 17.518112, -2.8015883, 0.0, 6.0018272, 33.68957, 0.49000004, 7.9291024
2504, 1700109, -0.0011999999405816197, False, 17.39811, -2.6776843, 0.0, 2.104281, 33.93927, 0.49000004, 8.008592
2504, 1700110, -0.0011999999405816197, False, 17.278107, -2.108254, 0.0, -1.1259782, 33.99918, 0.49000004, 8.135778
2504, 1700111, -0.0011999999405816197, False, 17.158104, -1.1865468, 0.0, -0.4819467, 34.002384, 0.49000004, 8.232721
2504, 1700112, -0.0011999999405816197, False, 17.038101, -0.5256408, 0.0, -0.15177584, 34.00391, 0.49000004, 8.278851
2504, 1700113, -0.0011999999405816197, False, 16.918098, -0.56968117, 0.0, -2.5831256, 33.906868, 0.49000004, 8.334508
2504, 1700114, -0.0011999999405816197, False, 16.798096, -0.4583786, 0.0, -1.3749778, 33.80792, 0.49000004, 8.37947
2504, 1700115, -0.0011999999405816197, False, 16.678093, -0.6618738, 0.0, -3.6792743, 33.633366, 0.49000004, 8.419068
2504, 1700116, -0.0011999999405816197, False, 16.55809, -0.60594845, 0.0, -2.0859568, 33.47709, 0.49000004, 8.44718
2504, 1700117, -0.0011999999405816197, False, 16.438087, -0.4294176, 0.0, -1.0523591, 33.391453, 0.49000004, 8.462584
2504, 1700118, -0.0011999999405816197, False, 16.318085, -0.21350257, 0.0, -0.39821357, 33.352524, 0.49000004, 8.469585
2504, 1700119, -0.0011999999405816197, False, 16.198082, -0.16177255, 0.0, -2.8440216, 33.232483, 0.49000004, 8.441621
2504, 1700120, -0.0011999999405816197, False, 16.07808, 0.29722083, 0.0, -5.0546646, 32.981544, 0.49000004, 8.371873
2504, 1700121, -0.0011999999405816197, False, 15.958078, 0.8949833, 0.0, -7.0079465, 32.608215, 0.49000004, 8.278718
2504, 1700122, -0.0011999999405816197, False, 15.8380785, 1.600435, 0.0, -8.716529, 32.121315, 0.49000004, 8.180961
2504, 1700123, -0.0011999999405816197, False, 15.718079, 0.7690445, 0.0, -4.8821926, 31.75777, 0.49000004, 8.096583
2504, 1700124, -0.0011999999405816197, False, 15.598079, 0.36862916, 0.0, -1.3474445, 31.614494, 0.49000004, 8.043987
2504, 1700125, -0.0011999999405816197, False, 15.478079, 0.2636928, 0.0, 1.4218273, 31.651989, 0.49000004, 8.040018
2504, 1700126, -0.0011999999405816197, False, 15.358079, -0.08659637, 0.0, 3.7808254, 31.828453, 0.49000004, 8.080298
2504, 1700127, -0.0011999999405816197, False, 15.238079, -0.5935459, 0.0, 5.877633, 32.13408, 0.49000004, 8.147351
2504, 1700128, -0.0011999999405816197, False, 15.118079, -0.8051967, 0.0, 2.1245584, 32.33315, 0.49000004, 8.2024145
2504, 1700129, -0.0011999999405816197, False, 14.998079, -1.0270283, 0.0, 4.327626, 32.553185, 0.49000004, 8.242271
2504, 1700130, -0.0011999999405816197, False, 14.878079, -1.4459224, 0.0, 6.2908163, 32.900654, 0.49000004, 8.258911
2504, 1700131, -0.0011999999405816197, False, 14.75808, -1.2883537, 0.0, 3.7534773, 33.18389, 0.49000004, 8.263584
2504, 1700132, -0.0011999999405816197, False, 14.63808, -0.98026246, 0.0, 2.1075146, 33.3532, 0.49000004, 8.2663765
2504, 1700133, -0.0011999999405816197, False, 14.51808, -1.1701357, 0.0, 4.300065, 33.57344, 0.49000004, 8.2220745
2504, 1700134, -0.0011999999405816197, False, 14.39808, -0.958206, 0.0, 2.4674945, 33.758793, 0.49000004, 8.173183
2504, 1700135, -0.0011999999405816197, False, 14.27808, -0.5944939, 0.0, -0.55553067, 33.79936, 0.49000004, 8.19553
2504, 1700136, -0.0011999999405816197, False, 14.15808, -0.19016391, 0.0, -0.14360873, 33.793766, 0.49000004, 8.21964
2504, 1700137, -0.0011999999405816197, False, 14.03808, 0.0, 0.0, 0.0, 33.79334, 0.49000004, 8.221477
2504, 1700138, -0.0011999999405816197, False, 13.91808, -0.16571939, 0.0, -2.474433, 33.69722, 0.49000004, 8.250068
2504, 1700139, -0.0011999999405816197, False, 13.79808, -0.22882831, 0.0, -1.3204392, 33.599937, 0.49000004, 8.277653
2504, 1700140, -0.0011999999405816197, False, 13.678081, -0.47177655, 0.0, -3.6471741, 33.42731, 0.49000004, 8.305079
2504, 1700141, -0.0011999999405816197, False, 13.558081, -0.49301976, 0.0, -2.0742133, 33.272606, 0.49000004, 8.325089
2504, 1700142, -0.0011999999405816197, False, 13.438081, -0.36816996, 0.0, -1.0471935, 33.18814, 0.49000004, 8.336014
2504, 1700143, -0.0011999999405816197, False, 13.318081, -0.10438448, 0.0, 1.6745663, 33.23293, 0.49000004, 8.361076
2504, 1700144, -0.0011999999405816197, False, 13.198081, -0.4065287, 0.0, 3.9763837, 33.41696, 0.49000004, 8.423881
2504, 1700145, -0.0011999999405816197, False, 13.078081, -0.8831742, 0.0, 6.026186, 33.729786, 0.49000004, 8.510087
2504, 1700146, -0.0011999999405816197, False, 12.958081, -1.059933, 0.0, 2.2381752, 33.935703, 0.49000004, 8.581443
2504, 1700147, -0.0011999999405816197, False, 12.838081, -0.71432835, 0.0, -0.8719677, 33.944016, 0.49000004, 8.633352
2504, 1700148, -0.0011999999405816197, False, 12.718081, -0.31384736, 0.0, -3.3327086, 33.799, 0.49000004, 8.68775
2504, 1700149, -0.0011999999405816197, False, 12.598082, 0.21454573, 0.0, -5.50951, 33.52161, 0.49000004, 8.766554
2504, 1700150, -0.0011999999405816197, False, 12.478082, 0.45844573, 0.0, -1.8207834, 33.34342, 0.49000004, 8.809958
2504, 1700151, -0.0011999999405816197, False, 12.358082, 0.22562498, 0.0, 1.1074011, 33.346073, 0.49000004, 8.785889
2504, 1700152, -0.0011999999405816197, False, 12.238082, -0.09020853, 0.0, 3.4935975, 33.479816, 0.49000004, 8.69237
2504, 1700153, -0.0011999999405816197, False, 12.118082, 0.41735673, 0.0, 5.6342726, 33.72426, 0.49000004, 8.523982
2504, 1700154, -0.0011999999405816197, False, 11.998082, 0.63500416, 0.0, 1.9184003, 33.87653, 0.49000004, 8.407771
2504, 1700155, -0.0011999999405816197, False, 11.878082, 0.35518783, 0.0, -1.0598105, 33.857582, 0.49000004, 8.383974
2504, 1700156, -0.0011999999405816197, False, 11.758082, 0.09530829, 0.0, -0.42890948, 33.818897, 0.49000004, 8.383617
2504, 1700157, -0.0011999999405816197, False, 11.6380825, -0.13354182, 0.0, -2.8694787, 33.695717, 0.49000004, 8.402406
2504, 1700158, -0.0011999999405816197, False, 11.518083, -0.24099748, 0.0, -1.5814687, 33.577972, 0.49000004, 8.420348
2504, 1700159, -0.0011999999405816197, False, 11.398083, -0.19191326, 0.0, -0.7333767, 33.51789, 0.49000004, 8.429503
2504, 1700160, -0.0011999999405816197, False, 11.278083, -0.07112379, 0.0, -0.18857598, 33.49594, 0.49000004, 8.432848
2504, 1700161, -0.0011999999405816197, False, 11.158083, 5.2794012e-17, 0.0, -1.7154614e-17, 33.494717, 0.49000004, 8.433035
2504, 1700162, -0.0011999999405816197, False, 11.038083, -1.073861e-38, 0.0, 4.781314e-39, 33.494717, 0.49000004, 8.433035
2504, 1700163, -0.0011999999405816197, False, 10.918083, 0.16571945, 0.0, -2.4744318, 33.40211, 0.49000004, 8.394551
2504, 1700164, -0.0011999999405816197, False, 10.798083, 0.53432953, 0.0, -4.6925287, 33.17632, 0.49000004, 8.314687
2504, 1700165, -0.0011999999405816197, False, 10.678083, 1.0623181, 0.0, -6.6607814, 32.825542, 0.49000004, 8.213234
2504, 1700166, -0.0011999999405816197, False, 10.558084, 1.7110647, 0.0, -8.389087, 32.358974, 0.49000004, 8.108473
2504, 1700167, -0.0011999999405816197, False, 10.438084, 1.4982806, 0.0, -10.094677, 31.786654, 0.49000004, 8.014481
2504, 1700168, -0.0011999999405816197, False, 10.318084, 0.5634544, 0.0, -6.1138797, 31.345728, 0.49000004, 7.935213
2504, 1700169, -0.0011999999405816197, False, 10.198084, 0.114013374, 0.0, -2.4334717, 31.132837, 0.49000004, 7.885321
2504, 1700170, -0.0011999999405816197, False, 10.078084, 0.04877887, 0.0, 0.70102984, 31.119398, 0.49000004, 7.878197
2504, 1700171, -0.0011999999405816197, False, 9.958084, -0.19313866, 0.0, 3.1110158, 31.257065, 0.49000004, 7.9023523
2504, 1700172, -0.0011999999405816197, False, 9.838084, -0.6188738, 0.0, 5.2642355, 31.529974, 0.49000004, 7.9387903
2504, 1700173, -0.0011999999405816197, False, 9.718084, -1.1909206, 0.0, 7.1688213, 31.926336, 0.49000004, 7.969778
2504, 1700174, -0.0011999999405816197, False, 9.598084, -1.8728706, 0.0, 8.835726, 32.433662, 0.49000004, 7.979356
2504, 1700175, -0.0011999999405816197, False, 9.478085, -2.6324189, 0.0, 10.278226, 33.03885, 0.49000004, 7.953304
2504, 1700176, -0.0011999999405816197, False, 9.358085, -2.3372056, 0.0, 6.296127, 33.511597, 0.49000004, 7.923281
2504, 1700177, -0.0011999999405816197, False, 9.238085, -2.3152905, 0.0, 2.389154, 33.772533, 0.49000004, 7.9470654
2504, 1700178, -0.0011999999405816197, False, 9.118085, -1.753767, 0.0, -0.4893062, 33.84539, 0.49000004, 8.038131
2504, 1700179, -0.0011999999405816197, False, 8.998085, -0.89158297, 0.0, -0.15062761, 33.85576, 0.49000004, 8.108273
2504, 1700180, -0.0011999999405816197, False, 8.878085, -0.85345054, 0.0, -2.5716333, 33.763496, 0.49000004, 8.181723
2504, 1700181, -0.0011999999405816197, False, 8.758085, -0.61536044, 0.0, -1.3591053, 33.667168, 0.49000004, 8.238145
2504, 1700182, -0.0011999999405816197, False, 8.638085, -0.7868139, 0.0, -3.6542654, 33.49422, 0.49000004, 8.285752
2504, 1700183, -0.0011999999405816197, False, 8.5180855, -0.67662126, 0.0, -2.0638926, 33.33901, 0.49000004, 8.31917
2504, 1700184, -0.0011999999405816197, False, 8.398086, -0.46497604, 0.0, -1.0369847, 33.25396, 0.49000004, 8.337481
2504, 1700185, -0.0011999999405816197, False, 8.278086, -0.22690336, 0.0, -0.39062557, 33.2153, 0.49000004, 8.345803
2504, 1700186, -0.0011999999405816197, False, 8.158086, -0.27712387, 0.0, 2.11367, 33.287914, 0.49000004, 8.377048
2504, 1700187, -0.0011999999405816197, False, 8.038086, -0.59072554, 0.0, 4.3580585, 33.499786, 0.49000004, 8.434347
2504, 1700188, -0.0011999999405816197, False, 7.918086, -0.61201483, 0.0, 0.7761713, 33.61445, 0.49000004, 8.478931
2504, 1700189, -0.0011999999405816197, False, 7.798086, -0.28507242, 0.0, -1.8974462, 33.55305, 0.49000004, 8.507428
2504, 1700190, -0.0011999999405816197, False, 7.6780863, 0.110393465, 0.0, -4.211916, 33.349003, 0.49000004, 8.546492
2504, 1700191, -0.0011999999405816197, False, 7.5580864, 0.65480626, 0.0, -6.264373, 33.018543, 0.49000004, 8.613317
2504, 1700192, -0.0011999999405816197, False, 7.4380865, 0.89831936, 0.0, -2.4671426, 32.79254, 0.49000004, 8.64741
2504, 1700193, -0.0011999999405816197, False, 7.3180866, 0.60379773, 0.0, 0.6912395, 32.75695, 0.49000004, 8.615218
2504, 1700194, -0.0011999999405816197, False, 7.1980867, 0.6995001, 0.0, 3.0579383, 32.863914, 0.49000004, 8.521259
2504, 1700195, -0.0011999999405816197, False, 7.078087, 1.0379283, 0.0, 5.17458, 33.098606, 0.49000004, 8.378735
2504, 1700196, -0.0011999999405816197, False, 6.958087, 0.23666406, 0.0, 7.2397947, 33.452656, 0.49000004, 8.201681
2504, 1700197, -0.0011999999405816197, False, 6.838087, -0.25603437, 0.0, 3.4187822, 33.70448, 0.49000004, 8.078467
2504, 1700198, -0.0011999999405816197, False, 6.718087, -0.010648618, 0.0, 0.009831859, 33.76611, 0.49000004, 8.052669
2504, 1700199, -0.0011999999405816197, False, 6.5980873, -1.0224099e-24, 0.0, 3.1467963e-24, 33.76611, 0.49000004, 8.05267
2504, 1700200, -0.0011999999405816197, False, 6.4780874, -0.16571945, 0.0, -2.4744325, 33.66999, 0.49000004, 8.08126
2504, 1700201, -0.0011999999405816197, False, 6.3580875, -0.22882843, 0.0, -1.3204391, 33.57271, 0.49000004, 8.108845
2504, 1700202, -0.0011999999405816197, False, 6.2380877, -0.15997925, 0.0, -0.564168, 33.525684, 0.49000004, 8.122178
2504, 1700203, -0.0011999999405816197, False, 6.118088, -0.34041512, 0.0, -2.9711854, 33.39367, 0.49000004, 8.127596
2504, 1700204, -0.0011999999405816197, False, 5.998088, -0.3641667, 0.0, -1.6377778, 33.269157, 0.49000004, 8.128759
2504, 1700205, -0.0011999999405816197, False, 5.878088, -0.25739816, 0.0, -0.7676778, 33.204807, 0.49000004, 8.129361
2504, 1700206, -0.0011999999405816197, False, 5.758088, -0.22893685, 0.0, 1.8036922, 33.25923, 0.49000004, 8.153701
2504, 1700207, -0.0011999999405816197, False, 5.638088, -0.52039444, 0.0, 4.082602, 33.454586, 0.49000004, 8.2048235
2504, 1700208, -0.0011999999405816197, False, 5.5180883, -0.9902179, 0.0, 6.112229, 33.780033, 0.49000004, 8.264606
2504, 1700209, -0.0011999999405816197, False, 5.3980885, -1.158424, 0.0, 2.3080635, 33.99718, 0.49000004, 8.319818
2504, 1700210, -0.0011999999405816197, False, 5.2780886, -0.80177623, 0.0, -0.8290057, 34.01504, 0.49000004, 8.375527
2504, 1700211, -0.0011999999405816197, False, 5.1580887, -0.38588297, 0.0, -3.304514, 33.87963, 0.49000004, 8.448655
2504, 1700212, -0.0011999999405816197, False, 5.038089, 0.15151846, 0.0, -5.4907694, 33.61468, 0.49000004, 8.559199
2504, 1700213, -0.0011999999405816197, False, 4.918089, 0.4060782, 0.0, -1.8086278, 33.44432, 0.49000004, 8.623586
2504, 1700214, -0.0011999999405816197, False, 4.798089, 0.19056082, 0.0, 1.1091785, 33.446102, 0.49000004, 8.6011915
2504, 1700215, -0.0011999999405816197, False, 4.678089, 0.4198892, 0.0, 3.4598017, 33.573475, 0.49000004, 8.499765
2504, 1700216, -0.0011999999405816197, False, 4.5580893, 0.84350467, 0.0, 5.559413, 33.818893, 0.49000004, 8.335099
2504, 1700217, -0.0011999999405816197, False, 4.4380894, 0.9722085, 0.0, 1.8242583, 33.969772, 0.49000004, 8.2165165
2504, 1700218, -0.0011999999405816197, False, 4.3180895, 0.6133698, 0.0, -1.1666338, 33.943825, 0.49000004, 8.175783
2504, 1700219, -0.0011999999405816197, False, 4.1980896, 0.21355845, 0.0, -3.5859623, 33.774136, 0.49000004, 8.176966
2504, 1700220, -0.0011999999405816197, False, 4.0780897, -0.32204396, 0.0, -5.7287855, 33.472378, 0.49000004, 8.194526
2504, 1700221, -0.0011999999405816197, False, 3.9580898, -0.5597303, 0.0, -3.4491963, 33.22236, 0.49000004, 8.208577
2504, 1700222, -0.0011999999405816197, False, 3.83809, -0.52781284, 0.0, -1.9403279, 33.07499, 0.49000004, 8.216859
2504, 1700223, -0.0011999999405816197, False, 3.71809, -0.27663976, 0.0, 1.0308819, 33.07637, 0.49000004, 8.241813
2504, 1700224, -0.0011999999405816197, False, 3.5980902, -0.480008, 0.0, 3.3828769, 33.223347, 0.49000004, 8.301727
2504, 1700225, -0.0011999999405816197, False, 3.4780903, -0.88646936, 0.0, 5.4850593, 33.502754, 0.49000004, 8.384743
2504, 1700226, -0.0011999999405816197, False, 3.3580904, -0.883581, 0.0, 3.2564955, 33.736397, 0.49000004, 8.448141
2504, 1700227, -0.0011999999405816197, False, 3.2380905, -0.6732925, 0.0, -0.106506765, 33.796345, 0.49000004, 8.4930525
2504, 1700228, -0.0011999999405816197, False, 3.1180906, -0.3216334, 0.0, -2.6464572, 33.693146, 0.49000004, 8.539328
2504, 1700229, -0.0011999999405816197, False, 2.9980907, 0.14637077, 0.0, -4.891082, 33.45355, 0.49000004, 8.610368
2504, 1700230, -0.0011999999405816197, False, 2.8780909, 0.7503053, 0.0, -6.873777, 33.094944, 0.49000004, 8.721298
2504, 1700231, -0.0011999999405816197, False, 2.758091, 1.0436394, 0.0, -3.0072837, 32.840244, 0.49000004, 8.787845
2504, 1700232, -0.0011999999405816197, False, 2.638091, 0.7763504, 0.0, 0.30052525, 32.77291, 0.49000004, 8.765862
2504, 1700233, -0.0011999999405816197, False, 2.5180912, 0.59199965, 0.0, 2.776484, 32.84613, 0.49000004, 8.665173
2504, 1700234, -0.0011999999405816197, False, 2.3980913, 0.9189298, 0.0, 4.9297943, 33.036674, 0.49000004, 8.49102
2504, 1700235, -0.0011999999405816197, False, 2.2780914, 0.85961294, 0.0, 2.891077, 33.201748, 0.49000004, 8.349741
2504, 1700236, -0.0011999999405816197, False, 2.1580915, 1.1547687, 0.0, 5.012015, 33.424503, 0.49000004, 8.203253
2504, 1700237, -0.0011999999405816197, False, 2.0380917, 0.35096145, 0.0, 7.1046, 33.767956, 0.49000004, 8.023024
2504, 1700238, -0.0011999999405816197, False, 1.9180918, -0.14820194, 0.0, 3.3071997, 34.010357, 0.49000004, 7.897302
2504, 1700239, -0.0011999999405816197, False, 1.7980919, -2.2668738e-09, 0.0, -4.0675956e-09, 34.066124, 0.49000004, 7.8702803
2504, 1700240, -0.0011999999405816197, False, 1.678092, -0.16571957, 0.0, -2.4744315, 33.97352, 0.49000004, 7.908761
2504, 1700241, -0.0011999999405816197, False, 1.5580921, -0.22882849, 0.0, -1.3204391, 33.879654, 0.49000004, 7.946362
2504, 1700242, -0.0011999999405816197, False, 1.4380922, -0.4717769, 0.0, -3.6471746, 33.710842, 0.49000004, 7.9916825
2504, 1700243, -0.0011999999405816197, False, 1.3180923, -0.49302015, 0.0, -2.0742135, 33.55907, 0.49000004, 8.027754
2504, 1700244, -0.0011999999405816197, False, 1.1980925, -0.36817023, 0.0, -1.0471935, 33.47621, 0.49000004, 8.047447
2504, 1700245, -0.0011999999405816197, False, 1.0780926, -0.18607129, 0.0, -0.39238533, 33.438915, 0.49000004, 8.056312
2504, 1700246, -0.0011999999405816197, False, 0.9580926, -9.9193675e-09, 0.0, -1.244491e-08, 33.431488, 0.49000004, 8.058076
2504, 1700247, -0.0011999999405816197, False, 0.8380925, -0.16572005, 0.0, 2.4744325, 33.527603, 0.49000004, 8.086669
2504, 1700248, -0.0011999999405816197, False, 0.71809244, -0.5343288, 0.0, 4.6925273, 33.76051, 0.49000004, 8.142494
2504, 1700249, -0.0011999999405816197, False, 0.5980924, -0.6153372, 0.0, 1.0710598, 33.893894, 0.49000004, 8.186588
2504, 1700250, -0.0011999999405816197, False, 0.47809234, -0.29368794, 0.0, -1.683491, 33.845867, 0.49000004, 8.214518
2504, 1700251, -0.0011999999405816197, False, 0.35809237, 0.084836364, 0.0, -4.019701, 33.653812, 0.49000004, 8.252692
2504, 1700252, -0.0011999999405816197, False, 0.2380924, 0.61481166, 0.0, -6.0932584, 33.334213, 0.49000004, 8.318622
2504, 1700253, -0.0011999999405816197, False, 0.11809241, 0.84656703, 0.0, -2.3164537, 33.11805, 0.49000004, 8.351847
2504, 1700254, -0.0011999999405816197, True, 0.0, 0.5707135, 0.0, -0.20674759, 33.082893, 0.49000004, 8.338009
