episode, step, reward, cumulative reward, done, health, vx, vy, vz, px, py, pz
1859, 1, 0.0, 0.0, False, 99.96, 0.0, -0.1899216, 0.0, 20.0, 0.50620157, 15.0
1859, 2, -0.0011999999405816197, -0.0011999999405816197, False, 99.84, 0.0, -0.06980899, 0.0, 20.0, 0.49034908, 15.0
1859, 3, -0.0011999999405816197, -0.0023999998811632395, False, 99.71999, -0.16204183, -0.0005579144, 2.4369593, 19.992233, 0.4900028, 15.097826
1859, 4, -0.0011999999405816197, -0.0035999998217448592, False, 99.59999, 0.2596979, -4.7683716e-06, 4.6871104, 19.981064, 0.49000004, 15.335128
1859, 5, -0.0011999999405816197, -0.004799999762326479, False, 99.47999, 0.4469704, 0.0, 2.7684493, 19.971067, 0.49000004, 15.537476
1859, 6, -0.0011999999405816197, -0.005999999702908099, False, 99.359985, 0.4068426, 0.0, 1.5003927, 19.965345, 0.49000004, 15.653313
1859, 7, -0.0011999999405816197, -0.0071999996434897184, False, 99.23998, 0.2630014, 0.0, 0.6790639, 19.962448, 0.49000004, 15.7119465
1859, 8, -0.0011999999405816197, -0.008399999584071338, False, 99.11998, 0.25113147, 0.0, -1.8711909, 19.994993, 0.49000004, 15.65683
1859, 9, -0.0011999999405816197, -0.009599999524652958, False, 98.99998, -0.13577235, 0.0, -4.1850734, 20.073471, 0.49000004, 15.466224
1859, 10, -0.0011999999405816197, -0.010799999465234578, False, 98.879974, 0.44335806, 0.0, -6.2622304, 20.200901, 0.49000004, 15.155571
1859, 11, -0.0011999999405816197, -0.011999999405816197, False, 98.75997, -0.37269807, 0.0, -8.1645355, 20.366226, 0.49000004, 14.733538
1859, 12, -0.0011999999405816197, -0.013199999346397817, False, 98.63997, 0.6108506, 0.0, -9.874173, 20.572674, 0.49000004, 14.213069
1859, 13, -0.0011999999405816197, -0.014399999286979437, False, 98.519966, 0.5370848, 0.0, -11.43773, 20.80729, 0.49000004, 13.599886
1859, 14, -0.0011999999405816197, -0.015599999227561057, False, 98.39996, -0.7736225, 0.0, -12.842367, 21.06778, 0.49000004, 12.902731
1859, 15, -0.0011999999405816197, -0.016799999168142676, False, 98.27996, 0.69731474, 0.0, -14.131659, 21.360817, 0.49000004, 12.13282
1859, 16, -0.0011999999405816197, -0.017999999108724296, False, 98.15996, -0.88538027, 0.0, -15.28762, 21.676664, 0.49000004, 11.294341
1859, 17, -0.0011999999405816197, -0.019199999049305916, False, 98.039955, -2.3916245, 0.0, -16.18362, 22.02473, 0.49000004, 10.398396
1859, 18, -0.0011999999405816197, -0.020399998989887536, False, 97.91995, -3.8094554, 0.0, -16.854124, 22.41736, 0.49000004, 9.458199
1859, 19, -0.0011999999405816197, -0.021599998930469155, False, 97.79995, -4.7234488, 0.0, -11.728569, 22.727278, 0.49000004, 8.668189
1859, 20, -0.0011999999405816197, -0.022799998871050775, False, 97.67995, -5.428194, 0.0, -12.635866, 23.0441, 0.49000004, 7.9299283
1859, 21, -0.0011999999405816197, -0.023999998811632395, False, 97.559944, -4.2965555, 0.0, -7.6727715, 23.302734, 0.49000004, 7.3689647
1859, 22, -0.0011999999405816197, -0.025199998752214015, False, 97.43994, -4.1787195, 0.0, -3.4738367, 23.41226, 0.49000004, 6.99717
1859, 23, -0.0011999999405816197, -0.026399998692795634, False, 97.31994, -3.586295, 0.0, 0.1310935, 23.366022, 0.49000004, 6.763511
1859, 24, -0.0011999999405816197, -0.027599998633377254, False, 97.199936, -2.052587, 0.0, 0.29188806, 23.299198, 0.49000004, 6.6270695
1859, 25, -0.0011999999405816197, -0.028799998573958874, False, 97.07993, -1.4331517, 0.0, 3.0032887, 23.150434, 0.49000004, 6.561465
1859, 26, -0.0011999999405816197, -0.029999998514540493, False, 96.95993, -0.7533426, 0.0, 5.3241425, 22.870064, 0.49000004, 6.5400405
1859, 27, -0.0011999999405816197, -0.031199998455122113, False, 96.83993, -0.6493935, 0.0, 7.311999, 22.468143, 0.49000004, 6.541128
1859, 28, -0.0011999999405816197, -0.03239999839570373, False, 96.719925, -1.4172454, 0.0, 9.012304, 21.955988, 0.49000004, 6.561857
1859, 29, -0.0011999999405816197, -0.03359999833628535, False, 96.59992, -2.2519672, 0.0, 10.477168, 21.346378, 0.49000004, 6.614448
1859, 30, -0.0011999999405816197, -0.03479999827686697, False, 96.47992, -3.127507, 0.0, 11.723679, 20.652855, 0.49000004, 6.711966
1859, 31, -0.0011999999405816197, -0.03599999821744859, False, 96.35992, -1.4753675, 0.0, 13.34778, 19.887215, 0.49000004, 6.860735
1859, 32, -0.0011999999405816197, -0.03719999815803021, False, 96.239914, -1.3066018, 0.0, 14.589504, 19.052555, 0.49000004, 7.0460577
1859, 33, -0.0011999999405816197, -0.03839999809861183, False, 96.11991, -1.1591978, 0.0, 15.7153, 18.154358, 0.49000004, 7.261756
1859, 34, -0.0011999999405816197, -0.03959999803919345, False, 95.99991, -2.6745307, 0.0, 16.544207, 17.19935, 0.49000004, 7.5072327
1859, 35, -0.0011999999405816197, -0.04079999797977507, False, 95.879906, -2.3787446, 0.0, 17.490658, 16.197163, 0.49000004, 7.7909055
1859, 36, -0.0011999999405816197, -0.04199999792035669, False, 95.7599, -2.1175923, 0.0, 18.348175, 15.1530285, 0.49000004, 8.111139
1859, 37, -0.0011999999405816197, -0.04319999786093831, False, 95.6399, -1.8865409, 0.0, 19.125317, 14.070737, 0.49000004, 8.464175
1859, 38, -0.0011999999405816197, -0.04439999780151993, False, 95.5199, -1.6817789, 0.0, 19.82975, 12.953738, 0.49000004, 8.84667
1859, 39, -0.0011999999405816197, -0.04559999774210155, False, 95.399895, -3.5321064, 0.0, 20.20687, 11.806325, 0.49000004, 9.258045
1859, 40, -0.0011999999405816197, -0.04679999768268317, False, 95.27989, -3.6372101, 0.0, 12.755863, 10.935183, 0.49000004, 9.576575
1859, 41, -0.0011999999405816197, -0.04799999762326479, False, 95.15989, -4.5731144, 0.0, 13.654327, 10.156608, 0.49000004, 9.896713
1859, 42, -0.0011999999405816197, -0.04919999756384641, False, 95.03989, -5.071165, 0.0, 8.786878, 9.508977, 0.49000004, 10.1366415
1859, 43, -0.0011999999405816197, -0.05039999750442803, False, 94.91988, -4.9855275, 0.0, 4.4025564, 9.053464, 0.49000004, 10.224045
1859, 44, -0.0011999999405816197, -0.05159999744500965, False, 94.79988, -4.4095592, 0.0, 0.5926432, 8.758835, 0.49000004, 10.167957
1859, 45, -0.0011999999405816197, -0.05279999738559127, False, 94.67988, -3.7978888, 0.0, -1.7805281, 8.596007, 0.49000004, 9.984936
1859, 46, -0.0011999999405816197, -0.05399999732617289, False, 94.559875, -2.8538647, 0.0, -4.516632, 8.5494995, 0.49000004, 9.697879
1859, 47, -0.0011999999405816197, -0.05519999726675451, False, 94.43987, -3.0347075, 0.0, -6.3197713, 8.595402, 0.49000004, 9.31388
1859, 48, -0.0011999999405816197, -0.05639999720733613, False, 94.31987, -1.8625722, 0.0, -8.472204, 8.7274065, 0.49000004, 8.84543
1859, 49, -0.0011999999405816197, -0.05759999714791775, False, 94.19987, -2.5871549, 0.0, -9.95171, 8.92955, 0.49000004, 8.295933
1859, 50, -0.0011999999405816197, -0.05879999708849937, False, 94.079865, -2.2838573, 0.0, -6.0849137, 9.097122, 0.49000004, 7.868944
1859, 51, -0.0011999999405816197, -0.05999999702908099, False, 93.95986, -1.7883871, 0.0, -3.5755825, 9.201356, 0.49000004, 7.603347
1859, 52, -0.0011999999405816197, -0.06119999696966261, False, 93.83986, -2.014741, 0.0, -5.556785, 9.363197, 0.49000004, 7.3316603
1859, 53, -0.0011999999405816197, -0.062399996910244226, False, 93.71986, -2.4218092, 0.0, -7.3161316, 9.634595, 0.49000004, 7.002133
1859, 54, -0.0011999999405816197, -0.06359999685082585, False, 93.59985, -1.9748651, 0.0, -4.3706355, 9.861132, 0.49000004, 6.747736
1859, 55, -0.0011999999405816197, -0.06479999679140747, False, 93.47985, -2.2612257, 0.0, -6.254925, 10.135471, 0.49000004, 6.5114655
1859, 56, -0.0011999999405816197, -0.06599999673198909, False, 93.35985, -2.708149, 0.0, -7.9233418, 10.528519, 0.49000004, 6.2566843
1859, 57, -0.0011999999405816197, -0.0671999966725707, False, 93.239845, -2.369378, 0.0, -9.679536, 11.032112, 0.49000004, 5.997655
1859, 58, -0.0011999999405816197, -0.06839999661315233, False, 93.11984, -3.1510267, 0.0, -10.99506, 11.636348, 0.49000004, 5.738496
1859, 59, -0.0011999999405816197, -0.06959999655373394, False, 92.99984, -1.5610833, 0.0, -12.69335, 12.3329735, 0.49000004, 5.487672
1859, 60, -0.0011999999405816197, -0.07079999649431556, False, 92.87984, -0.009398937, 0.0, -14.071492, 13.110895, 0.49000004, 5.231332
1859, 61, -0.0011999999405816197, -0.07199999643489718, False, 92.759834, 1.486197, 0.0, -15.169245, 13.95792, 0.49000004, 4.952783
1859, 62, -0.0011999999405816197, -0.0731999963754788, False, 92.63983, 2.5119293, 0.0, -10.415728, 14.655819, 0.49000004, 4.7348433
1859, 63, -0.0011999999405816197, -0.07439999631606042, False, 92.51983, 2.1819942, 0.0, -6.318879, 15.122305, 0.49000004, 4.624332
1859, 64, -0.0011999999405816197, -0.07559999625664204, False, 92.399826, 1.4419602, 0.0, -2.7957883, 15.378372, 0.49000004, 4.6084285
1859, 65, -0.0011999999405816197, -0.07679999619722366, False, 92.27982, 1.0347106, 0.0, 0.3696596, 15.441114, 0.49000004, 4.657972
1859, 66, -0.0011999999405816197, -0.07799999613780528, False, 92.15982, 0.99904, 0.0, 2.7569509, 15.349015, 0.49000004, 4.752943
1859, 67, -0.0011999999405816197, -0.0791999960783869, False, 92.03982, 0.83748627, 0.0, 4.9891415, 15.1222515, 0.49000004, 4.8825574
1859, 68, -0.0011999999405816197, -0.08039999601896852, False, 91.919815, 0.7201729, 0.0, 7.0087714, 14.773915, 0.49000004, 5.043495
1859, 69, -0.0011999999405816197, -0.08159999595955014, False, 91.79981, 0.6268575, 0.0, 8.839319, 14.315747, 0.49000004, 5.233781
1859, 70, -0.0011999999405816197, -0.08279999590013176, False, 91.67981, 0.5494976, 0.0, 10.49919, 13.758162, 0.49000004, 5.4511776
1859, 71, -0.0011999999405816197, -0.08399999584071338, False, 91.55981, 0.48390174, 0.0, 12.004525, 13.110516, 0.49000004, 5.693465
1859, 72, -0.0011999999405816197, -0.085199995781295, False, 91.439804, 0.42750788, 0.0, 13.369799, 12.381257, 0.49000004, 5.958528
1859, 73, -0.0011999999405816197, -0.08639999572187662, False, 91.3198, -1.0515046, 0.0, 14.575119, 11.57891, 0.49000004, 6.246892
1859, 74, -0.0011999999405816197, -0.08759999566245824, False, 91.1998, -2.4699883, 0.0, 15.525779, 10.715827, 0.49000004, 6.5702734
1859, 75, -0.0011999999405816197, -0.08879999560303986, False, 91.079796, -2.6196194, 0.0, 9.749723, 10.05474, 0.49000004, 6.8235145
1859, 76, -0.0011999999405816197, -0.08999999554362148, False, 90.95979, -2.9513888, 0.0, 5.443685, 9.627634, 0.49000004, 6.953629
1859, 77, -0.0011999999405816197, -0.0911999954842031, False, 90.83979, -2.5551376, 0.0, 7.4422092, 9.217162, 0.49000004, 7.1067715
1859, 78, -0.0011999999405816197, -0.09239999542478472, False, 90.71979, -2.6391006, 0.0, 3.3885398, 8.905361, 0.49000004, 7.1980577
1859, 79, -0.0011999999405816197, -0.09359999536536634, False, 90.599785, -2.72206, 0.0, 5.3299603, 8.606004, 0.49000004, 7.321923
1859, 80, -0.0011999999405816197, -0.09479999530594796, False, 90.47978, -2.5238802, 0.0, 1.5263156, 8.383353, 0.49000004, 7.37736
1859, 81, -0.0011999999405816197, -0.09599999524652958, False, 90.35978, -2.0157628, 0.0, -1.1514971, 8.287167, 0.49000004, 7.2908435
1859, 82, -0.0011999999405816197, -0.0971999951871112, False, 90.23978, -1.4604076, 0.0, 1.808465, 8.176254, 0.49000004, 7.2669683
1859, 83, -0.0011999999405816197, -0.09839999512769282, False, 90.119774, -1.2047361, 0.0, 4.145013, 7.9831967, 0.49000004, 7.3665056
1859, 84, -0.0011999999405816197, -0.09959999506827444, False, 89.99977, -1.0710567, 0.0, 0.5828032, 7.8633423, 0.49000004, 7.4041386
1859, 85, -0.0011999999405816197, -0.10079999500885606, False, 89.87977, -0.64542353, 0.0, -2.1258974, 7.8629756, 0.49000004, 7.314019
1859, 86, -0.0011999999405816197, -0.10199999494943768, False, 89.759766, -0.89517903, 0.0, -4.3404756, 7.945774, 0.49000004, 7.1077843
1859, 87, -0.0011999999405816197, -0.1031999948900193, False, 89.63976, -0.7977903, 0.0, -2.50686, 8.024337, 0.49000004, 6.9341664
1859, 88, -0.0011999999405816197, -0.10439999483060092, False, 89.51976, -1.062228, 0.0, -4.6714334, 8.156404, 0.49000004, 6.728141
1859, 89, -0.0011999999405816197, -0.10559999477118254, False, 89.39976, -1.5111725, 0.0, -6.5973644, 8.389552, 0.49000004, 6.4443517
1859, 90, -0.0011999999405816197, -0.10679999471176416, False, 89.279755, -1.3526639, 0.0, -3.950482, 8.585209, 0.49000004, 6.220058
1859, 91, -0.0011999999405816197, -0.10799999465234578, False, 89.15975, -1.0363739, 0.0, -2.2325263, 8.702763, 0.49000004, 6.0853
1859, 92, -0.0011999999405816197, -0.1091999945929274, False, 89.03975, -1.2307703, 0.0, -4.4081373, 8.888244, 0.49000004, 5.94559
1859, 93, -0.0011999999405816197, -0.11039999453350902, False, 88.91975, -1.6281154, 0.0, -6.3467517, 9.199867, 0.49000004, 5.777127
1859, 94, -0.0011999999405816197, -0.11159999447409064, False, 88.79974, -2.1691267, 0.0, -8.058141, 9.629396, 0.49000004, 5.5976443
1859, 95, -0.0011999999405816197, -0.11279999441467226, False, 88.67974, -1.8977945, 0.0, -9.79755, 10.167757, 0.49000004, 5.4213314
1859, 96, -0.0011999999405816197, -0.11399999435525388, False, 88.55974, -1.6688893, 0.0, -11.372, 10.804786, 0.49000004, 5.2492595
1859, 97, -0.0011999999405816197, -0.1151999942958355, False, 88.439735, -1.4728291, 0.0, -12.798426, 11.5311, 0.49000004, 5.080259
1859, 98, -0.0011999999405816197, -0.11639999423641711, False, 88.31973, 0.07797718, 0.0, -14.157909, 12.337933, 0.49000004, 4.9108696
1859, 99, -0.0011999999405816197, -0.11759999417699873, False, 88.19973, 1.5714216, 0.0, -15.239103, 13.215195, 0.49000004, 4.7261114
1859, 100, -0.0011999999405816197, -0.11879999411758035, False, 88.07973, 2.9929495, 0.0, -16.07707, 14.151814, 0.49000004, 4.510625
1859, 101, -0.0011999999405816197, -0.11999999405816197, False, 87.959724, 4.331124, 0.0, -16.703712, 15.1360655, 0.49000004, 4.2513285
1859, 102, -0.0011999999405816197, -0.1211999939987436, False, 87.83972, 5.168813, 0.0, -11.547805, 15.96137, 0.49000004, 4.054883
1859, 103, -0.0011999999405816197, -0.12239999393932521, False, 87.71972, 5.3736606, 0.0, -6.8518524, 16.554068, 0.49000004, 3.9791455
1859, 104, -0.0011999999405816197, -0.12359999387990683, False, 87.59972, 5.0327725, 0.0, -2.6787214, 16.946728, 0.49000004, 4.0228
1859, 105, -0.0011999999405816197, -0.12479999382048845, False, 87.47971, 4.161311, 0.0, -0.019599438, 17.168575, 0.49000004, 4.1759934
1859, 106, -0.0011999999405816197, -0.12599999376107007, False, 87.35971, 3.6399705, 0.0, 2.2796836, 17.235205, 0.49000004, 4.410825
1859, 107, -0.0011999999405816197, -0.1271999937016517, False, 87.23971, 3.4567525, 0.0, 4.2870274, 17.160925, 0.49000004, 4.7033706
1859, 108, -0.0011999999405816197, -0.1283999936422333, False, 87.119705, 3.5316663, 0.0, 6.0713367, 16.95625, 0.49000004, 5.035209
1859, 109, -0.0011999999405816197, -0.12959999358281493, False, 86.9997, 3.7934246, 0.0, 7.6578207, 16.629078, 0.49000004, 5.3893127
1859, 110, -0.0011999999405816197, -0.13079999352339655, False, 86.8797, 3.3200016, 0.0, 9.449961, 16.187487, 0.49000004, 5.751811
1859, 111, -0.0011999999405816197, -0.13199999346397817, False, 86.7597, 2.9193625, 0.0, 11.065627, 15.642592, 0.49000004, 6.121154
1859, 112, -0.0011999999405816197, -0.1331999934045598, False, 86.639694, 2.575933, 0.0, 12.525951, 15.004787, 0.49000004, 6.4978757
1859, 113, -0.0011999999405816197, -0.1343999933451414, False, 86.51969, 2.2787876, 0.0, 13.847638, 14.283206, 0.49000004, 6.8821406
1859, 114, -0.0011999999405816197, -0.13559999328572303, False, 86.39969, 2.019928, 0.0, 15.044744, 13.485972, 0.49000004, 7.2738824
1859, 115, -0.0011999999405816197, -0.13679999322630465, False, 86.279686, 1.793273, 0.0, 16.129496, 12.620357, 0.49000004, 7.6728907
1859, 116, -0.0011999999405816197, -0.13799999316688627, False, 86.15968, -0.1043458, 0.0, 17.193151, 11.693775, 0.49000004, 8.081377
1859, 117, -0.0011999999405816197, -0.1391999931074679, False, 86.03968, -1.8826327, 0.0, 17.974642, 10.71755, 0.49000004, 8.512578
1859, 118, -0.0011999999405816197, -0.1403999930480495, False, 85.91968, -3.1342654, 0.0, 12.909086, 9.89849, 0.49000004, 8.861909
1859, 119, -0.0011999999405816197, -0.14159999298863113, False, 85.799675, -3.7306724, 0.0, 8.237778, 9.31043, 0.49000004, 9.072476
1859, 120, -0.0011999999405816197, -0.14279999292921275, False, 85.67967, -3.7491589, 0.0, 4.01286, 8.921466, 0.49000004, 9.145822
1859, 121, -0.0011999999405816197, -0.14399999286979437, False, 85.55967, -3.2626746, 0.0, 0.35014004, 8.700722, 0.49000004, 9.088854
1859, 122, -0.0011999999405816197, -0.145199992810376, False, 85.43967, -2.5097022, 0.0, -2.6227567, 8.612351, 0.49000004, 8.9145155
1859, 123, -0.0011999999405816197, -0.1463999927509576, False, 85.319664, -2.5212626, 0.0, -4.6593976, 8.623079, 0.49000004, 8.632468
1859, 124, -0.0011999999405816197, -0.14759999269153923, False, 85.19966, -2.7630336, 0.0, -6.4721427, 8.728028, 0.49000004, 8.259715
1859, 125, -0.0011999999405816197, -0.14879999263212085, False, 85.07966, -2.1184893, 0.0, -3.803328, 8.8283415, 0.49000004, 7.966428
1859, 126, -0.0011999999405816197, -0.14999999257270247, False, 84.959656, -1.6618793, 0.0, -0.45269, 8.823065, 0.49000004, 7.823852
1859, 127, -0.0011999999405816197, -0.1511999925132841, False, 84.83965, -1.3966191, 0.0, 2.0512636, 8.709234, 0.49000004, 7.8183203
1859, 128, -0.0011999999405816197, -0.1523999924538657, False, 84.71965, -1.1577115, 0.0, 4.3609395, 8.509481, 0.49000004, 7.9299207
1859, 129, -0.0011999999405816197, -0.15359999239444733, False, 84.59965, -1.0652184, 0.0, 0.7647096, 8.383294, 0.49000004, 7.9776163
1859, 130, -0.0011999999405816197, -0.15479999233502895, False, 84.479645, -0.85349596, 0.0, -1.8167386, 8.382264, 0.49000004, 7.898464
1859, 131, -0.0011999999405816197, -0.15599999227561057, False, 84.35964, -0.36059618, 0.0, -4.1960607, 8.482833, 0.49000004, 7.71604
1859, 132, -0.0011999999405816197, -0.15719999221619219, False, 84.23964, -0.865715, 0.0, -6.228184, 8.666865, 0.49000004, 7.434106
1859, 133, -0.0011999999405816197, -0.1583999921567738, False, 84.11964, -0.927711, 0.0, -3.7449503, 8.821344, 0.49000004, 7.2058296
1859, 134, -0.0011999999405816197, -0.15959999209735543, False, 83.99963, -0.7668296, 0.0, -2.1167955, 8.913413, 0.49000004, 7.06978
1859, 135, -0.0011999999405816197, -0.16079999203793705, False, 83.87963, -0.9944576, 0.0, -4.323415, 9.068822, 0.49000004, 6.910123
1859, 136, -0.0011999999405816197, -0.16199999197851866, False, 83.75963, -0.9265775, 0.0, -0.73708445, 9.143974, 0.49000004, 6.8052816
1859, 137, -0.0011999999405816197, -0.16319999191910028, False, 83.639626, -0.9621061, 0.0, -3.0828147, 9.256254, 0.49000004, 6.706552
1859, 138, -0.0011999999405816197, -0.1643999918596819, False, 83.51962, -1.2611785, 0.0, -5.1764717, 9.501661, 0.49000004, 6.575493
1859, 139, -0.0011999999405816197, -0.16559999180026352, False, 83.39962, -1.7332909, 0.0, -7.035497, 9.871008, 0.49000004, 6.429653
1859, 140, -0.0011999999405816197, -0.16679999174084514, False, 83.27962, -1.5098488, 0.0, -8.868471, 10.354637, 0.49000004, 6.283441
1859, 141, -0.0011999999405816197, -0.16799999168142676, False, 83.159615, -1.324009, 0.0, -10.528238, 10.941906, 0.49000004, 6.1382504
1859, 142, -0.0011999999405816197, -0.16919999162200838, False, 83.03961, -0.0008163452, 0.0, -12.095934, 11.622655, 0.49000004, 5.990624
1859, 143, -0.0011999999405816197, -0.17039999156259, False, 82.91961, 1.3065858, 0.0, -13.386347, 12.385576, 0.49000004, 5.8257113
1859, 144, -0.0011999999405816197, -0.17159999150317162, False, 82.79961, 2.5805004, 0.0, -14.430462, 13.218512, 0.49000004, 5.628342
1859, 145, -0.0011999999405816197, -0.17279999144375324, False, 82.6796, 3.8056786, 0.0, -15.256736, 14.108755, 0.49000004, 5.3856297
1859, 146, -0.0011999999405816197, -0.17399999138433486, False, 82.5596, 4.5595226, 0.0, -10.2915745, 14.84883, 0.49000004, 5.204373
1859, 147, -0.0011999999405816197, -0.17519999132491648, False, 82.4396, 3.202107, 0.0, -6.607274, 15.361076, 0.49000004, 5.1381083
1859, 148, -0.0011999999405816197, -0.1763999912654981, False, 82.319595, 2.293189, 0.0, -3.1728272, 15.659869, 0.49000004, 5.161957
1859, 149, -0.0011999999405816197, -0.17759999120607972, False, 82.19959, 1.139509, 0.0, -1.9850459, 15.823177, 0.49000004, 5.196248
1859, 150, -0.0011999999405816197, -0.17879999114666134, False, 82.07959, 0.77572703, 0.0, 0.89539057, 15.835113, 0.49000004, 5.245619
1859, 151, -0.0011999999405816197, -0.17999999108724296, False, 81.95959, 0.36115694, 0.0, 3.3607874, 15.695875, 0.49000004, 5.318298
1859, 152, -0.0011999999405816197, -0.18119999102782458, False, 81.839584, 0.30516112, 0.0, 5.5301747, 15.426645, 0.49000004, 5.42611
1859, 153, -0.0011999999405816197, -0.1823999909684062, False, 81.71958, 0.26337218, 0.0, 7.4973874, 15.040551, 0.49000004, 5.569001
1859, 154, -0.0011999999405816197, -0.18359999090898782, False, 81.59958, 0.2297194, 0.0, 9.28158, 14.54857, 0.49000004, 5.7440186
1859, 155, -0.0011999999405816197, -0.18479999084956944, False, 81.479576, 0.20163536, 0.0, 10.899852, 13.960604, 0.49000004, 5.9483414
1859, 156, -0.0011999999405816197, -0.18599999079015106, False, 81.35957, 0.17772722, 0.0, 12.3676605, 13.285612, 0.49000004, 6.179348
1859, 157, -0.0011999999405816197, -0.18719999073073268, False, 81.23957, -1.1767969, 0.0, 13.647847, 12.532595, 0.49000004, 6.437129
1859, 158, -0.0011999999405816197, -0.1883999906713143, False, 81.11957, -1.042624, 0.0, 14.861092, 11.713196, 0.49000004, 6.730612
1859, 159, -0.0011999999405816197, -0.18959999061189592, False, 80.999565, -2.4895954, 0.0, 15.784502, 10.835614, 0.49000004, 7.060966
1859, 160, -0.0011999999405816197, -0.19079999055247754, False, 80.87956, -3.857339, 0.0, 16.485447, 9.91214, 0.49000004, 7.4376936
1859, 161, -0.0011999999405816197, -0.19199999049305916, False, 80.75956, -4.728778, 0.0, 11.392576, 9.137363, 0.49000004, 7.7333465
1859, 162, -0.0011999999405816197, -0.19319999043364078, False, 80.63956, -4.9700756, 0.0, 6.7480493, 8.578776, 0.49000004, 7.8827925
1859, 163, -0.0011999999405816197, -0.1943999903742224, False, 80.519554, -4.664032, 0.0, 2.6163235, 8.204461, 0.49000004, 7.8908997
1859, 164, -0.0011999999405816197, -0.19559999031480402, False, 80.39955, -3.9359317, 0.0, -0.886989, 7.982305, 0.49000004, 7.767911
1859, 165, -0.0011999999405816197, -0.19679999025538564, False, 80.27955, -3.3063054, 0.0, -3.4223444, 7.8784513, 0.49000004, 7.527357
1859, 166, -0.0011999999405816197, -0.19799999019596726, False, 80.159546, -2.8009515, 0.0, 0.11040902, 7.761834, 0.49000004, 7.375623
1859, 167, -0.0011999999405816197, -0.19919999013654888, False, 80.03954, -2.0820284, 0.0, 2.9507122, 7.5749006, 0.49000004, 7.3794203
1859, 168, -0.0011999999405816197, -0.2003999900771305, False, 79.91954, -1.6623359, 0.0, -0.40830445, 7.4631963, 0.49000004, 7.3412685
1859, 169, -0.0011999999405816197, -0.20159999001771212, False, 79.79954, -1.5197126, 0.0, -2.769201, 7.470834, 0.49000004, 7.1905127
1859, 170, -0.0011999999405816197, -0.20279998995829374, False, 79.679535, -1.6965449, 0.0, -4.854767, 7.584302, 0.49000004, 6.947217
1859, 171, -0.0011999999405816197, -0.20399998989887536, False, 79.55953, -1.5843319, 0.0, -1.1668689, 7.633145, 0.49000004, 6.7802777
1859, 172, -0.0011999999405816197, -0.20519998983945698, False, 79.43953, -1.5573794, 0.0, -3.429636, 7.721875, 0.49000004, 6.617092
1859, 173, -0.0011999999405816197, -0.2063999897800386, False, 79.31953, -1.8020313, 0.0, -5.4430366, 7.935735, 0.49000004, 6.4000597
1859, 174, -0.0011999999405816197, -0.20759998972062021, False, 79.199524, -2.2263212, 0.0, -7.2310653, 8.2685375, 0.49000004, 6.1474447
1859, 175, -0.0011999999405816197, -0.20879998966120183, False, 79.07952, -2.778627, 0.0, -8.803688, 8.714166, 0.49000004, 5.877201
1859, 176, -0.0011999999405816197, -0.20999998960178345, False, 78.95952, -3.4210825, 0.0, -10.1716585, 9.265741, 0.49000004, 5.606421
1859, 177, -0.0011999999405816197, -0.21119998954236507, False, 78.839516, -3.0136633, 0.0, -11.719478, 9.915248, 0.49000004, 5.3484354
1859, 178, -0.0011999999405816197, -0.2123999894829467, False, 78.71951, -2.6626296, 0.0, -13.118759, 10.653442, 0.49000004, 5.1033883
1859, 179, -0.0011999999405816197, -0.2135999894235283, False, 78.59951, -0.9401822, 0.0, -14.56055, 11.47145, 0.49000004, 4.8665643
1859, 180, -0.0011999999405816197, -0.21479998936410993, False, 78.47951, 0.71138906, 0.0, -15.697306, 12.359157, 0.49000004, 4.6219068
1859, 181, -0.0011999999405816197, -0.21599998930469155, False, 78.359505, 2.2770886, 0.0, -16.569153, 13.3055105, 0.49000004, 4.3531303
1859, 182, -0.0011999999405816197, -0.21719998924527317, False, 78.2395, 3.7454882, 0.0, -17.212107, 14.298825, 0.49000004, 4.0463543
1859, 183, -0.0011999999405816197, -0.2183999891858548, False, 78.1195, 4.7027354, 0.0, -12.056419, 15.132577, 0.49000004, 3.8076653
1859, 184, -0.0011999999405816197, -0.2195999891264364, False, 77.9995, 5.0178576, 0.0, -7.3439775, 15.733136, 0.49000004, 3.694668
1859, 185, -0.0011999999405816197, -0.22079998906701803, False, 77.87949, 4.774825, 0.0, -3.1345096, 16.132921, 0.49000004, 3.7059956
1859, 186, -0.0011999999405816197, -0.22199998900759965, False, 77.75949, 3.8937738, 0.0, -0.37596887, 16.360523, 0.49000004, 3.8315692
1859, 187, -0.0011999999405816197, -0.22319998894818127, False, 77.63949, 3.3610837, 0.0, 1.9984459, 16.431313, 0.49000004, 4.04212
1859, 188, -0.0011999999405816197, -0.2243999888887629, False, 77.519485, 3.1799855, 0.0, 4.0586634, 16.360634, 0.49000004, 4.312695
1859, 189, -0.0011999999405816197, -0.2255999888293445, False, 77.39948, 3.265679, 0.0, 5.888022, 16.159513, 0.49000004, 4.6247587
1859, 190, -0.0011999999405816197, -0.22679998876992613, False, 77.27948, 3.5419002, 0.0, 7.51449, 15.835875, 0.49000004, 4.961182
1859, 191, -0.0011999999405816197, -0.22799998871050775, False, 77.15948, 3.0973673, 0.0, 9.3178425, 15.397731, 0.49000004, 5.30792
1859, 192, -0.0011999999405816197, -0.22919998865108937, False, 77.039474, 2.722217, 0.0, 10.944439, 14.856149, 0.49000004, 5.663225
1859, 193, -0.0011999999405816197, -0.230399988591671, False, 76.91947, 2.4011636, 0.0, 12.415153, 14.221484, 0.49000004, 6.0274396
1859, 194, -0.0011999999405816197, -0.2315999885322526, False, 76.79947, 2.1236663, 0.0, 13.746554, 13.502857, 0.49000004, 6.4005527
1859, 195, -0.0011999999405816197, -0.23279998847283423, False, 76.67947, 0.40778828, 0.0, 15.075067, 12.70927, 0.49000004, 6.7848477
1859, 196, -0.0011999999405816197, -0.23399998841341585, False, 76.55946, 0.3619914, 0.0, 16.154799, 11.852271, 0.49000004, 7.1911416
1859, 197, -0.0011999999405816197, -0.23519998835399747, False, 76.43946, 0.3217535, 0.0, 17.134125, 10.938772, 0.49000004, 7.61983
1859, 198, -0.0011999999405816197, -0.2363999882945791, False, 76.31946, -0.9469533, 0.0, 10.991188, 10.238779, 0.49000004, 7.9473586
1859, 199, -0.0011999999405816197, -0.2375999882351607, False, 76.199455, -2.0330567, 0.0, 12.303219, 9.591783, 0.49000004, 8.263606
1859, 200, -0.0011999999405816197, -0.23879998817574233, False, 76.07945, -2.706301, 0.0, 7.7859592, 9.067266, 0.49000004, 8.50322
1859, 201, -0.0011999999405816197, -0.23999998811632395, False, 75.95945, -2.8089879, 0.0, 3.6835592, 8.735407, 0.49000004, 8.601101
1859, 202, -0.0011999999405816197, -0.24119998805690557, False, 75.83945, -2.3898723, 0.0, 0.13629493, 8.56634, 0.49000004, 8.565105
1859, 203, -0.0011999999405816197, -0.2423999879974872, False, 75.719444, -1.738457, 0.0, -2.6879718, 8.522733, 0.49000004, 8.41088
1859, 204, -0.0011999999405816197, -0.2435999879380688, False, 75.59944, -1.8721528, 0.0, -4.767379, 8.570862, 0.49000004, 8.1472225
1859, 205, -0.0011999999405816197, -0.24479998787865043, False, 75.47944, -2.2155595, 0.0, -6.6186767, 8.707682, 0.49000004, 7.79064
1859, 206, -0.0011999999405816197, -0.24599998781923205, False, 75.359436, -2.7062721, 0.0, -8.253962, 8.93608, 0.49000004, 7.3598866
1859, 207, -0.0011999999405816197, -0.24719998775981367, False, 75.23943, -2.2275262, 0.0, -4.967351, 9.127963, 0.49000004, 7.025487
1859, 208, -0.0011999999405816197, -0.24839998770039529, False, 75.11943, -2.0506504, 0.0, -1.2399266, 9.182784, 0.49000004, 6.8371515
1859, 209, -0.0011999999405816197, -0.2495999876409769, False, 74.99943, -1.958593, 0.0, -3.4704964, 9.279755, 0.49000004, 6.6599884
1859, 210, -0.0011999999405816197, -0.2507999875815585, False, 74.879425, -2.1482604, 0.0, -5.450517, 9.508673, 0.49000004, 6.4456153
1859, 211, -0.0011999999405816197, -0.25199998752214015, False, 74.75942, -2.5259686, 0.0, -7.210048, 9.860774, 0.49000004, 6.2110257
1859, 212, -0.0011999999405816197, -0.25319998746272177, False, 74.63942, -2.203707, 0.0, -9.032683, 10.327273, 0.49000004, 5.9703884
1859, 213, -0.0011999999405816197, -0.2543999874033034, False, 74.51942, -2.9412627, 0.0, -10.426958, 10.89785, 0.49000004, 5.7278776
1859, 214, -0.0011999999405816197, -0.255599987343885, False, 74.399414, -2.5917444, 0.0, -11.947594, 11.564251, 0.49000004, 5.4946966
1859, 215, -0.0011999999405816197, -0.2567999872844666, False, 74.27941, -2.2904563, 0.0, -13.323533, 12.317549, 0.49000004, 5.2714853
1859, 216, -0.0011999999405816197, -0.25799998722504824, False, 74.15941, -0.5936003, 0.0, -14.709473, 13.149101, 0.49000004, 5.0539346
1859, 217, -0.0011999999405816197, -0.25919998716562986, False, 74.039406, 1.0311508, 0.0, -15.799175, 14.048979, 0.49000004, 4.826324
1859, 218, -0.0011999999405816197, -0.2603999871062115, False, 73.9194, 2.569409, 0.0, -16.63161, 15.006275, 0.49000004, 4.57265
1859, 219, -0.0011999999405816197, -0.2615999870467931, False, 73.7994, 3.6080778, 0.0, -11.63727, 15.80387, 0.49000004, 4.3761435
1859, 220, -0.0011999999405816197, -0.2627999869873747, False, 73.6794, 4.013379, 0.0, -7.0568366, 16.361889, 0.49000004, 4.286041
1859, 221, -0.0011999999405816197, -0.26399998692795634, False, 73.559395, 3.4306047, 0.0, -3.334265, 16.710323, 0.49000004, 4.3018885
1859, 222, -0.0011999999405816197, -0.26519998686853796, False, 73.43939, 2.67954, 0.0, -0.39394724, 16.870548, 0.49000004, 4.405884
1859, 223, -0.0011999999405816197, -0.2663999868091196, False, 73.31939, 2.2843235, 0.0, 2.0567522, 16.864275, 0.49000004, 4.5668397
1859, 224, -0.0011999999405816197, -0.2675999867497012, False, 73.19939, 2.2601771, 0.0, 4.1735907, 16.713484, 0.49000004, 4.76403
1859, 225, -0.0011999999405816197, -0.2687999866902828, False, 73.079384, 1.3661828, 0.0, 6.4632025, 16.432598, 0.49000004, 4.9866076
1859, 226, -0.0011999999405816197, -0.26999998663086444, False, 72.95938, 1.9542527, 0.0, 8.185062, 16.038054, 0.49000004, 5.2410507
1859, 227, -0.0011999999405816197, -0.27119998657144606, False, 72.83938, 1.7102904, 0.0, 9.911157, 15.537748, 0.49000004, 5.516425
1859, 228, -0.0011999999405816197, -0.2723999865120277, False, 72.719376, 1.5043311, 0.0, 11.4742, 14.941184, 0.49000004, 5.8093305
1859, 229, -0.0011999999405816197, -0.2735999864526093, False, 72.59937, 1.3278275, 0.0, 12.890621, 14.257625, 0.49000004, 6.118778
1859, 230, -0.0011999999405816197, -0.2747999863931909, False, 72.47937, -0.2141242, 0.0, 14.227352, 13.496244, 0.49000004, 6.4461856
1859, 231, -0.0011999999405816197, -0.27599998633377254, False, 72.35937, -0.18986034, 0.0, 15.385824, 12.668782, 0.49000004, 6.8015947
1859, 232, -0.0011999999405816197, -0.27719998627435416, False, 72.239365, -0.16860247, 0.0, 16.436592, 11.782341, 0.49000004, 7.184721
1859, 233, -0.0011999999405816197, -0.2783999862149358, False, 72.11936, -1.8676815, 0.0, 17.286207, 10.843534, 0.49000004, 7.595353
1859, 234, -0.0011999999405816197, -0.2795999861555174, False, 71.99936, -3.4523606, 0.0, 17.895998, 9.864174, 0.49000004, 8.044063
1859, 235, -0.0011999999405816197, -0.280799986096099, False, 71.87936, -4.5118847, 0.0, 12.698057, 9.038368, 0.49000004, 8.404204
1859, 236, -0.0011999999405816197, -0.28199998603668064, False, 71.75935, -4.917672, 0.0, 7.9342513, 8.433118, 0.49000004, 8.611005
1859, 237, -0.0011999999405816197, -0.28319998597726226, False, 71.63935, -4.754109, 0.0, 3.6605806, 8.016216, 0.49000004, 8.669178
1859, 238, -0.0011999999405816197, -0.2843999859178439, False, 71.51935, -4.121897, 0.0, -0.018397838, 7.756338, 0.49000004, 8.588341
1859, 239, -0.0011999999405816197, -0.2855999858584255, False, 71.399345, -3.6092606, 0.0, -2.3143592, 7.6232777, 0.49000004, 8.384937
1859, 240, -0.0011999999405816197, -0.2867999857990071, False, 71.27934, -2.656564, 0.0, -4.961995, 7.60173, 0.49000004, 8.080056
1859, 241, -0.0011999999405816197, -0.28799998573958874, False, 71.15934, -2.9129663, 0.0, -6.7326465, 7.6690865, 0.49000004, 7.679837
1859, 242, -0.0011999999405816197, -0.28919998568017036, False, 71.03934, -2.8634179, 0.0, -2.737884, 7.688989, 0.49000004, 7.3808455
1859, 243, -0.0011999999405816197, -0.290399985620752, False, 70.919334, -2.3326137, 0.0, 0.6349462, 7.6007204, 0.49000004, 7.2525525
1859, 244, -0.0011999999405816197, -0.2915999855613336, False, 70.79933, -1.9503206, 0.0, -1.8769811, 7.5766973, 0.49000004, 7.117137
1859, 245, -0.0011999999405816197, -0.2927999855019152, False, 70.67933, -1.9545044, 0.0, -4.0346074, 7.685491, 0.49000004, 6.9137955
1859, 246, -0.0011999999405816197, -0.29399998544249684, False, 70.559326, -2.207205, 0.0, -5.955432, 7.917983, 0.49000004, 6.660712
1859, 247, -0.0011999999405816197, -0.29519998538307846, False, 70.43932, -2.6300483, 0.0, -7.6586943, 8.268129, 0.49000004, 6.3759108
1859, 248, -0.0011999999405816197, -0.2963999853236601, False, 70.31932, -3.1742473, 0.0, -9.154507, 8.729832, 0.49000004, 6.076978
1859, 249, -0.0011999999405816197, -0.2975999852642417, False, 70.19932, -3.8033113, 0.0, -10.453642, 9.296244, 0.49000004, 5.780643
1859, 250, -0.0011999999405816197, -0.2987999852048233, False, 70.079315, -3.3532639, 0.0, -11.977329, 9.959394, 0.49000004, 5.4999037
1859, 251, -0.0011999999405816197, -0.29999998514540493, False, 69.95931, -1.6512613, 0.0, -13.598477, 10.709763, 0.49000004, 5.231964
1859, 252, -0.0011999999405816197, -0.30119998508598655, False, 69.83931, -0.005112648, 0.0, -14.89653, 11.536424, 0.49000004, 4.960081
1859, 253, -0.0011999999405816197, -0.3023999850265682, False, 69.71931, 1.5681415, 0.0, -15.913097, 12.427655, 0.49000004, 4.6674294
1859, 254, -0.0011999999405816197, -0.3035999849671498, False, 69.599304, 3.0550199, 0.0, -16.685154, 13.371193, 0.49000004, 4.3396897
1859, 255, -0.0011999999405816197, -0.3047999849077314, False, 69.4793, 4.445385, 0.0, -17.246193, 14.354324, 0.49000004, 3.9648914
1859, 256, -0.0011999999405816197, -0.30599998484831303, False, 69.3593, 5.324234, 0.0, -12.025939, 15.183049, 0.49000004, 3.6705618
1859, 257, -0.0011999999405816197, -0.30719998478889465, False, 69.239296, 5.561536, 0.0, -7.266761, 15.7904415, 0.49000004, 3.5218933
1859, 258, -0.0011999999405816197, -0.3083999847294763, False, 69.11929, 5.246286, 0.0, -3.028248, 16.208982, 0.49000004, 3.5142965
1859, 259, -0.0011999999405816197, -0.3095999846700579, False, 68.99929, 4.325014, 0.0, -0.33586407, 16.466578, 0.49000004, 3.635288
1859, 260, -0.0011999999405816197, -0.3107999846106395, False, 68.87929, 3.7503233, 0.0, 2.002187, 16.575241, 0.49000004, 3.8552995
1859, 261, -0.0011999999405816197, -0.31199998455122113, False, 68.759285, 3.519554, 0.0, 4.038035, 16.547012, 0.49000004, 4.148141
1859, 262, -0.0011999999405816197, -0.31319998449180275, False, 68.63928, 3.5580196, 0.0, 5.8456097, 16.391218, 0.49000004, 4.494042
1859, 263, -0.0011999999405816197, -0.31439998443238437, False, 68.51928, 3.7920074, 0.0, 7.453899, 16.11443, 0.49000004, 4.8752294
1859, 264, -0.0011999999405816197, -0.315599984372966, False, 68.39928, 4.1681952, 0.0, 8.875387, 15.722513, 0.49000004, 5.274637
1859, 265, -0.0011999999405816197, -0.3167999843135476, False, 68.279274, 3.662498, 0.0, 10.553306, 15.222391, 0.49000004, 5.6784387
1859, 266, -0.0011999999405816197, -0.31799998425412923, False, 68.15927, 3.229504, 0.0, 12.066541, 14.624422, 0.49000004, 6.0852604
1859, 267, -0.0011999999405816197, -0.31919998419471085, False, 68.03927, 2.8553624, 0.0, 13.434242, 13.938426, 0.49000004, 6.4958954
1859, 268, -0.0011999999405816197, -0.32039998413529247, False, 67.919266, 2.5298266, 0.0, 14.6719265, 13.173067, 0.49000004, 6.9107976
1859, 269, -0.0011999999405816197, -0.3215999840758741, False, 67.79926, 2.2450876, 0.0, 15.792782, 12.336056, 0.49000004, 7.33019
1859, 270, -0.0011999999405816197, -0.3227999840164557, False, 67.67926, 1.9950247, 0.0, 16.808296, 11.434294, 0.49000004, 7.7541404
1859, 271, -0.0011999999405816197, -0.32399998395703733, False, 67.55926, 0.010979176, 0.0, 17.824608, 10.474867, 0.49000004, 8.185119
1859, 272, -0.0011999999405816197, -0.32519998389761895, False, 67.439255, -1.8404155, 0.0, 18.554989, 9.4688, 0.49000004, 8.636605
1859, 273, -0.0011999999405816197, -0.32639998383820057, False, 67.31925, -3.1534014, 0.0, 13.436104, 8.622622, 0.49000004, 9.004223
1859, 274, -0.0011999999405816197, -0.3275999837787822, False, 67.19925, -3.801353, 0.0, 8.709946, 8.009898, 0.49000004, 9.231204
1859, 275, -0.0011999999405816197, -0.3287999837193638, False, 67.07925, -3.8642812, 0.0, 4.426889, 7.5984774, 0.49000004, 9.319062
1859, 276, -0.0011999999405816197, -0.32999998365994543, False, 66.95924, -3.413332, 0.0, 0.69093794, 7.3575163, 0.49000004, 9.274251
1859, 277, -0.0011999999405816197, -0.33119998360052705, False, 66.83924, -2.6629338, 0.0, -2.356956, 7.2520924, 0.49000004, 9.109659
1859, 278, -0.0011999999405816197, -0.33239998354110867, False, 66.71924, -1.8399596, 0.0, -4.8864436, 7.244117, 0.49000004, 8.833538
1859, 279, -0.0011999999405816197, -0.3335999834816903, False, 66.599236, -2.200514, 0.0, -6.7280793, 7.3080635, 0.49000004, 8.450903
1859, 280, -0.0011999999405816197, -0.3347999834222719, False, 66.47923, -2.7045035, 0.0, -8.353548, 7.44566, 0.49000004, 7.9771543
1859, 281, -0.0011999999405816197, -0.3359999833628535, False, 66.35923, -1.4026723, 0.0, -10.269093, 7.6586504, 0.49000004, 7.4266777
1859, 282, -0.0011999999405816197, -0.33719998330343515, False, 66.23923, -1.95257, 0.0, -6.0084605, 7.815317, 0.49000004, 6.996679
1859, 283, -0.0011999999405816197, -0.33839998324401677, False, 66.119225, -1.9520483, 0.0, -2.1584954, 7.8537474, 0.49000004, 6.76221
1859, 284, -0.0011999999405816197, -0.3395999831845984, False, 65.99922, -1.4707178, 0.0, 1.0143944, 7.7827797, 0.49000004, 6.6911483
1859, 285, -0.0011999999405816197, -0.34079998312518, False, 65.87922, -1.1580784, 0.0, -1.6113698, 7.7753716, 0.49000004, 6.6053243
1859, 286, -0.0011999999405816197, -0.3419999830657616, False, 65.75922, -1.259754, 0.0, -3.845538, 7.8963685, 0.49000004, 6.445746
1859, 287, -0.0011999999405816197, -0.34319998300634325, False, 65.63921, -1.5938721, 0.0, -5.838748, 8.138167, 0.49000004, 6.230832
1859, 288, -0.0011999999405816197, -0.34439998294692487, False, 65.51921, -2.087628, 0.0, -7.603899, 8.4957485, 0.49000004, 5.9794464
1859, 289, -0.0011999999405816197, -0.3455999828875065, False, 65.39921, -2.695911, 0.0, -9.150761, 8.963567, 0.49000004, 5.7098746
1859, 290, -0.0011999999405816197, -0.3467999828280881, False, 65.279205, -3.3838592, 0.0, -10.490961, 9.535114, 0.49000004, 5.4394093
1859, 291, -0.0011999999405816197, -0.3479999827686697, False, 65.1592, -2.9829068, 0.0, -12.008263, 10.202651, 0.49000004, 5.181511
1859, 292, -0.0011999999405816197, -0.34919998270925134, False, 65.0392, -2.6368084, 0.0, -13.380247, 10.957152, 0.49000004, 4.936407
1859, 293, -0.0011999999405816197, -0.35039998264983296, False, 64.9192, -0.8936045, 0.0, -14.79388, 11.789922, 0.49000004, 4.6994357
1859, 294, -0.0011999999405816197, -0.3515999825904146, False, 64.799194, 0.7743416, 0.0, -15.903424, 12.690997, 0.49000004, 4.4545717
1859, 295, -0.0011999999405816197, -0.3527999825309962, False, 64.67919, 2.352409, 0.0, -16.74926, 13.64946, 0.49000004, 4.1855474
1859, 296, -0.0011999999405816197, -0.3539999824715778, False, 64.55919, 3.8296003, 0.0, -17.367645, 14.653742, 0.49000004, 3.8784926
1859, 297, -0.0011999999405816197, -0.35519998241215944, False, 64.439186, 4.7925014, 0.0, -12.189068, 15.497427, 0.49000004, 3.6394973
1859, 298, -0.0011999999405816197, -0.35639998235274106, False, 64.31918, 5.1108255, 0.0, -7.455479, 16.106983, 0.49000004, 3.5261745
1859, 299, -0.0011999999405816197, -0.3575999822933227, False, 64.19918, 4.869583, 0.0, -3.2258039, 16.514927, 0.49000004, 3.537207
1859, 300, -0.0011999999405816197, -0.3587999822339043, False, 64.07918, 3.6933973, 0.0, -5.912944, 16.904545, 0.49000004, 3.503668
1859, 301, -0.0011999999405816197, -0.3599999821744859, False, 63.959175, 2.7604668, 0.0, -2.6222036, 17.191114, 0.49000004, 3.50962
1859, 302, -0.0011999999405816197, -0.36119998211506754, False, 63.839172, 2.1312194, 0.0, 0.25975782, 17.297909, 0.49000004, 3.605384
1859, 303, -0.0011999999405816197, -0.36239998205564916, False, 63.71917, 1.707863, 0.0, 2.8143013, 17.249245, 0.49000004, 3.7604518
1859, 304, -0.0011999999405816197, -0.3635999819962308, False, 63.599167, 1.8607695, 0.0, 4.8821106, 17.068886, 0.49000004, 3.9669135
1859, 305, -0.0011999999405816197, -0.3647999819368124, False, 63.479164, 0.967021, 0.0, 7.0582848, 16.768116, 0.49000004, 4.2142286
1859, 306, -0.0011999999405816197, -0.365999981877394, False, 63.35916, 0.84200525, 0.0, 8.885054, 16.363832, 0.49000004, 4.5087233
1859, 307, -0.0011999999405816197, -0.36719998181797564, False, 63.23916, 1.7374649, 0.0, 10.413515, 15.866038, 0.49000004, 4.846507
1859, 308, -0.0011999999405816197, -0.36839998175855726, False, 63.119156, 1.5301461, 0.0, 11.929693, 15.278196, 0.49000004, 5.2130938
1859, 309, -0.0011999999405816197, -0.3695999816991389, False, 62.999153, 1.3518252, 0.0, 13.303705, 14.607925, 0.49000004, 5.604062
1859, 310, -0.0011999999405816197, -0.3707999816397205, False, 62.87915, 1.1970878, 0.0, 14.549295, 13.863126, 0.49000004, 6.017554
1859, 311, -0.0011999999405816197, -0.3719999815803021, False, 62.759148, 1.0619712, 0.0, 15.67867, 13.050895, 0.49000004, 6.4517794
1859, 312, -0.0011999999405816197, -0.37319998152088374, False, 62.639145, 0.94343996, 0.0, 16.70279, 12.177626, 0.49000004, 6.9050446
1859, 313, -0.0011999999405816197, -0.37439998146146536, False, 62.519142, 0.83909225, 0.0, 17.631535, 11.249085, 0.49000004, 7.375763
1859, 314, -0.0011999999405816197, -0.375599981402047, False, 62.39914, -1.0889869, 0.0, 18.458212, 10.271633, 0.49000004, 7.8648596
1859, 315, -0.0011999999405816197, -0.3767999813426286, False, 62.279137, -1.9430847, 0.0, 11.767308, 9.525301, 0.49000004, 8.238959
1859, 316, -0.0011999999405816197, -0.3779999812832102, False, 62.159134, -2.573656, 0.0, 7.311284, 9.028151, 0.49000004, 8.464966
1859, 317, -0.0011999999405816197, -0.37919998122379184, False, 62.03913, -2.63977, 0.0, 3.271119, 8.721168, 0.49000004, 8.550698
1859, 318, -0.0011999999405816197, -0.38039998116437346, False, 61.91913, -2.1913376, 0.0, -0.18915388, 8.57439, 0.49000004, 8.504848
1859, 319, -0.0011999999405816197, -0.3815999811049551, False, 61.799126, -1.5549066, 0.0, -2.9350703, 8.54899, 0.49000004, 8.342984
1859, 320, -0.0011999999405816197, -0.3827999810455367, False, 61.679123, -1.7450068, 0.0, -5.0005727, 8.612288, 0.49000004, 8.072335
1859, 321, -0.0011999999405816197, -0.3839999809861183, False, 61.55912, -1.6451861, 0.0, -1.2901746, 8.627836, 0.49000004, 7.8906574
1859, 322, -0.0011999999405816197, -0.38519998092669994, False, 61.439117, -1.273166, 0.0, 1.3901792, 8.5442295, 0.49000004, 7.8669763
1859, 323, -0.0011999999405816197, -0.38639998086728156, False, 61.319115, -0.94642514, 0.0, -1.3316884, 8.517054, 0.49000004, 7.806332
1859, 324, -0.0011999999405816197, -0.3875999808078632, False, 61.199112, -1.0524282, 0.0, -3.6091237, 8.600145, 0.49000004, 7.644563
1859, 325, -0.0011999999405816197, -0.3887999807484448, False, 61.07911, -1.3929825, 0.0, -5.6424994, 8.789597, 0.49000004, 7.401415
1859, 326, -0.0011999999405816197, -0.3899999806890264, False, 60.959106, -1.4355612, 0.0, -1.8671746, 8.899506, 0.49000004, 7.2272964
1859, 327, -0.0011999999405816197, -0.39119998062960804, False, 60.839104, -1.0014684, 0.0, 1.1850929, 8.855236, 0.49000004, 7.1700854
1859, 328, -0.0011999999405816197, -0.39239998057018965, False, 60.7191, -0.74681187, 0.0, -1.4981592, 8.876805, 0.49000004, 7.113196
1859, 329, -0.0011999999405816197, -0.3935999805107713, False, 60.5991, -0.909227, 0.0, -3.7701664, 9.041443, 0.49000004, 7.0215874
1859, 330, -0.0011999999405816197, -0.3947999804513529, False, 60.479095, -1.2883962, 0.0, -5.7987204, 9.337458, 0.49000004, 6.911347
1859, 331, -0.0011999999405816197, -0.3959999803919345, False, 60.359093, -1.1146468, 0.0, -7.7451806, 9.75443, 0.49000004, 6.7969675
1859, 332, -0.0011999999405816197, -0.39719998033251613, False, 60.23909, -0.97344685, 0.0, -9.508367, 10.281117, 0.49000004, 6.680174
1859, 333, -0.0011999999405816197, -0.39839998027309775, False, 60.119087, 0.21192336, 0.0, -11.14274, 10.906827, 0.49000004, 6.5578833
1859, 334, -0.0011999999405816197, -0.3995999802136794, False, 59.999084, 1.4028816, 0.0, -12.506906, 11.619756, 0.49000004, 6.4156127
1859, 335, -0.0011999999405816197, -0.400799980154261, False, 59.87908, 2.5802472, 0.0, -13.628743, 12.407291, 0.49000004, 6.2385316
1859, 336, -0.0011999999405816197, -0.4019999800948426, False, 59.75908, 3.3184788, 0.0, -8.932132, 13.050721, 0.49000004, 6.1107063
1859, 337, -0.0011999999405816197, -0.40319998003542423, False, 59.639076, 3.468672, 0.0, -4.659926, 13.468703, 0.49000004, 6.0814357
1859, 338, -0.0011999999405816197, -0.40439997997600585, False, 59.519073, 2.636878, 0.0, -1.511332, 13.689063, 0.49000004, 6.146538
1859, 339, -0.0011999999405816197, -0.40559997991658747, False, 59.39907, 2.1175249, 0.0, 1.1553091, 13.731555, 0.49000004, 6.2754226
1859, 340, -0.0011999999405816197, -0.4067999798571691, False, 59.279068, 2.0042267, 0.0, 3.3935921, 13.622126, 0.49000004, 6.442793
1859, 341, -0.0011999999405816197, -0.4079999797977507, False, 59.159065, 1.702292, 0.0, 5.58051, 13.37757, 0.49000004, 6.635551
1859, 342, -0.0011999999405816197, -0.40919997973833233, False, 59.039062, 1.471493, 0.0, 7.5509205, 13.011956, 0.49000004, 6.8517723
1859, 343, -0.0011999999405816197, -0.41039997967891395, False, 58.91906, 0.40003657, 0.0, 9.42464, 12.538292, 0.49000004, 7.0932336
1859, 344, -0.0011999999405816197, -0.41159997961949557, False, 58.799057, 0.3512826, 0.0, 11.029749, 11.971359, 0.49000004, 7.3697305
1859, 345, -0.0011999999405816197, -0.4127999795600772, False, 58.679054, 0.3097229, 0.0, 12.485561, 11.320891, 0.49000004, 7.6805396
1859, 346, -0.0011999999405816197, -0.4139999795006588, False, 58.55905, -1.0718603, 0.0, 13.766469, 10.59585, 0.49000004, 8.024979
1859, 347, -0.0011999999405816197, -0.41519997944124043, False, 58.43905, -2.4102535, 0.0, 14.794631, 9.810133, 0.49000004, 8.4131155
1859, 348, -0.0011999999405816197, -0.41639997938182205, False, 58.319046, -3.2861118, 0.0, 9.9965515, 9.159737, 0.49000004, 8.717814
1859, 349, -0.0011999999405816197, -0.41759997932240367, False, 58.199043, -3.5572817, 0.0, 5.612866, 8.713477, 0.49000004, 8.874059
1859, 350, -0.0011999999405816197, -0.4187999792629853, False, 58.07904, -3.2864463, 0.0, 1.7225313, 8.440862, 0.49000004, 8.887463
1859, 351, -0.0011999999405816197, -0.4199999792035669, False, 57.959038, -2.620953, 0.0, -1.4945557, 8.309562, 0.49000004, 8.771305
1859, 352, -0.0011999999405816197, -0.42119997914414853, False, 57.839035, -1.8562242, 0.0, -4.1209054, 8.28084, 0.49000004, 8.538143
1859, 353, -0.0011999999405816197, -0.42239997908473015, False, 57.719032, -2.1324358, 0.0, -6.0401187, 8.32693, 0.49000004, 8.194528
1859, 354, -0.0011999999405816197, -0.42359997902531177, False, 57.59903, -2.108788, 0.0, -2.1760902, 8.333181, 0.49000004, 7.9507475
1859, 355, -0.0011999999405816197, -0.4247999789658934, False, 57.479027, -2.1254158, 0.0, -4.289359, 8.376463, 0.49000004, 7.704897
1859, 356, -0.0011999999405816197, -0.425999978906475, False, 57.359024, -2.3816729, 0.0, -6.170736, 8.521969, 0.49000004, 7.375343
1859, 357, -0.0011999999405816197, -0.4271999788470566, False, 57.23902, -2.803821, 0.0, -7.837965, 8.769556, 0.49000004, 6.98098
1859, 358, -0.0011999999405816197, -0.42839997878763825, False, 57.11902, -2.3960366, 0.0, -4.0014462, 8.935028, 0.49000004, 6.6728196
1859, 359, -0.0011999999405816197, -0.42959997872821987, False, 56.999016, -1.9126304, 0.0, -0.6290361, 8.944613, 0.49000004, 6.511386
1859, 360, -0.0011999999405816197, -0.4307999786688015, False, 56.879013, -1.7605611, 0.0, -2.9484353, 9.00041, 0.49000004, 6.351768
1859, 361, -0.0011999999405816197, -0.4319999786093831, False, 56.75901, -1.9207492, 0.0, -4.9982004, 9.18582, 0.49000004, 6.1389704
1859, 362, -0.0011999999405816197, -0.4331999785499647, False, 56.639008, -2.2818747, 0.0, -6.822036, 9.49333, 0.49000004, 5.890772
1859, 363, -0.0011999999405816197, -0.43439997849054635, False, 56.519005, -2.7848887, 0.0, -8.431291, 9.916244, 0.49000004, 5.624867
1859, 364, -0.0011999999405816197, -0.43559997843112797, False, 56.399002, -2.4407597, 0.0, -10.139776, 10.44685, 0.49000004, 5.3556137
1859, 365, -0.0011999999405816197, -0.4367999783717096, False, 56.279, -3.2595649, 0.0, -11.403302, 11.075565, 0.49000004, 5.087135
1859, 366, -0.0011999999405816197, -0.4379999783122912, False, 56.158997, -1.6200995, 0.0, -13.071924, 11.7943945, 0.49000004, 4.82786
1859, 367, -0.0011999999405816197, -0.4391999782528728, False, 56.038994, -0.026362896, 0.0, -14.418593, 12.592463, 0.49000004, 4.5638766
1859, 368, -0.0011999999405816197, -0.44039997819345444, False, 55.91899, 1.5041156, 0.0, -15.483931, 13.4577675, 0.49000004, 4.2784185
1859, 369, -0.0011999999405816197, -0.44159997813403606, False, 55.79899, 2.9570808, 0.0, -16.30399, 14.377799, 0.49000004, 3.957232
1859, 370, -0.0011999999405816197, -0.4427999780746177, False, 55.678986, 3.9171236, 0.0, -11.3079405, 15.145301, 0.49000004, 3.7061608
1859, 371, -0.0011999999405816197, -0.4439999780151993, False, 55.558983, 4.249078, 0.0, -6.7368884, 15.685946, 0.49000004, 3.5826702
1859, 372, -0.0011999999405816197, -0.4451999779557809, False, 55.43898, 4.027898, 0.0, -2.655471, 16.031443, 0.49000004, 3.5850255
1859, 373, -0.0011999999405816197, -0.44639997789636254, False, 55.318977, 3.2609544, 0.0, 0.10161561, 16.210249, 0.49000004, 3.7018309
1859, 374, -0.0011999999405816197, -0.44759997783694416, False, 55.198975, 2.8569016, 0.0, 2.437625, 16.239405, 0.49000004, 3.9031987
1859, 375, -0.0011999999405816197, -0.4487999777775258, False, 55.07897, 2.797296, 0.0, 4.4742813, 16.133799, 0.49000004, 4.1658006
1859, 376, -0.0011999999405816197, -0.4499999777181074, False, 54.95897, 2.9810917, 0.0, 6.2861323, 15.902566, 0.49000004, 4.47149
1859, 377, -0.0011999999405816197, -0.451199977658689, False, 54.838966, 3.3367834, 0.0, 7.8935, 15.552434, 0.49000004, 4.802853
1859, 378, -0.0011999999405816197, -0.45239997759927064, False, 54.718964, 1.994009, 0.0, 9.918429, 15.091592, 0.49000004, 5.148039
1859, 379, -0.0011999999405816197, -0.45359997753985226, False, 54.59896, 1.7541156, 0.0, 11.4819765, 14.534851, 0.49000004, 5.516169
1859, 380, -0.0011999999405816197, -0.4547999774804339, False, 54.47896, 1.5484233, 0.0, 12.898397, 13.892564, 0.49000004, 5.908165
1859, 381, -0.0011999999405816197, -0.4559999774210155, False, 54.358955, 1.3703275, 0.0, 14.182152, 13.172979, 0.49000004, 6.3222985
1859, 382, -0.0011999999405816197, -0.4571999773615971, False, 54.238953, 1.2150645, 0.0, 15.345972, 12.3834915, 0.49000004, 6.756875
1859, 383, -0.0011999999405816197, -0.45839997730217874, False, 54.11895, 1.0790272, 0.0, 16.401234, 11.530752, 0.49000004, 7.210272
1859, 384, -0.0011999999405816197, -0.45959997724276036, False, 53.998947, -0.76118517, 0.0, 17.37087, 10.621899, 0.49000004, 7.683355
1859, 385, -0.0011999999405816197, -0.460799977183342, False, 53.878944, -1.656847, 0.0, 11.074214, 9.926145, 0.49000004, 8.045378
1859, 386, -0.0011999999405816197, -0.4619999771239236, False, 53.75894, -2.254515, 0.0, 6.7117176, 9.469903, 0.49000004, 8.261309
1859, 387, -0.0011999999405816197, -0.4631999770645052, False, 53.63894, -2.74972, 0.0, 8.334385, 9.033796, 0.49000004, 8.491582
1859, 388, -0.0011999999405816197, -0.46439997700508684, False, 53.518936, -2.9087474, 0.0, 4.168687, 8.691386, 0.49000004, 8.644566
1859, 389, -0.0011999999405816197, -0.46559997694566846, False, 53.398933, -2.537681, 0.0, 0.5319371, 8.498993, 0.49000004, 8.644004
1859, 390, -0.0011999999405816197, -0.4667999768862501, False, 53.27893, -2.1426613, 0.0, -1.9507704, 8.427193, 0.49000004, 8.511962
1859, 391, -0.0011999999405816197, -0.4679999768268317, False, 53.158928, -2.1266024, 0.0, -4.0885234, 8.461931, 0.49000004, 8.275282
1859, 392, -0.0011999999405816197, -0.4691999767674133, False, 53.038925, -1.8446805, 0.0, -0.5045978, 8.44944, 0.49000004, 8.120091
1859, 393, -0.0011999999405816197, -0.47039997670799494, False, 52.918922, -1.2498884, 0.0, -3.1570578, 8.482361, 0.49000004, 7.959114
1859, 394, -0.0011999999405816197, -0.47159997664857656, False, 52.79892, -0.7901238, 0.0, 0.014571242, 8.475897, 0.49000004, 7.878605
1859, 395, -0.0011999999405816197, -0.4727999765891582, False, 52.678917, -0.41501135, 0.0, -2.5573027, 8.5024605, 0.49000004, 7.772727
1859, 396, -0.0011999999405816197, -0.4739999765297398, False, 52.558914, -0.7492099, 0.0, -4.746599, 8.607724, 0.49000004, 7.5515976
1859, 397, -0.0011999999405816197, -0.4751999764703214, False, 52.43891, -1.2511923, 0.0, -6.691182, 8.792916, 0.49000004, 7.2321525
1859, 398, -0.0011999999405816197, -0.47639997641090304, False, 52.31891, -1.1996912, 0.0, -4.0264635, 8.948963, 0.49000004, 6.976607
1859, 399, -0.0011999999405816197, -0.47759997635148466, False, 52.198906, -1.0486779, 0.0, -0.48519102, 8.982156, 0.49000004, 6.8614674
1859, 400, -0.0011999999405816197, -0.4787999762920663, False, 52.078903, -0.43947598, 0.0, -0.14985389, 8.974326, 0.49000004, 6.8218174
1859, 401, -0.0011999999405816197, -0.4799999762326479, False, 51.9589, -0.50424135, 0.0, -2.58459, 9.059534, 0.49000004, 6.7510304
1859, 402, -0.0011999999405816197, -0.4811999761732295, False, 51.838898, -0.82612395, 0.0, -4.7640142, 9.27417, 0.49000004, 6.629034
1859, 403, -0.0011999999405816197, -0.48239997611381114, False, 51.718895, -1.3186774, 0.0, -6.700382, 9.611419, 0.49000004, 6.475176
1859, 404, -0.0011999999405816197, -0.48359997605439276, False, 51.598892, -1.9369354, 0.0, -8.402716, 10.063801, 0.49000004, 6.308042
1859, 405, -0.0011999999405816197, -0.4847999759949744, False, 51.47889, -1.6963668, 0.0, -10.108234, 10.622683, 0.49000004, 6.142327
1859, 406, -0.0011999999405816197, -0.485999975935556, False, 51.358887, -1.4928222, 0.0, -11.652798, 11.278203, 0.49000004, 5.979437
1859, 407, -0.0011999999405816197, -0.4871999758761376, False, 51.238884, -0.04538417, 0.0, -13.126381, 12.020871, 0.49000004, 5.8158135
1859, 408, -0.0011999999405816197, -0.48839997581671923, False, 51.11888, 1.3649778, 0.0, -14.320014, 12.83997, 0.49000004, 5.6364527
1859, 409, -0.0011999999405816197, -0.48959997575730085, False, 50.99888, 2.7220523, 0.0, -15.267091, 13.723868, 0.49000004, 5.4260135
1859, 410, -0.0011999999405816197, -0.4907999756978825, False, 50.878876, 4.0124645, 0.0, -15.998071, 14.660337, 0.49000004, 5.1714463
1859, 411, -0.0011999999405816197, -0.4919999756384641, False, 50.758873, 4.816592, 0.0, -10.940594, 15.442339, 0.49000004, 4.9794326
1859, 412, -0.0011999999405816197, -0.4931999755790457, False, 50.63887, 4.2099133, 0.0, -6.82142, 15.994143, 0.49000004, 4.905693
1859, 413, -0.0011999999405816197, -0.49439997551962733, False, 50.518867, 3.1516402, 0.0, -3.481097, 16.336868, 0.49000004, 4.9355063
1859, 414, -0.0011999999405816197, -0.49559997546020895, False, 50.398865, 2.4235413, 0.0, -0.48215675, 16.484182, 0.49000004, 5.0386944
1859, 415, -0.0011999999405816197, -0.49679997540079057, False, 50.278862, 2.0491574, 0.0, 1.9971167, 16.459902, 0.49000004, 5.183013
1859, 416, -0.0011999999405816197, -0.4979999753413722, False, 50.15886, 1.7069612, 0.0, 4.3308687, 16.289537, 0.49000004, 5.3526087
1859, 417, -0.0011999999405816197, -0.4991999752819538, False, 50.038857, 1.4619374, 0.0, 6.420965, 15.990502, 0.49000004, 5.54683
1859, 418, -0.0011999999405816197, -0.5003999752225354, False, 49.918854, 1.2694273, 0.0, 8.310022, 15.576105, 0.49000004, 5.765405
1859, 419, -0.0011999999405816197, -0.501599975163117, False, 49.79885, 1.1110168, 0.0, 10.021035, 15.057636, 0.49000004, 6.0071383
1859, 420, -0.0011999999405816197, -0.5027999751036987, False, 49.67885, 0.9773216, 0.0, 11.571907, 14.44507, 0.49000004, 6.2705207
1859, 421, -0.0011999999405816197, -0.5039999750442803, False, 49.558846, 0.86273575, 0.0, 12.978053, 13.747335, 0.49000004, 6.5539637
1859, 422, -0.0011999999405816197, -0.5051999749848619, False, 49.438843, 0.763535, 0.0, 14.253176, 12.97247, 0.49000004, 6.855898
1859, 423, -0.0011999999405816197, -0.5063999749254435, False, 49.31884, -0.83839226, 0.0, 15.403446, 12.128614, 0.49000004, 7.1773257
1859, 424, -0.0011999999405816197, -0.5075999748660251, False, 49.198837, -0.7445574, 0.0, 16.452938, 11.226622, 0.49000004, 7.5279922
1859, 425, -0.0011999999405816197, -0.5087999748066068, False, 49.078835, -2.3785653, 0.0, 17.247654, 10.273959, 0.49000004, 7.9097857
1859, 426, -0.0011999999405816197, -0.5099999747471884, False, 48.95883, -3.9010239, 0.0, 17.814615, 9.282249, 0.49000004, 8.332844
1859, 427, -0.0011999999405816197, -0.51119997468777, False, 48.83883, -4.9001045, 0.0, 12.585196, 8.445456, 0.49000004, 8.670209
1859, 428, -0.0011999999405816197, -0.5123999746283516, False, 48.718826, -5.2472973, 0.0, 7.8014517, 7.830453, 0.49000004, 8.856957
1859, 429, -0.0011999999405816197, -0.5135999745689332, False, 48.598824, -5.0293927, 0.0, 3.5201213, 7.4048476, 0.49000004, 8.897727
1859, 430, -0.0011999999405816197, -0.5147999745095149, False, 48.47882, -4.354254, 0.0, -0.15852806, 7.1369486, 0.49000004, 8.801934
1859, 431, -0.0011999999405816197, -0.5159999744500965, False, 48.358818, -3.6576371, 0.0, -2.8089032, 6.994187, 0.49000004, 8.5838375
1859, 432, -0.0011999999405816197, -0.5171999743906781, False, 48.238815, -2.6660872, 0.0, -5.4039803, 6.9517655, 0.49000004, 8.257578
1859, 433, -0.0011999999405816197, -0.5183999743312597, False, 48.118813, -2.969016, 0.0, -7.1276608, 6.986269, 0.49000004, 7.829572
1859, 434, -0.0011999999405816197, -0.5195999742718413, False, 47.99881, -1.7381955, 0.0, -9.191987, 7.0940146, 0.49000004, 7.3123035
1859, 435, -0.0011999999405816197, -0.520799974212423, False, 47.878807, -2.5501304, 0.0, -10.610899, 7.2601867, 0.49000004, 6.710479
1859, 436, -0.0011999999405816197, -0.5219999741530046, False, 47.758804, -2.9824452, 0.0, -6.2215543, 7.372077, 0.49000004, 6.232019
1859, 437, -0.0011999999405816197, -0.5231999740935862, False, 47.6388, -2.2342029, 0.0, -3.6299667, 7.4268394, 0.49000004, 5.933344
1859, 438, -0.0011999999405816197, -0.5243999740341678, False, 47.5188, -1.8777107, 0.0, -0.124557376, 7.3943095, 0.49000004, 5.7929688
1859, 439, -0.0011999999405816197, -0.5255999739747494, False, 47.398796, -0.943913, 0.0, 0.036342114, 7.348727, 0.49000004, 5.735051
1859, 440, -0.0011999999405816197, -0.5267999739153311, False, 47.278793, -0.8670688, 0.0, -2.4105196, 7.4045167, 0.49000004, 5.6408105
1859, 441, -0.0011999999405816197, -0.5279999738559127, False, 47.15879, -1.1095252, 0.0, -4.579789, 7.587337, 0.49000004, 5.4852295
1859, 442, -0.0011999999405816197, -0.5291999737964943, False, 47.038788, -1.5422308, 0.0, -6.5110035, 7.891057, 0.49000004, 5.287159
1859, 443, -0.0011999999405816197, -0.5303999737370759, False, 46.918785, -2.1114535, 0.0, -8.213196, 8.309665, 0.49000004, 5.0653453
1859, 444, -0.0011999999405816197, -0.5315999736776575, False, 46.798782, -2.7783105, 0.0, -9.697112, 8.836281, 0.49000004, 4.837589
1859, 445, -0.0011999999405816197, -0.5327999736182392, False, 46.67878, -2.443679, 0.0, -11.285662, 9.462827, 0.49000004, 4.617837
1859, 446, -0.0011999999405816197, -0.5339999735588208, False, 46.558777, -0.9138355, 0.0, -12.8864155, 10.179626, 0.49000004, 4.4041576
1859, 447, -0.0011999999405816197, -0.5351999734994024, False, 46.438774, 0.5780513, 0.0, -14.184553, 10.975564, 0.49000004, 4.1806035
1859, 448, -0.0011999999405816197, -0.536399973439984, False, 46.31877, 2.014927, 0.0, -15.216965, 11.838706, 0.49000004, 3.9310591
1859, 449, -0.0011999999405816197, -0.5375999733805656, False, 46.19877, 3.382639, 0.0, -16.016783, 12.756577, 0.49000004, 3.641831
1859, 450, -0.0011999999405816197, -0.5387999733211473, False, 46.078766, 4.6700964, 0.0, -16.614326, 13.716261, 0.49000004, 3.3014944
1859, 451, -0.0011999999405816197, -0.5399999732617289, False, 45.958763, 5.45914, 0.0, -11.438061, 14.523557, 0.49000004, 3.037969
1859, 452, -0.0011999999405816197, -0.5411999732023105, False, 45.83876, 5.617569, 0.0, -6.730839, 15.111349, 0.49000004, 2.9166105
1859, 453, -0.0011999999405816197, -0.5423999731428921, False, 45.718758, 5.235097, 0.0, -2.5557466, 15.512061, 0.49000004, 2.932779
1859, 454, -0.0011999999405816197, -0.5435999730834737, False, 45.598755, 4.353423, 0.0, 0.063684404, 15.754004, 0.49000004, 3.0738838
1859, 455, -0.0011999999405816197, -0.5447999730240554, False, 45.478752, 3.8205523, 0.0, 2.3370013, 15.849716, 0.49000004, 3.3111544
1859, 456, -0.0011999999405816197, -0.545999972964637, False, 45.35875, 3.6211517, 0.0, 4.325694, 15.810592, 0.49000004, 3.6195452
1859, 457, -0.0011999999405816197, -0.5471999729052186, False, 45.238747, 3.6789842, 0.0, 6.0938997, 15.645177, 0.49000004, 3.979622
1859, 458, -0.0011999999405816197, -0.5483999728458002, False, 45.118744, 3.9243894, 0.0, 7.666541, 15.359687, 0.49000004, 4.3736763
1859, 459, -0.0011999999405816197, -0.5495999727863818, False, 44.99874, 3.4353075, 0.0, 9.459266, 14.960831, 0.49000004, 4.7871604
1859, 460, -0.0011999999405816197, -0.5507999727269635, False, 44.87874, 3.0210857, 0.0, 11.074913, 14.459597, 0.49000004, 5.217469
1859, 461, -0.0011999999405816197, -0.5519999726675451, False, 44.758736, 2.665866, 0.0, 12.534908, 13.866443, 0.49000004, 5.664143
1859, 462, -0.0011999999405816197, -0.5531999726081267, False, 44.638733, 2.3584456, 0.0, 13.856106, 13.190522, 0.49000004, 6.126473
1859, 463, -0.0011999999405816197, -0.5543999725487083, False, 44.51873, 0.60471296, 0.0, 15.196326, 12.441086, 0.49000004, 6.606015
1859, 464, -0.0011999999405816197, -0.5555999724892899, False, 44.398727, 0.5368891, 0.0, 16.264894, 11.630794, 0.49000004, 7.1125207
1859, 465, -0.0011999999405816197, -0.5567999724298716, False, 44.278725, 0.47726965, 0.0, 17.234066, 10.766589, 0.49000004, 7.645838
1859, 466, -0.0011999999405816197, -0.5579999723704532, False, 44.158722, -1.3718071, 0.0, 18.06577, 9.854925, 0.49000004, 8.205825
1859, 467, -0.0011999999405816197, -0.5591999723110348, False, 44.03872, -2.6925845, 0.0, 13.037483, 9.089385, 0.49000004, 8.66473
1859, 468, -0.0011999999405816197, -0.5603999722516164, False, 43.918716, -3.3570297, 0.0, 8.39053, 8.537562, 0.49000004, 8.958421
1859, 469, -0.0011999999405816197, -0.561599972192198, False, 43.798714, -3.441361, 0.0, 4.175051, 8.168027, 0.49000004, 9.091782
1859, 470, -0.0011999999405816197, -0.5627999721327797, False, 43.67871, -3.0085282, 0.0, 0.50582385, 7.951231, 0.49000004, 9.0748625
1859, 471, -0.0011999999405816197, -0.5639999720733613, False, 43.55871, -2.4411764, 0.0, -2.208505, 7.8555555, 0.49000004, 8.926576
1859, 472, -0.0011999999405816197, -0.5651999720139429, False, 43.438705, -2.4126513, 0.0, -4.297928, 7.858426, 0.49000004, 8.666608
1859, 473, -0.0011999999405816197, -0.5663999719545245, False, 43.318703, -1.4872797, 0.0, -6.591074, 7.9522104, 0.49000004, 8.31079
1859, 474, -0.0011999999405816197, -0.5675999718951061, False, 43.1987, -2.0719607, 0.0, -8.2899275, 8.119698, 0.49000004, 7.863456
1859, 475, -0.0011999999405816197, -0.5687999718356878, False, 43.078697, -2.3199587, 0.0, -4.1784678, 8.226395, 0.49000004, 7.5208445
1859, 476, -0.0011999999405816197, -0.5699999717762694, False, 42.958694, -2.5367103, 0.0, -6.057036, 8.360038, 0.49000004, 7.1887746
1859, 477, -0.0011999999405816197, -0.571199971716851, False, 42.83869, -1.9427695, 0.0, -3.5449953, 8.48319, 0.49000004, 6.927983
1859, 478, -0.0011999999405816197, -0.5723999716574326, False, 42.71869, -1.6126138, 0.0, -0.07056904, 8.4858675, 0.49000004, 6.799869
1859, 479, -0.0011999999405816197, -0.5735999715980142, False, 42.598686, -1.4301001, 0.0, -2.4847634, 8.540126, 0.49000004, 6.6773934
1859, 480, -0.0011999999405816197, -0.5747999715385959, False, 42.478683, -1.5886686, 0.0, -4.6068096, 8.730203, 0.49000004, 6.512417
1859, 481, -0.0011999999405816197, -0.5759999714791775, False, 42.35868, -1.9551795, 0.0, -6.4967937, 9.046571, 0.49000004, 6.3219213
1859, 482, -0.0011999999405816197, -0.5771999714197591, False, 42.238678, -2.4677932, 0.0, -8.165884, 9.480727, 0.49000004, 6.1231256
1859, 483, -0.0011999999405816197, -0.5783999713603407, False, 42.118675, -1.2125683, 0.0, -10.07653, 10.023143, 0.49000004, 5.927198
1859, 484, -0.0011999999405816197, -0.5795999713009223, False, 41.998672, -1.0668314, 0.0, -11.622494, 10.661783, 0.49000004, 5.7231593
1859, 485, -0.0011999999405816197, -0.580799971241504, False, 41.87867, -0.9418607, 0.0, -13.0240965, 11.387085, 0.49000004, 5.508772
1859, 486, -0.0011999999405816197, -0.5819999711820856, False, 41.758667, -0.83363366, 0.0, -14.295038, 12.190893, 0.49000004, 5.2846656
1859, 487, -0.0011999999405816197, -0.5831999711226672, False, 41.638664, 0.7804985, 0.0, -15.447781, 13.065223, 0.49000004, 5.048918
1859, 488, -0.0011999999405816197, -0.5843999710632488, False, 41.51866, 2.3143015, 0.0, -16.33772, 13.999419, 0.49000004, 4.7881327
1859, 489, -0.0011999999405816197, -0.5855999710038304, False, 41.39866, 3.354472, 0.0, -11.3951, 14.776127, 0.49000004, 4.5854306
1859, 490, -0.0011999999405816197, -0.586799970944412, False, 41.278656, 3.7660928, 0.0, -6.8601913, 15.315257, 0.49000004, 4.489992
1859, 491, -0.0011999999405816197, -0.5879999708849937, False, 41.158653, 2.7636037, 0.0, -3.4630265, 15.645043, 0.49000004, 4.4990983
1859, 492, -0.0011999999405816197, -0.5891999708255753, False, 41.03865, 2.0826535, 0.0, -0.41990542, 15.780305, 0.49000004, 4.58445
1859, 493, -0.0011999999405816197, -0.5903999707661569, False, 40.918648, 1.7613424, 0.0, 2.06305, 15.74602, 0.49000004, 4.7127986
1859, 494, -0.0011999999405816197, -0.5915999707067385, False, 40.798645, 1.4649856, 0.0, 4.3812237, 15.567792, 0.49000004, 4.8687797
1859, 495, -0.0011999999405816197, -0.5927999706473202, False, 40.678642, 1.2545578, 0.0, 6.4635572, 15.262148, 0.49000004, 5.0513783
1859, 496, -0.0011999999405816197, -0.5939999705879018, False, 40.55864, 1.0894034, 0.0, 8.347341, 14.842028, 0.49000004, 5.259905
1859, 497, -0.0011999999405816197, -0.5951999705284834, False, 40.438637, 0.9535136, 0.0, 10.05422, 14.318536, 0.49000004, 5.4928765
1859, 498, -0.0011999999405816197, -0.596399970469065, False, 40.318634, 0.8388138, 0.0, 11.601633, 13.701528, 0.49000004, 5.7485757
1859, 499, -0.0011999999405816197, -0.5975999704096466, False, 40.19863, 0.7404995, 0.0, 13.004791, 12.999848, 0.49000004, 6.0252547
1859, 500, -0.0011999999405816197, -0.5987999703502283, False, 40.07863, -0.7416682, 0.0, 14.275086, 12.222354, 0.49000004, 6.323719
1859, 501, -0.0011999999405816197, -0.5999999702908099, False, 39.958626, -0.65768194, 0.0, 15.429434, 11.380533, 0.49000004, 6.653509
1859, 502, -0.0011999999405816197, -0.6011999702313915, False, 39.838623, -2.2040591, 0.0, 16.332487, 10.48243, 0.49000004, 7.016317
1859, 503, -0.0011999999405816197, -0.6023999701719731, False, 39.71862, -2.5073607, 0.0, 10.296846, 9.795303, 0.49000004, 7.2983036
1859, 504, -0.0011999999405816197, -0.6035999701125547, False, 39.598618, -3.3336558, 0.0, 11.538945, 9.165742, 0.49000004, 7.588042
1859, 505, -0.0011999999405816197, -0.6047999700531363, False, 39.478615, -3.7630224, 0.0, 6.9909, 8.652974, 0.49000004, 7.799688
1859, 506, -0.0011999999405816197, -0.605999969993718, False, 39.358612, -3.6324892, 0.0, 2.910116, 8.319707, 0.49000004, 7.861284
1859, 507, -0.0011999999405816197, -0.6071999699342996, False, 39.23861, -3.0379555, 0.0, -0.5559698, 8.135267, 0.49000004, 7.7842813
1859, 508, -0.0011999999405816197, -0.6083999698748812, False, 39.118607, -2.71847, 0.0, -2.8334515, 8.067427, 0.49000004, 7.5867667
1859, 509, -0.0011999999405816197, -0.6095999698154628, False, 38.998604, -2.725504, 0.0, -4.8323736, 8.105232, 0.49000004, 7.2909184
1859, 510, -0.0011999999405816197, -0.6107999697560444, False, 38.8786, -2.9584556, 0.0, -6.6114693, 8.246776, 0.49000004, 6.916346
1859, 511, -0.0011999999405816197, -0.6119999696966261, False, 38.7586, -2.8880801, 0.0, -2.6285021, 8.321867, 0.49000004, 6.630751
1859, 512, -0.0011999999405816197, -0.6131999696372077, False, 38.638596, -1.8393713, 0.0, -1.3514475, 8.340153, 0.49000004, 6.465331
1859, 513, -0.0011999999405816197, -0.6143999695777893, False, 38.518593, -1.7947628, 0.0, -3.5785758, 8.44769, 0.49000004, 6.2949424
1859, 514, -0.0011999999405816197, -0.6155999695183709, False, 38.39859, -2.0205085, 0.0, -5.5589976, 8.685589, 0.49000004, 6.0861845
1859, 515, -0.0011999999405816197, -0.6167999694589525, False, 38.278587, -2.4270236, 0.0, -7.3176565, 9.045563, 0.49000004, 5.856323
1859, 516, -0.0011999999405816197, -0.6179999693995342, False, 38.158585, -2.9622219, 0.0, -8.86482, 9.519533, 0.49000004, 5.622321
1859, 517, -0.0011999999405816197, -0.6191999693401158, False, 38.03858, -2.5999317, 0.0, -10.533452, 10.098611, 0.49000004, 5.3976073
1859, 518, -0.0011999999405816197, -0.6203999692806974, False, 37.91858, -2.2911296, 0.0, -12.042187, 10.772857, 0.49000004, 5.1825423
1859, 519, -0.0011999999405816197, -0.621599969221279, False, 37.798576, -2.0249422, 0.0, -13.408081, 11.533133, 0.49000004, 4.975314
1859, 520, -0.0011999999405816197, -0.6227999691618606, False, 37.678574, -0.35191774, 0.0, -14.760345, 12.37092, 0.49000004, 4.7718983
1859, 521, -0.0011999999405816197, -0.6239999691024423, False, 37.55857, 1.249203, 0.0, -15.822506, 13.27638, 0.49000004, 4.556813
1859, 522, -0.0011999999405816197, -0.6251999690430239, False, 37.43857, 2.7643695, 0.0, -16.632643, 14.238678, 0.49000004, 4.314255
1859, 523, -0.0011999999405816197, -0.6263999689836055, False, 37.318565, 4.1829457, 0.0, -17.225143, 15.246312, 0.49000004, 4.030754
1859, 524, -0.0011999999405816197, -0.6275999689241871, False, 37.198563, 5.0902967, 0.0, -12.029878, 16.092913, 0.49000004, 3.8126848
1859, 525, -0.0011999999405816197, -0.6287999688647687, False, 37.07856, 5.355958, 0.0, -7.2890534, 16.705002, 0.49000004, 3.7177966
1859, 526, -0.0011999999405816197, -0.6299999688053504, False, 36.958557, 5.0670066, 0.0, -3.0624614, 17.115225, 0.49000004, 3.7448394
1859, 527, -0.0011999999405816197, -0.631199968745932, False, 36.838554, 4.1613855, 0.0, -0.34608167, 17.352474, 0.49000004, 3.8840892
1859, 528, -0.0011999999405816197, -0.6323999686865136, False, 36.71855, 3.6030838, 0.0, 2.0051165, 17.431921, 0.49000004, 4.106996
1859, 529, -0.0011999999405816197, -0.6335999686270952, False, 36.59855, 3.3914187, 0.0, 4.0497007, 17.368496, 0.49000004, 4.38872
1859, 530, -0.0011999999405816197, -0.6347999685676768, False, 36.478546, 3.4480422, 0.0, 5.8650427, 17.173422, 0.49000004, 4.710636
1859, 531, -0.0011999999405816197, -0.6359999685082585, False, 36.358543, 3.6982512, 0.0, 7.479779, 16.854916, 0.49000004, 5.055706
1859, 532, -0.0011999999405816197, -0.6371999684488401, False, 36.23854, 3.2343788, 0.0, 9.2881975, 16.421202, 0.49000004, 5.4100294
1859, 533, -0.0011999999405816197, -0.6383999683894217, False, 36.118538, 2.8427005, 0.0, 10.918613, 15.883487, 0.49000004, 5.7720013
1859, 534, -0.0011999999405816197, -0.6395999683300033, False, 35.998535, 1.2971592, 0.0, 12.594272, 15.253105, 0.49000004, 6.1445894
1859, 535, -0.0011999999405816197, -0.6407999682705849, False, 35.878532, 1.1473227, 0.0, 13.905823, 14.543497, 0.49000004, 6.539027
1859, 536, -0.0011999999405816197, -0.6419999682111666, False, 35.75853, 1.0168972, 0.0, 15.09501, 13.763184, 0.49000004, 6.955968
1859, 537, -0.0011999999405816197, -0.6431999681517482, False, 35.638527, 0.90274763, 0.0, 16.173378, 12.918868, 0.49000004, 7.3935614
1859, 538, -0.0011999999405816197, -0.6443999680923298, False, 35.518524, 0.8024368, 0.0, 17.151321, 12.016597, 0.49000004, 7.8500757
1859, 539, -0.0011999999405816197, -0.6455999680329114, False, 35.39852, 0.7140107, 0.0, 18.038239, 11.061832, 0.49000004, 8.3239
1859, 540, -0.0011999999405816197, -0.646799967973493, False, 35.27852, 0.6358714, 0.0, 18.842625, 10.059514, 0.49000004, 8.813545
1859, 541, -0.0011999999405816197, -0.6479999679140747, False, 35.158516, -0.8629441, 0.0, 12.136067, 9.293757, 0.49000004, 9.185884
1859, 542, -0.0011999999405816197, -0.6491999678546563, False, 35.038513, -1.6705134, 0.0, 7.736905, 8.787571, 0.49000004, 9.420306
1859, 543, -0.0011999999405816197, -0.6503999677952379, False, 34.91851, -2.3462186, 0.0, 9.306066, 8.301974, 0.49000004, 9.663121
1859, 544, -0.0011999999405816197, -0.6515999677358195, False, 34.798508, -2.666973, 0.0, 5.06742, 7.919554, 0.49000004, 9.831707
1859, 545, -0.0011999999405816197, -0.6527999676764011, False, 34.678505, -2.442307, 0.0, 1.3038412, 7.704548, 0.49000004, 9.855045
1859, 546, -0.0011999999405816197, -0.6539999676169828, False, 34.558502, -1.8420047, 0.0, -1.739493, 7.6240654, 0.49000004, 9.749113
1859, 547, -0.0011999999405816197, -0.6551999675575644, False, 34.4385, -1.8460507, 0.0, -3.9195282, 7.64207, 0.49000004, 9.528838
1859, 548, -0.0011999999405816197, -0.656399967498146, False, 34.318497, -1.0321236, 0.0, -6.191098, 7.748294, 0.49000004, 9.208741
1859, 549, -0.0011999999405816197, -0.6575999674387276, False, 34.198494, -0.1414125, 0.0, -8.155975, 7.9215517, 0.49000004, 8.7908125
1859, 550, -0.0011999999405816197, -0.6587999673793092, False, 34.07849, -1.057148, 0.0, -9.819196, 8.1442375, 0.49000004, 8.278112
1859, 551, -0.0011999999405816197, -0.6599999673198909, False, 33.95849, -1.6089153, 0.0, -5.632448, 8.304681, 0.49000004, 7.8795877
1859, 552, -0.0011999999405816197, -0.6611999672604725, False, 33.838486, -1.6146765, 0.0, -1.8468332, 8.345889, 0.49000004, 7.673493
1859, 553, -0.0011999999405816197, -0.6623999672010541, False, 33.718483, -1.1535383, 0.0, 1.219748, 8.278213, 0.49000004, 7.6269064
1859, 554, -0.0011999999405816197, -0.6635999671416357, False, 33.59848, -1.2080787, 0.0, 3.498116, 8.113689, 0.49000004, 7.6980743
1859, 555, -0.0011999999405816197, -0.6647999670822173, False, 33.478477, -0.9764712, 0.0, 0.06375849, 8.018106, 0.49000004, 7.7107644
1859, 556, -0.0011999999405816197, -0.665999967022799, False, 33.358475, -0.5613985, 0.0, -2.5429256, 8.035915, 0.49000004, 7.6009893
1859, 557, -0.0011999999405816197, -0.6671999669633806, False, 33.238472, -0.869354, 0.0, -4.7219887, 8.13408, 0.49000004, 7.3766313
1859, 558, -0.0011999999405816197, -0.6683999669039622, False, 33.11847, -1.351403, 0.0, -6.6588993, 8.313218, 0.49000004, 7.054459
1859, 559, -0.0011999999405816197, -0.6695999668445438, False, 32.998466, -1.5233421, 0.0, -2.772176, 8.423484, 0.49000004, 6.8199697
1859, 560, -0.0011999999405816197, -0.6707999667851254, False, 32.878464, -1.0223632, 0.0, -1.4715736, 8.467062, 0.49000004, 6.694921
1859, 561, -0.0011999999405816197, -0.671999966725707, False, 32.75846, -1.1313194, 0.0, -3.7292113, 8.585919, 0.49000004, 6.545955
1859, 562, -0.0011999999405816197, -0.6731999666662887, False, 32.63846, -0.88520926, 0.0, -2.0980253, 8.699436, 0.49000004, 6.424758
1859, 563, -0.0011999999405816197, -0.6743999666068703, False, 32.518456, -1.0903141, 0.0, -4.298161, 8.8812275, 0.49000004, 6.2955914
1859, 564, -0.0011999999405816197, -0.6755999665474519, False, 32.398453, -1.4968543, 0.0, -6.2591615, 9.189291, 0.49000004, 6.136336
1859, 565, -0.0011999999405816197, -0.6767999664880335, False, 32.27845, -2.046669, 0.0, -7.9903183, 9.61547, 0.49000004, 5.9649396
1859, 566, -0.0011999999405816197, -0.6779999664286152, False, 32.158447, -1.7900608, 0.0, -9.735327, 10.150717, 0.49000004, 5.795756
1859, 567, -0.0011999999405816197, -0.6791999663691968, False, 32.038445, -1.573823, 0.0, -11.315143, 10.784873, 0.49000004, 5.629986
1859, 568, -0.0011999999405816197, -0.6803999663097784, False, 31.918442, -1.3887346, 0.0, -12.746593, 11.508552, 0.49000004, 5.4665704
1859, 569, -0.0011999999405816197, -0.68159996625036, False, 31.798439, 0.14717364, 0.0, -14.103191, 12.312969, 0.49000004, 5.302141
1859, 570, -0.0011999999405816197, -0.6827999661909416, False, 31.678436, 1.6272407, 0.0, -15.183336, 13.188023, 0.49000004, 5.121796
1859, 571, -0.0011999999405816197, -0.6839999661315233, False, 31.558434, 3.0368776, 0.0, -16.021698, 14.122625, 0.49000004, 4.910244
1859, 572, -0.0011999999405816197, -0.6851999660721049, False, 31.43843, 3.9593194, 0.0, -11.046731, 14.899463, 0.49000004, 4.751218
1859, 573, -0.0011999999405816197, -0.6863999660126865, False, 31.318428, 4.258177, 0.0, -6.4997015, 15.438498, 0.49000004, 4.6941395
1859, 574, -0.0011999999405816197, -0.6875999659532681, False, 31.198425, 3.2148452, 0.0, -3.203934, 15.7682295, 0.49000004, 4.7362757
1859, 575, -0.0011999999405816197, -0.6887999658938497, False, 31.078423, 2.4962237, 0.0, -0.26174438, 15.904399, 0.49000004, 4.849531
1859, 576, -0.0011999999405816197, -0.6899999658344314, False, 30.95842, 2.1409357, 0.0, 2.1748228, 15.871201, 0.49000004, 5.0026
1859, 577, -0.0011999999405816197, -0.691199965775013, False, 30.838417, 1.7903099, 0.0, 4.4918604, 15.69295, 0.49000004, 5.1802087
1859, 578, -0.0011999999405816197, -0.6923999657155946, False, 30.718414, 1.5357418, 0.0, 6.5674796, 15.386709, 0.49000004, 5.3816223
1859, 579, -0.0011999999405816197, -0.6935999656561762, False, 30.598412, 1.3345957, 0.0, 8.44323, 14.96572, 0.49000004, 5.6066217
1859, 580, -0.0011999999405816197, -0.6947999655967578, False, 30.478409, 0.20059204, 0.0, 10.216233, 14.442109, 0.49000004, 5.856588
1859, 581, -0.0011999999405816197, -0.6959999655373394, False, 30.358406, 0.17651892, 0.0, 11.747599, 13.8300495, 0.49000004, 6.141168
1859, 582, -0.0011999999405816197, -0.6971999654779211, False, 30.238403, 0.1558671, 0.0, 13.136587, 13.13878, 0.49000004, 6.459584
1859, 583, -0.0011999999405816197, -0.6983999654185027, False, 30.1184, -1.2686815, 0.0, 14.339467, 12.37683, 0.49000004, 6.811138
1859, 584, -0.0011999999405816197, -0.6995999653590843, False, 29.998398, -1.1251693, 0.0, 15.48848, 11.556332, 0.49000004, 7.2036448
1859, 585, -0.0011999999405816197, -0.7007999652996659, False, 29.878395, -2.6226969, 0.0, 16.342766, 10.685214, 0.49000004, 7.6375513
1859, 586, -0.0011999999405816197, -0.7019999652402475, False, 29.758392, -3.6264813, 0.0, 11.372333, 9.957319, 0.49000004, 7.983687
1859, 587, -0.0011999999405816197, -0.7031999651808292, False, 29.63839, -4.001521, 0.0, 6.8178563, 9.440657, 0.49000004, 8.177222
1859, 588, -0.0011999999405816197, -0.7043999651214108, False, 29.518387, -3.820465, 0.0, 2.742689, 9.104038, 0.49000004, 8.223205
1859, 589, -0.0011999999405816197, -0.7055999650619924, False, 29.398384, -3.0683987, 0.0, -0.05099827, 8.920696, 0.49000004, 8.136164
1859, 590, -0.0011999999405816197, -0.706799965002574, False, 29.278381, -2.3175886, 0.0, -2.935327, 8.872789, 0.49000004, 7.944742
1859, 591, -0.0011999999405816197, -0.7079999649431556, False, 29.158379, -2.3937163, 0.0, -4.9489317, 8.931182, 0.49000004, 7.6573925
1859, 592, -0.0011999999405816197, -0.7091999648837373, False, 29.038376, -2.1908932, 0.0, -1.2162503, 8.938481, 0.49000004, 7.4563265
1859, 593, -0.0011999999405816197, -0.7103999648243189, False, 28.918373, -2.074474, 0.0, -3.4428997, 8.990694, 0.49000004, 7.2579913
1859, 594, -0.0011999999405816197, -0.7115999647649005, False, 28.79837, -2.2441397, 0.0, -5.4176316, 9.165202, 0.49000004, 6.996505
1859, 595, -0.0011999999405816197, -0.7127999647054821, False, 28.678368, -2.605343, 0.0, -7.1729383, 9.456678, 0.49000004, 6.6902213
1859, 596, -0.0011999999405816197, -0.7139999646460637, False, 28.558365, -2.0778666, 0.0, -4.2674446, 9.699404, 0.49000004, 6.4561534
1859, 597, -0.0011999999405816197, -0.7151999645866454, False, 28.438362, -2.3384445, 0.0, -6.1546855, 9.9898, 0.49000004, 6.246369
1859, 598, -0.0011999999405816197, -0.716399964527227, False, 28.31836, -2.7646453, 0.0, -7.8270445, 10.400995, 0.49000004, 6.031153
1859, 599, -0.0011999999405816197, -0.7175999644678086, False, 28.198357, -2.418131, 0.0, -9.592886, 10.923235, 0.49000004, 5.823707
1859, 600, -0.0011999999405816197, -0.7187999644083902, False, 28.078354, -1.0433137, 0.0, -11.35774, 11.545607, 0.49000004, 5.621735
1859, 601, -0.0011999999405816197, -0.7199999643489718, False, 27.958351, -0.92059636, 0.0, -12.783948, 12.2566185, 0.49000004, 5.4117393
1859, 602, -0.0011999999405816197, -0.7211999642895535, False, 27.838348, 0.5625324, 0.0, -14.092749, 13.046846, 0.49000004, 5.189029
1859, 603, -0.0011999999405816197, -0.7223999642301351, False, 27.718346, 1.9924774, 0.0, -15.135586, 13.904814, 0.49000004, 4.9402676
1859, 604, -0.0011999999405816197, -0.7235999641707167, False, 27.598343, 3.3549166, 0.0, -15.945451, 14.817995, 0.49000004, 4.6517644
1859, 605, -0.0011999999405816197, -0.7247999641112983, False, 27.47834, 4.231805, 0.0, -10.950305, 15.579096, 0.49000004, 4.429758
1859, 606, -0.0011999999405816197, -0.7259999640518799, False, 27.358337, 4.486538, 0.0, -6.3919287, 16.113754, 0.49000004, 4.3318624
1859, 607, -0.0011999999405816197, -0.7271999639924616, False, 27.238335, 3.4212966, 0.0, -3.1364844, 16.450186, 0.49000004, 4.352404
1859, 608, -0.0011999999405816197, -0.7283999639330432, False, 27.118332, 2.6840491, 0.0, -0.22990048, 16.601437, 0.49000004, 4.462003
1859, 609, -0.0011999999405816197, -0.7295999638736248, False, 26.99833, 2.3090215, 0.0, 2.1919894, 16.587902, 0.49000004, 4.6277213
1859, 610, -0.0011999999405816197, -0.7307999638142064, False, 26.878326, 2.2977817, 0.0, 4.2913227, 16.430853, 0.49000004, 4.829353
1859, 611, -0.0011999999405816197, -0.731999963754788, False, 26.758324, 1.9705315, 0.0, 6.393906, 16.143469, 0.49000004, 5.053512
1859, 612, -0.0011999999405816197, -0.7331999636953697, False, 26.63832, 1.7117374, 0.0, 8.289392, 15.738946, 0.49000004, 5.29811
1859, 613, -0.0011999999405816197, -0.7343999636359513, False, 26.518318, 1.4983621, 0.0, 10.004337, 15.229003, 0.49000004, 5.5626144
1859, 614, -0.0011999999405816197, -0.7355999635765329, False, 26.398315, 1.3181415, 0.0, 11.557908, 14.623877, 0.49000004, 5.8460183
1859, 615, -0.0011999999405816197, -0.7367999635171145, False, 26.278313, 1.1636333, 0.0, 12.966058, 13.932675, 0.49000004, 6.1471243
1859, 616, -0.0011999999405816197, -0.7379999634576961, False, 26.15831, -0.3656392, 0.0, 14.279902, 13.164459, 0.49000004, 6.467185
1859, 617, -0.0011999999405816197, -0.7391999633982778, False, 26.038307, -0.32423258, 0.0, 15.433542, 12.330873, 0.49000004, 6.816108
1859, 618, -0.0011999999405816197, -0.7403999633388594, False, 25.918304, -1.9099178, 0.0, 16.36699, 11.440084, 0.49000004, 7.1958957
1859, 619, -0.0011999999405816197, -0.741599963279441, False, 25.798302, -1.6981993, 0.0, 17.3283, 10.502946, 0.49000004, 7.6144986
1859, 620, -0.0011999999405816197, -0.7427999632200226, False, 25.678299, -2.2541912, 0.0, 10.984275, 9.7877035, 0.49000004, 7.938955
1859, 621, -0.0011999999405816197, -0.7439999631606042, False, 25.558296, -2.7641158, 0.0, 6.5810475, 9.31615, 0.49000004, 8.125508
1859, 622, -0.0011999999405816197, -0.7451999631011859, False, 25.438293, -2.716672, 0.0, 2.6138256, 9.032787, 0.49000004, 8.176947
1859, 623, -0.0011999999405816197, -0.7463999630417675, False, 25.31829, -2.189418, 0.0, -0.722708, 8.906596, 0.49000004, 8.103162
1859, 624, -0.0011999999405816197, -0.7475999629823491, False, 25.198288, -1.5298762, 0.0, -3.392382, 8.897268, 0.49000004, 7.917515
1859, 625, -0.0011999999405816197, -0.7487999629229307, False, 25.078285, -1.774581, 0.0, -5.4116855, 8.974222, 0.49000004, 7.62521
1859, 626, -0.0011999999405816197, -0.7499999628635123, False, 24.958282, -1.7251904, 0.0, -1.6452141, 9.001393, 0.49000004, 7.4238086
1859, 627, -0.0011999999405816197, -0.751199962804094, False, 24.83828, -1.7360663, 0.0, -3.8429315, 9.065943, 0.49000004, 7.220378
1859, 628, -0.0011999999405816197, -0.7523999627446756, False, 24.718277, -1.999445, 0.0, -5.800063, 9.24066, 0.49000004, 6.9406676
1859, 629, -0.0011999999405816197, -0.7535999626852572, False, 24.598274, -1.9654891, 0.0, -1.9729478, 9.338999, 0.49000004, 6.734484
1859, 630, -0.0011999999405816197, -0.7547999626258388, False, 24.478271, -1.9791408, 0.0, -4.118431, 9.472607, 0.49000004, 6.54014
1859, 631, -0.0011999999405816197, -0.7559999625664204, False, 24.358269, -2.2374785, 0.0, -6.028654, 9.734022, 0.49000004, 6.3095613
1859, 632, -0.0011999999405816197, -0.7571999625070021, False, 24.238266, -2.663939, 0.0, -7.7220125, 10.115425, 0.49000004, 6.0600505
1859, 633, -0.0011999999405816197, -0.7583999624475837, False, 24.118263, -2.3289452, 0.0, -9.497016, 10.608478, 0.49000004, 5.8058395
1859, 634, -0.0011999999405816197, -0.7595999623881653, False, 23.99826, -2.0468383, 0.0, -11.101798, 11.202679, 0.49000004, 5.548452
1859, 635, -0.0011999999405816197, -0.7607999623287469, False, 23.878258, -0.58214283, 0.0, -12.682335, 11.887606, 0.49000004, 5.2846646
1859, 636, -0.0011999999405816197, -0.7619999622693285, False, 23.758255, 0.85077953, 0.0, -13.969372, 12.65056, 0.49000004, 5.0001564
1859, 637, -0.0011999999405816197, -0.7631999622099102, False, 23.638252, 2.2348228, 0.0, -14.997846, 13.477987, 0.49000004, 4.6804767
1859, 638, -0.0011999999405816197, -0.7643999621504918, False, 23.51825, 3.555655, 0.0, -15.799323, 14.356035, 0.49000004, 4.313591
1859, 639, -0.0011999999405816197, -0.7655999620910734, False, 23.398247, 4.3939857, 0.0, -10.8013315, 15.089668, 0.49000004, 4.0270133
1859, 640, -0.0011999999405816197, -0.766799962031655, False, 23.278244, 4.612687, 0.0, -6.2460523, 15.610963, 0.49000004, 3.8858845
1859, 641, -0.0011999999405816197, -0.7679999619722366, False, 23.158241, 3.5412657, 0.0, -3.02374, 15.947462, 0.49000004, 3.8815937
1859, 642, -0.0011999999405816197, -0.7691999619128183, False, 23.038239, 2.798544, 0.0, -0.15053332, 16.109367, 0.49000004, 3.9835958
1859, 643, -0.0011999999405816197, -0.7703999618533999, False, 22.918236, 2.4193234, 0.0, 2.2520025, 16.113476, 0.49000004, 4.1576157
1859, 644, -0.0011999999405816197, -0.7715999617939815, False, 22.798233, 2.3992672, 0.0, 4.3375845, 15.978379, 0.49000004, 4.381531
1859, 645, -0.0011999999405816197, -0.7727999617345631, False, 22.67823, 2.0589726, 0.0, 6.4372263, 15.715829, 0.49000004, 4.6406612
1859, 646, -0.0011999999405816197, -0.7739999616751447, False, 22.558228, 2.5516577, 0.0, 8.103742, 15.3378105, 0.49000004, 4.929201
1859, 647, -0.0011999999405816197, -0.7751999616157264, False, 22.438225, 2.2335215, 0.0, 9.841556, 14.851817, 0.49000004, 5.2344203
1859, 648, -0.0011999999405816197, -0.776399961556308, False, 22.318222, 1.964643, 0.0, 11.41345, 14.26778, 0.49000004, 5.553555
1859, 649, -0.0011999999405816197, -0.7775999614968896, False, 22.19822, 1.7341242, 0.0, 12.836971, 13.595259, 0.49000004, 5.8861284
1859, 650, -0.0011999999405816197, -0.7787999614374712, False, 22.078217, 1.534565, 0.0, 14.126902, 12.842762, 0.49000004, 6.2314715
1859, 651, -0.0011999999405816197, -0.7799999613780528, False, 21.958214, -0.14672422, 0.0, 15.362148, 12.018806, 0.49000004, 6.5913305
1859, 652, -0.0011999999405816197, -0.7811999613186345, False, 21.838211, -0.13029337, 0.0, 16.415112, 11.134545, 0.49000004, 6.976078
1859, 653, -0.0011999999405816197, -0.7823999612592161, False, 21.718208, -1.8317661, 0.0, 17.27039, 10.197697, 0.49000004, 7.3881373
1859, 654, -0.0011999999405816197, -0.7835999611997977, False, 21.598206, -2.335683, 0.0, 10.937452, 9.48173, 0.49000004, 7.7060556
1859, 655, -0.0011999999405816197, -0.7847999611403793, False, 21.478203, -2.8301125, 0.0, 6.532273, 9.009659, 0.49000004, 7.8874702
1859, 656, -0.0011999999405816197, -0.7859999610809609, False, 21.3582, -2.7676444, 0.0, 2.5668871, 8.725885, 0.49000004, 7.934506
1859, 657, -0.0011999999405816197, -0.7871999610215425, False, 21.238197, -2.2302804, 0.0, -0.76447, 8.599235, 0.49000004, 7.857065
1859, 658, -0.0011999999405816197, -0.7883999609621242, False, 21.118195, -1.5624616, 0.0, -3.4339898, 8.589428, 0.49000004, 7.6681724
1859, 659, -0.0011999999405816197, -0.7895999609027058, False, 20.998192, -1.8068256, 0.0, -5.446563, 8.666012, 0.49000004, 7.372936
1859, 660, -0.0011999999405816197, -0.7907999608432874, False, 20.87819, -1.756943, 0.0, -1.674021, 8.692905, 0.49000004, 7.168889
1859, 661, -0.0011999999405816197, -0.791999960783869, False, 20.758186, -1.2650821, 0.0, 1.3680507, 8.613671, 0.49000004, 7.1235285
1859, 662, -0.0011999999405816197, -0.7931999607244506, False, 20.638184, -1.3183597, 0.0, 3.6233838, 8.438816, 0.49000004, 7.1957874
1859, 663, -0.0011999999405816197, -0.7943999606650323, False, 20.51818, -0.83594006, 0.0, 0.35320443, 8.338051, 0.49000004, 7.212864
1859, 664, -0.0011999999405816197, -0.7955999606056139, False, 20.398178, -0.45656645, 0.0, -2.2755778, 8.372125, 0.49000004, 7.1259103
1859, 665, -0.0011999999405816197, -0.7967999605461955, False, 20.278175, -0.7549448, 0.0, -4.4895678, 8.50892, 0.49000004, 6.941849
1859, 666, -0.0011999999405816197, -0.7979999604867771, False, 20.158173, -0.7600719, 0.0, -0.8855256, 8.575286, 0.49000004, 6.826863
1859, 667, -0.0011999999405816197, -0.7991999604273587, False, 20.03817, -0.8474978, 0.0, -3.222533, 8.675923, 0.49000004, 6.7090197
1859, 668, -0.0011999999405816197, -0.8003999603679404, False, 19.918167, -1.1794224, 0.0, -5.3109713, 8.898502, 0.49000004, 6.5311723
1859, 669, -0.0011999999405816197, -0.801599960308522, False, 19.798164, -1.6767545, 0.0, -7.1633444, 9.2381315, 0.49000004, 6.312698
1859, 670, -0.0011999999405816197, -0.8027999602491036, False, 19.678162, -2.2940173, 0.0, -8.789071, 9.689306, 0.49000004, 6.072375
1859, 671, -0.0011999999405816197, -0.8039999601896852, False, 19.558159, -2.0120277, 0.0, -10.4603195, 10.245027, 0.49000004, 5.8253126
1859, 672, -0.0011999999405816197, -0.8051999601302668, False, 19.438156, -1.7723145, 0.0, -11.973183, 10.895714, 0.49000004, 5.5735884
1859, 673, -0.0011999999405816197, -0.8063999600708485, False, 19.318153, -2.8533187, 0.0, -13.114335, 11.632745, 0.49000004, 5.319532
1859, 674, -0.0011999999405816197, -0.8075999600114301, False, 19.19815, -2.5267885, 0.0, -14.381986, 12.449781, 0.49000004, 5.074886
1859, 675, -0.0011999999405816197, -0.8087999599520117, False, 19.078148, -0.7049651, 0.0, -15.68675, 13.3391695, 0.49000004, 4.837976
1859, 676, -0.0011999999405816197, -0.8099999598925933, False, 18.958145, 1.0247271, 0.0, -16.69122, 14.291528, 0.49000004, 4.5928936
1859, 677, -0.0011999999405816197, -0.8111999598331749, False, 18.838142, 2.649159, 0.0, -17.436745, 15.296445, 0.49000004, 4.3234415
1859, 678, -0.0011999999405816197, -0.8123999597737566, False, 18.71814, 3.7576911, 0.0, -12.355604, 16.137249, 0.49000004, 4.1126876
1859, 679, -0.0011999999405816197, -0.8135999597143382, False, 18.598137, 4.2197165, 0.0, -7.6889467, 16.734488, 0.49000004, 4.0098186
1859, 680, -0.0011999999405816197, -0.8147999596549198, False, 18.478134, 4.1132917, 0.0, -3.4934196, 17.120125, 0.49000004, 4.016661
1859, 681, -0.0011999999405816197, -0.8159999595955014, False, 18.358131, 3.2764854, 0.0, -0.6045032, 17.322756, 0.49000004, 4.125533
1859, 682, -0.0011999999405816197, -0.817199959536083, False, 18.238129, 2.7858589, 0.0, 1.848879, 17.361076, 0.49000004, 4.3068027
1859, 683, -0.0011999999405816197, -0.8183999594766647, False, 18.118126, 2.663992, 0.0, 3.9620852, 17.25449, 0.49000004, 4.5365987
1859, 684, -0.0011999999405816197, -0.8195999594172463, False, 17.998123, 2.808789, 0.0, 5.838831, 17.01568, 0.49000004, 4.797746
1859, 685, -0.0011999999405816197, -0.8207999593578279, False, 17.87812, 2.4361296, 0.0, 7.7966576, 16.654495, 0.49000004, 5.0762405
1859, 686, -0.0011999999405816197, -0.8219999592984095, False, 17.758118, 2.1298919, 0.0, 9.562732, 16.182945, 0.49000004, 5.369982
1859, 687, -0.0011999999405816197, -0.8231999592389911, False, 17.638115, 1.8720303, 0.0, 11.160287, 15.612049, 0.49000004, 5.6787767
1859, 688, -0.0011999999405816197, -0.8243999591795728, False, 17.518112, 1.6514726, 0.0, 12.607144, 14.951484, 0.49000004, 6.002045
1859, 689, -0.0011999999405816197, -0.8255999591201544, False, 17.39811, 1.4608335, 0.0, 13.918295, 14.209866, 0.49000004, 6.339018
1859, 690, -0.0011999999405816197, -0.826799959060736, False, 17.278107, 1.2948399, 0.0, 15.10685, 13.394919, 0.49000004, 6.688843
1859, 691, -0.0011999999405816197, -0.8279999590013176, False, 17.158104, -0.44945002, 0.0, 16.223509, 12.514486, 0.49000004, 7.053151
1859, 692, -0.0011999999405816197, -0.8291999589418992, False, 17.038101, -0.39952374, 0.0, 17.196486, 11.57913, 0.49000004, 7.4422483
1859, 693, -0.0011999999405816197, -0.8303999588824809, False, 16.918098, -2.1441727, 0.0, 17.95025, 10.596049, 0.49000004, 7.858517
1859, 694, -0.0011999999405816197, -0.8315999588230625, False, 16.798096, -3.761304, 0.0, 18.469505, 9.576617, 0.49000004, 8.312535
1859, 695, -0.0011999999405816197, -0.8327999587636441, False, 16.678093, -4.8416514, 0.0, 13.187233, 8.714551, 0.49000004, 8.677683
1859, 696, -0.0011999999405816197, -0.8339999587042257, False, 16.55809, -5.258979, 0.0, 8.345692, 8.076481, 0.49000004, 8.889209
1859, 697, -0.0011999999405816197, -0.8351999586448073, False, 16.438087, -5.1012893, 0.0, 3.9988625, 7.629834, 0.49000004, 8.951728
1859, 698, -0.0011999999405816197, -0.836399958585389, False, 16.318085, -4.469236, 0.0, 0.24097908, 7.3431063, 0.49000004, 8.874375
1859, 699, -0.0011999999405816197, -0.8375999585259706, False, 16.198082, -3.8896723, 0.0, -2.0717762, 7.1866326, 0.49000004, 8.673183
1859, 700, -0.0011999999405816197, -0.8387999584665522, False, 16.07808, -2.9153984, 0.0, -4.782579, 7.1452117, 0.49000004, 8.369925
1859, 701, -0.0011999999405816197, -0.8399999584071338, False, 15.958078, -1.882452, 0.0, -7.0796046, 7.1909604, 0.49000004, 7.9685698
1859, 702, -0.0011999999405816197, -0.8411999583477154, False, 15.8380785, -2.4642105, 0.0, -8.69628, 7.3020935, 0.49000004, 7.4721413
1859, 703, -0.0011999999405816197, -0.8423999582882971, False, 15.718079, -2.7024708, 0.0, -4.512685, 7.365157, 0.49000004, 7.089517
1859, 704, -0.0011999999405816197, -0.8435999582288787, False, 15.598079, -2.2019894, 0.0, -1.072481, 7.326719, 0.49000004, 6.899857
1859, 705, -0.0011999999405816197, -0.8447999581694603, False, 15.478079, -2.0651243, 0.0, -3.317656, 7.3316674, 0.49000004, 6.701144
1859, 706, -0.0011999999405816197, -0.8459999581100419, False, 15.358079, -1.4797378, 0.0, -0.21409546, 7.2990394, 0.49000004, 6.5835137
1859, 707, -0.0011999999405816197, -0.8471999580506235, False, 15.238079, -0.9716627, 0.0, 2.4927118, 7.1827455, 0.49000004, 6.6139207
1859, 708, -0.0011999999405816197, -0.8483999579912052, False, 15.118079, -0.60342485, 0.0, -0.5356333, 7.1369953, 0.49000004, 6.6009517
1859, 709, -0.0011999999405816197, -0.8495999579317868, False, 14.998079, -0.6798475, 0.0, -2.9195685, 7.2158313, 0.49000004, 6.4928107
1859, 710, -0.0011999999405816197, -0.8507999578723684, False, 14.878079, -1.0071454, 0.0, -5.051619, 7.4101243, 0.49000004, 6.310081
1859, 711, -0.0011999999405816197, -0.85199995781295, False, 14.75808, -1.5026128, 0.0, -6.9442215, 7.71711, 0.49000004, 6.072791
1859, 712, -0.0011999999405816197, -0.8531999577535316, False, 14.63808, -2.1208167, 0.0, -8.606605, 8.133305, 0.49000004, 5.800418
1859, 713, -0.0011999999405816197, -0.8543999576941133, False, 14.51808, -2.8260722, 0.0, -10.050472, 8.654066, 0.49000004, 5.511452
1859, 714, -0.0011999999405816197, -0.8555999576346949, False, 14.39808, -2.4879189, 0.0, -11.605953, 9.273075, 0.49000004, 5.2206244
1859, 715, -0.0011999999405816197, -0.8567999575752765, False, 14.27808, -2.1972113, 0.0, -13.01348, 9.981328, 0.49000004, 4.929587
1859, 716, -0.0011999999405816197, -0.8579999575158581, False, 14.15808, -1.9451151, 0.0, -14.288253, 10.770231, 0.49000004, 4.637629
1859, 717, -0.0011999999405816197, -0.8591999574564397, False, 14.03808, -0.20041513, 0.0, -15.546661, 11.631469, 0.49000004, 4.3417096
1859, 718, -0.0011999999405816197, -0.8603999573970214, False, 13.91808, 1.4572306, 0.0, -16.517727, 12.554137, 0.49000004, 4.027481
1859, 719, -0.0011999999405816197, -0.861599957337603, False, 13.79808, 3.0151258, 0.0, -17.240559, 13.526252, 0.49000004, 3.680351
1859, 720, -0.0011999999405816197, -0.8627999572781846, False, 13.678081, 4.061117, 0.0, -12.146377, 14.341044, 0.49000004, 3.405893
1859, 721, -0.0011999999405816197, -0.8639999572187662, False, 13.558081, 4.4639034, 0.0, -7.4765034, 14.924656, 0.49000004, 3.2614708
1859, 722, -0.0011999999405816197, -0.8651999571593478, False, 13.438081, 4.302781, 0.0, -3.2894762, 15.309159, 0.49000004, 3.245579
1859, 723, -0.0011999999405816197, -0.8663999570999295, False, 13.318081, 3.4598043, 0.0, -0.45497274, 15.522565, 0.49000004, 3.347641
1859, 724, -0.0011999999405816197, -0.8675999570405111, False, 13.198081, 2.965973, 0.0, 1.961079, 15.580532, 0.49000004, 3.5370471
1859, 725, -0.0011999999405816197, -0.8687999569810927, False, 13.078081, 2.8331623, 0.0, 4.0496397, 15.499211, 0.49000004, 3.7885747
1859, 726, -0.0011999999405816197, -0.8699999569216743, False, 12.958081, 2.429447, 0.0, 6.1860027, 15.290537, 0.49000004, 4.0861435
1859, 727, -0.0011999999405816197, -0.8711999568622559, False, 12.838081, 2.8468697, 0.0, 7.8478184, 14.96691, 0.49000004, 4.423116
1859, 728, -0.0011999999405816197, -0.8723999568028376, False, 12.718081, 2.4904356, 0.0, 9.612381, 14.535082, 0.49000004, 4.7864122
1859, 729, -0.0011999999405816197, -0.8735999567434192, False, 12.598082, 2.189631, 0.0, 11.207206, 14.005053, 0.49000004, 5.1725245
1859, 730, -0.0011999999405816197, -0.8747999566840008, False, 12.478082, 1.9320407, 0.0, 12.650862, 13.386578, 0.49000004, 5.580196
1859, 731, -0.0011999999405816197, -0.8759999566245824, False, 12.358082, 1.7092433, 0.0, 13.9586935, 12.688284, 0.49000004, 6.0080404
1859, 732, -0.0011999999405816197, -0.877199956565164, False, 12.238082, 1.5151682, 0.0, 15.143986, 11.917871, 0.49000004, 6.4546404
1859, 733, -0.0011999999405816197, -0.8783999565057456, False, 12.118082, 1.3452315, 0.0, 16.2185, 11.082247, 0.49000004, 6.918602
1859, 734, -0.0011999999405816197, -0.8795999564463273, False, 11.998082, -0.5087261, 0.0, 17.23109, 10.188766, 0.49000004, 7.4009833
1859, 735, -0.0011999999405816197, -0.8807999563869089, False, 11.878082, -1.485404, 0.0, 10.99914, 9.504253, 0.49000004, 7.7696524
1859, 736, -0.0011999999405816197, -0.8819999563274905, False, 11.758082, -2.098187, 0.0, 6.65864, 9.0569935, 0.49000004, 7.9906955
1859, 737, -0.0011999999405816197, -0.8831999562680721, False, 11.6380825, -2.6085002, 0.0, 8.299578, 8.628884, 0.49000004, 8.225307
1859, 738, -0.0011999999405816197, -0.8843999562086537, False, 11.518083, -2.782887, 0.0, 4.147857, 8.29359, 0.49000004, 8.381947
1859, 739, -0.0011999999405816197, -0.8855999561492354, False, 11.398083, -2.4245093, 0.0, 0.5214946, 8.10759, 0.49000004, 8.384391
1859, 740, -0.0011999999405816197, -0.886799956089817, False, 11.278083, -2.0449827, 0.0, -1.9649179, 8.041386, 0.49000004, 8.255147
1859, 741, -0.0011999999405816197, -0.8879999560303986, False, 11.158083, -2.0454695, 0.0, -4.1066856, 8.0807495, 0.49000004, 8.021027
1859, 742, -0.0011999999405816197, -0.8891999559709802, False, 11.038083, -1.1876619, 0.0, -6.3803, 8.218823, 0.49000004, 7.6985683
1859, 743, -0.0011999999405816197, -0.8903999559115618, False, 10.918083, -1.1366606, 0.0, -3.8263464, 8.34128, 0.49000004, 7.441346
1859, 744, -0.0011999999405816197, -0.8915999558521435, False, 10.798083, -1.4872289, 0.0, -5.831147, 8.509021, 0.49000004, 7.167532
1859, 745, -0.0011999999405816197, -0.8927999557927251, False, 10.678083, -1.2770286, 0.0, -3.4507349, 8.655062, 0.49000004, 6.948507
1859, 746, -0.0011999999405816197, -0.8939999557333067, False, 10.558084, -1.5664439, 0.0, -5.482892, 8.85475, 0.49000004, 6.7219396
1859, 747, -0.0011999999405816197, -0.8951999556738883, False, 10.438084, -1.2970668, 0.0, -3.2193294, 9.027755, 0.49000004, 6.543152
1859, 748, -0.0011999999405816197, -0.89639995561447, False, 10.318084, -1.5583897, 0.0, -5.273771, 9.257965, 0.49000004, 6.367474
1859, 749, -0.0011999999405816197, -0.8975999555550516, False, 10.198084, -1.998833, 0.0, -7.098659, 9.610346, 0.49000004, 6.166702
1859, 750, -0.0011999999405816197, -0.8987999554956332, False, 10.078084, -2.5672739, 0.0, -8.703636, 10.077044, 0.49000004, 5.9583435
1859, 751, -0.0011999999405816197, -0.8999999554362148, False, 9.958084, -2.2515368, 0.0, -10.384722, 10.649279, 0.49000004, 5.756281
1859, 752, -0.0011999999405816197, -0.9011999553767964, False, 9.838084, -0.826524, 0.0, -12.055441, 11.3168125, 0.49000004, 5.5586343
1859, 753, -0.0011999999405816197, -0.902399955317378, False, 9.718084, -0.73029375, 0.0, -13.416355, 12.06867, 0.49000004, 5.3521585
1859, 754, -0.0011999999405816197, -0.9035999552579597, False, 9.598084, 0.7892153, 0.0, -14.645411, 12.89586, 0.49000004, 5.132333
1859, 755, -0.0011999999405816197, -0.9047999551985413, False, 9.478085, 2.245257, 0.0, -15.613226, 13.787283, 0.49000004, 4.8859353
1859, 756, -0.0011999999405816197, -0.9059999551391229, False, 9.358085, 3.6246495, 0.0, -16.353159, 14.730745, 0.49000004, 4.599359
1859, 757, -0.0011999999405816197, -0.9071999550797045, False, 9.238085, 4.5103207, 0.0, -11.293783, 15.51925, 0.49000004, 4.3788896
1859, 758, -0.0011999999405816197, -0.9083999550202861, False, 9.118085, 4.7676535, 0.0, -6.6770453, 16.078718, 0.49000004, 4.282185
1859, 759, -0.0011999999405816197, -0.9095999549608678, False, 8.998085, 3.64841, 0.0, -3.4195924, 16.437637, 0.49000004, 4.30375
1859, 760, -0.0011999999405816197, -0.9107999549014494, False, 8.878085, 2.867591, 0.0, -0.4898039, 16.608923, 0.49000004, 4.414805
1859, 761, -0.0011999999405816197, -0.911999954842031, False, 8.758085, 2.4377773, 0.0, 1.9677403, 16.611937, 0.49000004, 4.5822845
1859, 762, -0.0011999999405816197, -0.9131999547826126, False, 8.638085, 2.3801677, 0.0, 4.0863247, 16.468765, 0.49000004, 4.7850275
1859, 763, -0.0011999999405816197, -0.9143999547231942, False, 8.5180855, 2.0382555, 0.0, 6.210684, 16.193563, 0.49000004, 5.0097795
1859, 764, -0.0011999999405816197, -0.9155999546637759, False, 8.398086, 1.7690616, 0.0, 8.124208, 15.799917, 0.49000004, 5.25466
1859, 765, -0.0011999999405816197, -0.9167999546043575, False, 8.278086, 1.5477023, 0.0, 9.854966, 15.299749, 0.49000004, 5.519256
1859, 766, -0.0011999999405816197, -0.9179999545449391, False, 8.158086, 1.3610449, 0.0, 11.422657, 14.703434, 0.49000004, 5.8026276
1859, 767, -0.0011999999405816197, -0.9191999544855207, False, 8.038086, 1.2011886, 0.0, 12.8435135, 14.020189, 0.49000004, 6.1036205
1859, 768, -0.0011999999405816197, -0.9203999544261023, False, 7.918086, -0.32119417, 0.0, 14.172895, 13.259162, 0.49000004, 6.423514
1859, 769, -0.0011999999405816197, -0.921599954366684, False, 7.798086, -0.2847743, 0.0, 15.336464, 12.432074, 0.49000004, 6.772234
1859, 770, -0.0011999999405816197, -0.9227999543072656, False, 7.6780863, -0.25287342, 0.0, 16.391846, 11.546016, 0.49000004, 7.149396
1859, 771, -0.0011999999405816197, -0.9239999542478472, False, 7.5580864, -1.9379492, 0.0, 17.23803, 10.607593, 0.49000004, 7.5547023
1859, 772, -0.0011999999405816197, -0.9251999541884288, False, 7.4380865, -3.5099368, 0.0, 17.846125, 9.62861, 0.49000004, 7.998651
1859, 773, -0.0011999999405816197, -0.9263999541290104, False, 7.3180866, -4.5577855, 0.0, 12.64805, 8.803181, 0.49000004, 8.354548
1859, 774, -0.0011999999405816197, -0.9275999540695921, False, 7.1980867, -4.952786, 0.0, 7.885674, 8.19831, 0.49000004, 8.557595
1859, 775, -0.0011999999405816197, -0.9287999540101737, False, 7.078087, -4.7794733, 0.0, 3.6152852, 7.781781, 0.49000004, 8.6125
1859, 776, -0.0011999999405816197, -0.9299999539507553, False, 6.958087, -4.139861, 0.0, -0.05853793, 7.5222163, 0.49000004, 8.52888
1859, 777, -0.0011999999405816197, -0.9311999538913369, False, 6.838087, -3.6298635, 0.0, -2.3470335, 7.3893485, 0.49000004, 8.32307
1859, 778, -0.0011999999405816197, -0.9323999538319185, False, 6.718087, -2.6723099, 0.0, -4.9932165, 7.367935, 0.49000004, 8.016023
1859, 779, -0.0011999999405816197, -0.9335999537725002, False, 6.5980873, -2.9299846, 0.0, -6.759387, 7.435421, 0.49000004, 7.613843
1859, 780, -0.0011999999405816197, -0.9347999537130818, False, 6.4780874, -2.8813372, 0.0, -2.7603421, 7.455444, 0.49000004, 7.313073
1859, 781, -0.0011999999405816197, -0.9359999536536634, False, 6.3580875, -2.0003686, 0.0, -5.270003, 7.51099, 0.49000004, 7.0162406
1859, 782, -0.0011999999405816197, -0.937199953594245, False, 6.2380877, -1.8973732, 0.0, -1.5111587, 7.524079, 0.49000004, 6.813907
1859, 783, -0.0011999999405816197, -0.9383999535348266, False, 6.118088, -1.86401, 0.0, -3.7155902, 7.5771556, 0.49000004, 6.609755
1859, 784, -0.0011999999405816197, -0.9395999534754083, False, 5.998088, -2.0947442, 0.0, -5.676548, 7.742068, 0.49000004, 6.3296766
1859, 785, -0.0011999999405816197, -0.9407999534159899, False, 5.878088, -2.0306199, 0.0, -1.8598219, 7.8320293, 0.49000004, 6.1234174
1859, 786, -0.0011999999405816197, -0.9419999533565715, False, 5.758088, -2.0203269, 0.0, -4.014861, 7.9586186, 0.49000004, 5.929266
1859, 787, -0.0011999999405816197, -0.9431999532971531, False, 5.638088, -2.2614367, 0.0, -5.932855, 8.213884, 0.49000004, 5.6990595
1859, 788, -0.0011999999405816197, -0.9443999532377347, False, 5.5180883, -2.6746573, 0.0, -7.6340456, 8.589796, 0.49000004, 5.450004
1859, 789, -0.0011999999405816197, -0.9455999531783164, False, 5.3980885, -3.2106233, 0.0, -9.128637, 9.078379, 0.49000004, 5.1988797
1859, 790, -0.0011999999405816197, -0.946799953118898, False, 5.2780886, -2.8205729, 0.0, -10.7740555, 9.670832, 0.49000004, 4.958914
1859, 791, -0.0011999999405816197, -0.9479999530594796, False, 5.1580887, -1.2906513, 0.0, -12.4618, 10.356955, 0.49000004, 4.7276382
1859, 792, -0.0011999999405816197, -0.9491999530000612, False, 5.038089, -1.1413021, 0.0, -13.785678, 11.125859, 0.49000004, 4.4912777
1859, 793, -0.0011999999405816197, -0.9503999529406428, False, 4.918089, 0.461648, 0.0, -15.017194, 11.968653, 0.49000004, 4.244851
1859, 794, -0.0011999999405816197, -0.9515999528812245, False, 4.798089, 1.9916301, 0.0, -15.978733, 12.874348, 0.49000004, 3.974739
1859, 795, -0.0011999999405816197, -0.9527999528218061, False, 4.678089, 3.4358048, 0.0, -16.705729, 13.830856, 0.49000004, 3.6669874
1859, 796, -0.0011999999405816197, -0.9539999527623877, False, 4.5580893, 4.7845974, 0.0, -17.230406, 14.825616, 0.49000004, 3.3099372
1859, 797, -0.0011999999405816197, -0.9551999527029693, False, 4.4380894, 5.6224155, 0.0, -11.982244, 15.664753, 0.49000004, 3.0313323
1859, 798, -0.0011999999405816197, -0.9563999526435509, False, 4.3180895, 5.819681, 0.0, -7.203823, 16.281467, 0.49000004, 2.896474
1859, 799, -0.0011999999405816197, -0.9575999525841326, False, 4.1980896, 5.467811, 0.0, -2.9545293, 16.70842, 0.49000004, 2.900862
1859, 800, -0.0011999999405816197, -0.9587999525247142, False, 4.0780897, 4.69184, 0.0, 0.6728363, 16.978096, 0.49000004, 3.0354168
1859, 801, -0.0011999999405816197, -0.9599999524652958, False, 3.9580898, 4.1914654, 0.0, 2.8318267, 17.121265, 0.49000004, 3.2861145
1859, 802, -0.0011999999405816197, -0.9611999524058774, False, 3.83809, 4.004109, 0.0, 4.7348, 17.14779, 0.49000004, 3.630643
1859, 803, -0.0011999999405816197, -0.962399952346459, False, 3.71809, 4.05876, 0.0, 6.4297886, 17.061255, 0.49000004, 4.0487123
1859, 804, -0.0011999999405816197, -0.9635999522870407, False, 3.5980902, 4.292508, 0.0, 7.9372816, 16.863903, 0.49000004, 4.5219107
1859, 805, -0.0011999999405816197, -0.9647999522276223, False, 3.4780903, 4.657812, 0.0, 9.268128, 16.557827, 0.49000004, 5.032637
1859, 806, -0.0011999999405816197, -0.9659999521682039, False, 3.3580904, 4.098644, 0.0, 10.912704, 16.146936, 0.49000004, 5.566262
1859, 807, -0.0011999999405816197, -0.9671999521087855, False, 3.2380905, 3.3154354, 0.0, 6.624976, 15.815685, 0.49000004, 5.969284
1859, 808, -0.0011999999405816197, -0.9683999520493671, False, 3.1180906, 2.8886466, 0.0, 8.512313, 15.456576, 0.49000004, 6.3278103
1859, 809, -0.0011999999405816197, -0.9695999519899487, False, 2.9980907, 2.532555, 0.0, 10.213897, 14.991684, 0.49000004, 6.7085958
1859, 810, -0.0011999999405816197, -0.9707999519305304, False, 2.8780909, 2.23004, 0.0, 11.752335, 14.431769, 0.49000004, 7.110708
1859, 811, -0.0011999999405816197, -0.971999951871112, False, 2.758091, 1.9698472, 0.0, 13.145124, 13.786236, 0.49000004, 7.5329647
1859, 812, -0.0011999999405816197, -0.9731999518116936, False, 2.638091, 1.7441173, 0.0, 14.406933, 13.063424, 0.49000004, 7.974076
1859, 813, -0.0011999999405816197, -0.9743999517522752, False, 2.5180912, 1.547059, 0.0, 15.550533, 12.270783, 0.49000004, 8.432727
1859, 814, -0.0011999999405816197, -0.9755999516928568, False, 2.3980913, 1.3653221, 0.0, 10.964032, 11.6226, 0.49000004, 8.814887
1859, 815, -0.0011999999405816197, -0.9767999516334385, False, 2.2780914, -0.0030708313, 0.0, 12.492968, 10.999333, 0.49000004, 9.177725
1859, 816, -0.0011999999405816197, -0.9779999515740201, False, 2.1580915, -1.3476229, 0.0, 13.74414, 10.305252, 0.49000004, 9.581274
1859, 817, -0.0011999999405816197, -0.9791999515146017, False, 2.0380917, -2.2509546, 0.0, 9.143521, 9.73734, 0.49000004, 9.8987465
1859, 818, -0.0011999999405816197, -0.9803999514551833, False, 1.9180918, -2.5671558, 0.0, 4.929138, 9.365267, 0.49000004, 10.065128
1859, 819, -0.0011999999405816197, -0.981599951395765, False, 1.7980919, -2.3379152, 0.0, 1.1908013, 9.159629, 0.49000004, 10.086496
1859, 820, -0.0011999999405816197, -0.9827999513363466, False, 1.678092, -1.743696, 0.0, -1.8174772, 9.087179, 0.49000004, 9.979287
1859, 821, -0.0011999999405816197, -0.9839999512769282, False, 1.5580921, -1.7729597, 0.0, -3.9939952, 9.11174, 0.49000004, 9.757969
1859, 822, -0.0011999999405816197, -0.9851999512175098, False, 1.4380922, -0.9639263, 0.0, -6.25035, 9.223555, 0.49000004, 9.436838
1859, 823, -0.0011999999405816197, -0.9863999511580914, False, 1.3180923, -1.5853181, 0.0, -8.027754, 9.406246, 0.49000004, 9.020538
1859, 824, -0.0011999999405816197, -0.987599951098673, False, 1.1980925, -1.8745716, 0.0, -3.9799914, 9.52568, 0.49000004, 8.705683
1859, 825, -0.0011999999405816197, -0.9887999510392547, False, 1.0780926, -1.4604664, 0.0, -0.58635783, 9.521099, 0.49000004, 8.5663395
1859, 826, -0.0011999999405816197, -0.9899999509798363, False, 0.9580926, -1.2075354, 0.0, 1.9491462, 9.4206, 0.49000004, 8.57476
1859, 827, -0.0011999999405816197, -0.9911999509204179, False, 0.8380925, -0.8349206, 0.0, -0.9173026, 9.380026, 0.49000004, 8.53833
1859, 828, -0.0011999999405816197, -0.9923999508609995, False, 0.71809244, -0.40699458, 0.0, -3.3873239, 9.448539, 0.49000004, 8.394643
1859, 829, -0.0011999999405816197, -0.9935999508015811, False, 0.5980924, -0.8254688, 0.0, -5.495174, 9.603948, 0.49000004, 8.148111
1859, 830, -0.0011999999405816197, -0.9947999507421628, False, 0.47809234, -1.3910973, 0.0, -7.3591757, 9.846494, 0.49000004, 7.8156137
1859, 831, -0.0011999999405816197, -0.9959999506827444, False, 0.35809237, -1.3372988, 0.0, -4.4562416, 10.046884, 0.49000004, 7.5525503
1859, 832, -0.0011999999405816197, -0.997199950623326, False, 0.2380924, -1.2274302, 0.0, -0.8401104, 10.106339, 0.49000004, 7.420944
1859, 833, -0.0011999999405816197, -0.9983999505639076, False, 0.11809241, -0.9768778, 0.0, 1.7545543, 10.026341, 0.49000004, 7.4026165
1859, 834, -0.0011999999405816197, -0.9995999505044892, True, 0.0, -1.1615698, 0.0, 3.2301354, 9.91071, 0.49000004, 7.443973
