episode, step, reward, cumulative reward, done, health, vx, vy, vz, px, py, pz
1046, 1, 0.0, 0.0, False, 100.0, 0.0, -0.1899216, 0.0, 20.0, 1.5062015, 2.0
1046, 2, 0.0, 0.0, False, 100.0, 0.00020476442, -0.0707944, 4.1434512e-05, 20.00012, 1.4885604, 1.999984
1046, 3, 0.0, 0.0, False, 100.0, -0.00048937125, -0.00052282214, -3.5847796e-05, 20.00009, 1.488585, 1.9999858
1046, 4, 0.0, 0.0, False, 100.0, -7.9517224e-05, -0.00028397143, -1.7496563e-05, 20.00012, 1.4885962, 1.9999826
1046, 5, 0.0, 0.0, False, 100.0, -0.00013299067, -0.0003169328, -2.2619337e-05, 20.000147, 1.4885964, 1.999979
1046, 6, 0.0, 0.0, False, 100.0, -0.00013380512, -0.00031979382, -2.2093149e-05, 20.00017, 1.4885963, 1.999975
1046, 7, 0.0, 0.0, False, 100.0, -0.00014038237, -0.00032231212, -2.2598937e-05, 20.000193, 1.4885963, 1.999971
1046, 8, 0.0, 0.0, False, 100.0, 0.0, 0.0, 0.0, 20.0002, 1.4885963, 1.9999696
1046, 9, 0.0, 0.0, False, 100.0, 0.0, 0.0, 0.0, 20.0002, 1.4885963, 1.9999696
1046, 10, 0.0, 0.0, False, 100.0, 0.0, 0.0, 0.0, 20.0002, 1.4885963, 1.9999696
1046, 11, 0.0, 0.0, False, 100.0, 0.0, 0.0, 0.0, 20.0002, 1.4885963, 1.9999696
1046, 12, 0.0, 0.0, False, 100.0, 0.0, 0.0, 0.0, 20.0002, 1.4885963, 1.9999696
1046, 13, 0.0, 0.0, False, 100.0, 0.0, 0.0, 0.0, 20.0002, 1.4885963, 1.9999696
1046, 14, 0.0, 0.0, False, 100.0, 0.0, 0.0, 0.0, 20.0002, 1.4885963, 1.9999696
1046, 15, 0.0, 0.0, False, 100.0, 0.0, 0.0, 0.0, 20.0002, 1.4885963, 1.9999696
1046, 16, 0.0, 0.0, False, 100.0, 0.0, 0.0, 0.0, 20.0002, 1.4885963, 1.9999696
1046, 17, 0.0, 0.0, False, 100.0, 0.0, 0.0, 0.0, 20.0002, 1.4885963, 1.9999696
1046, 18, 0.0, 0.0, False, 100.0, 0.0, 0.0, 0.0, 20.0002, 1.4885963, 1.9999696
1046, 19, 0.0, 0.0, False, 100.0, 0.0, 0.0, 0.0, 20.0002, 1.4885963, 1.9999696
1046, 20, 0.0, 0.0, False, 100.0, 0.0, 0.0, 0.0, 20.0002, 1.4885963, 1.9999696
1046, 21, 0.0, 0.0, False, 100.0, 0.0, 0.0, 0.0, 20.0002, 1.4885963, 1.9999696
1046, 22, 0.0, 0.0, False, 100.0, 0.0, 0.0, 0.0, 20.0002, 1.4885963, 1.9999696
1046, 23, 0.0, 0.0, False, 100.0, 0.0, 0.0, 0.0, 20.0002, 1.4885963, 1.9999696
1046, 24, 0.0, 0.0, False, 100.0, 0.0, 0.0, 0.0, 20.0002, 1.4885963, 1.9999696
1046, 25, 0.0, 0.0, False, 100.0, 0.0, 0.0, 0.0, 20.0002, 1.4885963, 1.9999696
1046, 26, 0.0, 0.0, False, 100.0, 0.0, 0.0, 0.0, 20.0002, 1.4885963, 1.9999696
1046, 27, 0.0, 0.0, False, 100.0, 0.0, 0.0, 0.0, 20.0002, 1.4885963, 1.9999696
1046, 28, 0.0, 0.0, False, 100.0, 0.0, 0.0, 0.0, 20.0002, 1.4885963, 1.9999696
1046, 29, 0.0, 0.0, False, 100.0, 0.0, 0.0, 0.0, 20.0002, 1.4885963, 1.9999696
1046, 30, 0.0, 0.0, False, 100.0, 0.0, 0.0, 0.0, 20.0002, 1.4885963, 1.9999696
1046, 31, 0.0, 0.0, False, 100.0, 0.0, 0.0, 0.0, 20.0002, 1.4885963, 1.9999696
1046, 32, 0.0, 0.0, False, 100.0, 0.0, 0.0, 0.0, 20.0002, 1.4885963, 1.9999696
1046, 33, 0.0, 0.0, False, 100.0, 0.0, 0.0, 0.0, 20.0002, 1.4885963, 1.9999696
1046, 34, 0.0, 0.0, False, 100.0, 0.0, 0.0, 0.0, 20.0002, 1.4885963, 1.9999696
1046, 35, 0.0, 0.0, False, 100.0, 0.0, 0.0, 0.0, 20.0002, 1.4885963, 1.9999696
1046, 36, 0.0, 0.0, False, 100.0, 0.0, 0.0, 0.0, 20.0002, 1.4885963, 1.9999696
1046, 37, 0.0, 0.0, False, 100.0, 0.0, 0.0, 0.0, 20.0002, 1.4885963, 1.9999696
1046, 38, 0.0, 0.0, False, 100.0, 0.0, 0.0, 0.0, 20.0002, 1.4885963, 1.9999696
1046, 39, 0.0, 0.0, False, 100.0, 0.0, 0.0, 0.0, 20.0002, 1.4885963, 1.9999696
1046, 40, 0.0, 0.0, False, 100.0, 0.0, 0.0, 0.0, 20.0002, 1.4885963, 1.9999696
1046, 41, 0.0, 0.0, False, 100.0, 0.0, 0.0, 0.0, 20.0002, 1.4885963, 1.9999696
1046, 42, 0.0, 0.0, False, 100.0, 0.0, 0.0, 0.0, 20.0002, 1.4885963, 1.9999696
1046, 43, 0.0, 0.0, False, 100.0, 0.0, 0.0, 0.0, 20.0002, 1.4885963, 1.9999696
1046, 44, 0.0, 0.0, False, 100.0, 0.0, 0.0, 0.0, 20.0002, 1.4885963, 1.9999696
1046, 45, 0.0, 0.0, False, 100.0, 0.0, 0.0, 0.0, 20.0002, 1.4885963, 1.9999696
1046, 46, 0.0, 0.0, False, 100.0, 0.0, 0.0, 0.0, 20.0002, 1.4885963, 1.9999696
1046, 47, 0.0, 0.0, False, 100.0, 0.0, 0.0, 0.0, 20.0002, 1.4885963, 1.9999696
1046, 48, 0.0, 0.0, False, 100.0, 0.0, 0.0, 0.0, 20.0002, 1.4885963, 1.9999696
1046, 49, 0.0, 0.0, False, 100.0, 0.0, 0.0, 0.0, 20.0002, 1.4885963, 1.9999696
1046, 50, 0.0, 0.0, False, 100.0, 0.0, 0.0, 0.0, 20.0002, 1.4885963, 1.9999696
1046, 51, 0.0, 0.0, False, 100.0, 0.0, 0.0, 0.0, 20.0002, 1.4885963, 1.9999696
1046, 52, 0.0, 0.0, False, 100.0, 0.0, 0.0, 0.0, 20.0002, 1.4885963, 1.9999696
1046, 53, 0.0, 0.0, False, 100.0, 0.0, 0.0, 0.0, 20.0002, 1.4885963, 1.9999696
1046, 54, 0.0, 0.0, False, 100.0, 0.0, 0.0, 0.0, 20.0002, 1.4885963, 1.9999696
1046, 55, 0.0, 0.0, False, 100.0, 0.0, 0.0, 0.0, 20.0002, 1.4885963, 1.9999696
1046, 56, 0.0, 0.0, False, 100.0, 0.0, 0.0, 0.0, 20.0002, 1.4885963, 1.9999696
1046, 57, 0.0, 0.0, False, 100.0, 0.0, 0.0, 0.0, 20.0002, 1.4885963, 1.9999696
1046, 58, 0.0, 0.0, False, 100.0, 0.0, 0.0, 0.0, 20.0002, 1.4885963, 1.9999696
1046, 59, 0.0, 0.0, False, 100.0, 0.0, 0.0, 0.0, 20.0002, 1.4885963, 1.9999696
1046, 60, 0.0, 0.0, False, 100.0, 0.0, 0.0, 0.0, 20.0002, 1.4885963, 1.9999696
1046, 61, 0.0, 0.0, False, 100.0, 0.0, 0.0, 0.0, 20.0002, 1.4885963, 1.9999696
1046, 62, 0.0, 0.0, False, 100.0, 0.0, 0.0, 0.0, 20.0002, 1.4885963, 1.9999696
1046, 63, 0.0, 0.0, False, 100.0, 0.0, 0.0, 0.0, 20.0002, 1.4885963, 1.9999696
1046, 64, 0.0, 0.0, False, 100.0, 0.0, 0.0, 0.0, 20.0002, 1.4885963, 1.9999696
1046, 65, 0.0, 0.0, False, 100.0, 0.0, 0.0, 0.0, 20.0002, 1.4885963, 1.9999696
1046, 66, 0.0, 0.0, False, 100.0, 0.0, 0.0, 0.0, 20.0002, 1.4885963, 1.9999696
1046, 67, 0.0, 0.0, False, 100.0, 0.0, 0.0, 0.0, 20.0002, 1.4885963, 1.9999696
1046, 68, 0.0, 0.0, False, 100.0, 0.0, 0.0, 0.0, 20.0002, 1.4885963, 1.9999696
1046, 69, 0.0, 0.0, False, 100.0, 0.0, 0.0, 0.0, 20.0002, 1.4885963, 1.9999696
1046, 70, 0.0, 0.0, False, 100.0, 0.0, 0.0, 0.0, 20.0002, 1.4885963, 1.9999696
1046, 71, 0.0, 0.0, False, 100.0, 0.0, 0.0, 0.0, 20.0002, 1.4885963, 1.9999696
1046, 72, 0.0, 0.0, False, 100.0, 0.0, 0.0, 0.0, 20.0002, 1.4885963, 1.9999696
1046, 73, 0.0, 0.0, False, 100.0, 0.0, 0.0, 0.0, 20.0002, 1.4885963, 1.9999696
1046, 74, 0.0, 0.0, False, 100.0, 0.0, 0.0, 0.0, 20.0002, 1.4885963, 1.9999696
1046, 75, 0.0, 0.0, False, 100.0, 0.0, 0.0, 0.0, 20.0002, 1.4885963, 1.9999696
1046, 76, 0.0, 0.0, False, 100.0, 0.0, 0.0, 0.0, 20.0002, 1.4885963, 1.9999696
1046, 77, 0.0, 0.0, False, 100.0, 0.0, 0.0, 0.0, 20.0002, 1.4885963, 1.9999696
1046, 78, 0.0, 0.0, False, 100.0, 0.0, 0.0, 0.0, 20.0002, 1.4885963, 1.9999696
1046, 79, 0.0, 0.0, False, 100.0, 0.0, 0.0, 0.0, 20.0002, 1.4885963, 1.9999696
1046, 80, 0.0, 0.0, False, 100.0, 0.0, 0.0, 0.0, 20.0002, 1.4885963, 1.9999696
1046, 81, 0.0, 0.0, False, 100.0, 0.0, 0.0, 0.0, 20.0002, 1.4885963, 1.9999696
1046, 82, 0.0, 0.0, False, 100.0, 0.0, 0.0, 0.0, 20.0002, 1.4885963, 1.9999696
1046, 83, 0.0, 0.0, False, 100.0, 0.0, 0.0, 0.0, 20.0002, 1.4885963, 1.9999696
1046, 84, 0.0, 0.0, False, 100.0, 0.0, 0.0, 0.0, 20.0002, 1.4885963, 1.9999696
1046, 85, 0.0, 0.0, False, 100.0, 0.0, 0.0, 0.0, 20.0002, 1.4885963, 1.9999696
1046, 86, 0.0, 0.0, False, 100.0, 0.0, 0.0, 0.0, 20.0002, 1.4885963, 1.9999696
1046, 87, 0.0, 0.0, False, 100.0, 0.0, 0.0, 0.0, 20.0002, 1.4885963, 1.9999696
1046, 88, 0.0, 0.0, False, 100.0, 0.0, 0.0, 0.0, 20.0002, 1.4885963, 1.9999696
1046, 89, 0.0, 0.0, False, 100.0, 0.0, 0.0, 0.0, 20.0002, 1.4885963, 1.9999696
1046, 90, 0.0, 0.0, False, 100.0, 0.0, 0.0, 0.0, 20.0002, 1.4885963, 1.9999696
1046, 91, 0.0, 0.0, False, 100.0, 0.0, 0.0, 0.0, 20.0002, 1.4885963, 1.9999696
1046, 92, 0.0, 0.0, False, 100.0, 0.0, 0.0, 0.0, 20.0002, 1.4885963, 1.9999696
1046, 93, 0.0, 0.0, False, 100.0, 0.0, 0.0, 0.0, 20.0002, 1.4885963, 1.9999696
1046, 94, 0.0, 0.0, False, 100.0, 0.0, 0.0, 0.0, 20.0002, 1.4885963, 1.9999696
1046, 95, 0.0, 0.0, False, 100.0, 0.0, 0.0, 0.0, 20.0002, 1.4885963, 1.9999696
1046, 96, 0.0, 0.0, False, 100.0, 0.0, 0.0, 0.0, 20.0002, 1.4885963, 1.9999696
1046, 97, 0.0, 0.0, False, 100.0, 0.0, 0.0, 0.0, 20.0002, 1.4885963, 1.9999696
1046, 98, 0.0, 0.0, False, 100.0, 0.0, 0.0, 0.0, 20.0002, 1.4885963, 1.9999696
1046, 99, 0.0, 0.0, False, 100.0, 0.0, 0.0, 0.0, 20.0002, 1.4885963, 1.9999696
1046, 100, 0.0, 0.0, False, 100.0, 0.0, 0.0, 0.0, 20.0002, 1.4885963, 1.9999696
1046, 101, 0.0, 0.0, False, 100.0, 0.0, 0.0, 0.0, 20.0002, 1.4885963, 1.9999696
1046, 102, 0.0, 0.0, False, 100.0, 0.0, 0.0, 0.0, 20.0002, 1.4885963, 1.9999696
1046, 103, 0.0, 0.0, False, 100.0, 0.0, 0.0, 0.0, 20.0002, 1.4885963, 1.9999696
1046, 104, 0.0, 0.0, False, 100.0, 0.0, 0.0, 0.0, 20.0002, 1.4885963, 1.9999696
1046, 105, 0.0, 0.0, False, 100.0, 0.0, 0.0, 0.0, 20.0002, 1.4885963, 1.9999696
1046, 106, 0.0, 0.0, False, 100.0, 0.0, 0.0, 0.0, 20.0002, 1.4885963, 1.9999696
1046, 107, 0.0, 0.0, False, 100.0, 0.0, 0.0, 0.0, 20.0002, 1.4885963, 1.9999696
1046, 108, 0.0, 0.0, False, 100.0, 0.0, 0.0, 0.0, 20.0002, 1.4885963, 1.9999696
1046, 109, 0.0, 0.0, False, 100.0, 0.0, 0.0, 0.0, 20.0002, 1.4885963, 1.9999696
1046, 110, 0.0, 0.0, False, 100.0, 0.0, 0.0, 0.0, 20.0002, 1.4885963, 1.9999696
1046, 111, 0.0, 0.0, False, 100.0, 0.0, 0.0, 0.0, 20.0002, 1.4885963, 1.9999696
1046, 112, 0.0, 0.0, False, 100.0, 0.0, 0.0, 0.0, 20.0002, 1.4885963, 1.9999696
1046, 113, 0.0, 0.0, False, 100.0, 0.0, 0.0, 0.0, 20.0002, 1.4885963, 1.9999696
1046, 114, 0.0, 0.0, False, 100.0, 0.0, 0.0, 0.0, 20.0002, 1.4885963, 1.9999696
1046, 115, 0.0, 0.0, False, 100.0, 0.0, 0.0, 0.0, 20.0002, 1.4885963, 1.9999696
1046, 116, 0.0, 0.0, False, 100.0, 0.0, 0.0, 0.0, 20.0002, 1.4885963, 1.9999696
1046, 117, 0.0, 0.0, False, 100.0, 0.0, 0.0, 0.0, 20.0002, 1.4885963, 1.9999696
1046, 118, 0.0, 0.0, False, 100.0, 0.0, 0.0, 0.0, 20.0002, 1.4885963, 1.9999696
1046, 119, 0.0, 0.0, False, 100.0, 0.0, 0.0, 0.0, 20.0002, 1.4885963, 1.9999696
1046, 120, 0.0, 0.0, False, 100.0, 0.0, 0.0, 0.0, 20.0002, 1.4885963, 1.9999696
1046, 121, 0.0, 0.0, False, 100.0, 0.0, 0.0, 0.0, 20.0002, 1.4885963, 1.9999696
1046, 122, 0.0, 0.0, False, 100.0, 0.0, 0.0, 0.0, 20.0002, 1.4885963, 1.9999696
1046, 123, 0.0, 0.0, False, 100.0, 0.0, 0.0, 0.0, 20.0002, 1.4885963, 1.9999696
1046, 124, 0.0, 0.0, False, 100.0, 0.0, 0.0, 0.0, 20.0002, 1.4885963, 1.9999696
1046, 125, 0.0, 0.0, False, 100.0, 0.0, 0.0, 0.0, 20.0002, 1.4885963, 1.9999696
1046, 126, 0.0, 0.0, False, 100.0, 0.0, 0.0, 0.0, 20.0002, 1.4885963, 1.9999696
1046, 127, 0.0, 0.0, False, 100.0, 0.0, 0.0, 0.0, 20.0002, 1.4885963, 1.9999696
1046, 128, 0.0, 0.0, False, 100.0, 0.0, 0.0, 0.0, 20.0002, 1.4885963, 1.9999696
1046, 129, 0.0, 0.0, False, 100.0, 0.0, 0.0, 0.0, 20.0002, 1.4885963, 1.9999696
1046, 130, 0.0, 0.0, False, 100.0, 0.0, 0.0, 0.0, 20.0002, 1.4885963, 1.9999696
1046, 131, 0.0, 0.0, False, 100.0, 0.0, 0.0, 0.0, 20.0002, 1.4885963, 1.9999696
1046, 132, 0.0, 0.0, False, 100.0, 0.0, 0.0, 0.0, 20.0002, 1.4885963, 1.9999696
1046, 133, 0.0, 0.0, False, 100.0, 0.0, 0.0, 0.0, 20.0002, 1.4885963, 1.9999696
1046, 134, 0.0, 0.0, False, 100.0, 0.0, 0.0, 0.0, 20.0002, 1.4885963, 1.9999696
1046, 135, 0.0, 0.0, False, 100.0, 0.0, 0.0, 0.0, 20.0002, 1.4885963, 1.9999696
1046, 136, 0.0, 0.0, False, 100.0, 0.0, 0.0, 0.0, 20.0002, 1.4885963, 1.9999696
1046, 137, 0.0, 0.0, False, 100.0, 0.0, 0.0, 0.0, 20.0002, 1.4885963, 1.9999696
1046, 138, 0.0, 0.0, False, 100.0, 0.0, 0.0, 0.0, 20.0002, 1.4885963, 1.9999696
1046, 139, 0.0, 0.0, False, 100.0, 0.0, 0.0, 0.0, 20.0002, 1.4885963, 1.9999696
1046, 140, 0.0, 0.0, False, 100.0, 0.0, 0.0, 0.0, 20.0002, 1.4885963, 1.9999696
1046, 141, 0.0, 0.0, False, 100.0, 0.0, 0.0, 0.0, 20.0002, 1.4885963, 1.9999696
1046, 142, 0.0, 0.0, False, 100.0, 0.0, 0.0, 0.0, 20.0002, 1.4885963, 1.9999696
1046, 143, 0.0, 0.0, False, 100.0, 0.0, 0.0, 0.0, 20.0002, 1.4885963, 1.9999696
1046, 144, 0.0, 0.0, False, 100.0, 0.0, 0.0, 0.0, 20.0002, 1.4885963, 1.9999696
1046, 145, 0.0, 0.0, False, 100.0, 0.0, 0.0, 0.0, 20.0002, 1.4885963, 1.9999696
1046, 146, 0.0, 0.0, False, 100.0, 0.0, 0.0, 0.0, 20.0002, 1.4885963, 1.9999696
1046, 147, 0.0, 0.0, False, 100.0, 0.0, 0.0, 0.0, 20.0002, 1.4885963, 1.9999696
1046, 148, 0.0, 0.0, False, 100.0, 0.0, 0.0, 0.0, 20.0002, 1.4885963, 1.9999696
1046, 149, 0.0, 0.0, False, 100.0, 0.0, 0.0, 0.0, 20.0002, 1.4885963, 1.9999696
1046, 150, 0.0, 0.0, False, 100.0, 0.0, 0.0, 0.0, 20.0002, 1.4885963, 1.9999696
1046, 151, 0.0, 0.0, False, 100.0, 0.0, 0.0, 0.0, 20.0002, 1.4885963, 1.9999696
1046, 152, 0.0, 0.0, False, 100.0, 0.0, 0.0, 0.0, 20.0002, 1.4885963, 1.9999696
1046, 153, 0.0, 0.0, False, 100.0, 0.0, 0.0, 0.0, 20.0002, 1.4885963, 1.9999696
1046, 154, 0.0, 0.0, False, 100.0, 0.0, 0.0, 0.0, 20.0002, 1.4885963, 1.9999696
1046, 155, 0.0, 0.0, False, 100.0, 0.0, 0.0, 0.0, 20.0002, 1.4885963, 1.9999696
1046, 156, 0.0, 0.0, False, 100.0, 0.0, 0.0, 0.0, 20.0002, 1.4885963, 1.9999696
1046, 157, 0.0, 0.0, False, 100.0, 0.0, 0.0, 0.0, 20.0002, 1.4885963, 1.9999696
1046, 158, 0.0, 0.0, False, 100.0, 0.0, 0.0, 0.0, 20.0002, 1.4885963, 1.9999696
1046, 159, 0.0, 0.0, False, 100.0, 0.0, 0.0, 0.0, 20.0002, 1.4885963, 1.9999696
1046, 160, 0.0, 0.0, False, 100.0, 0.0, 0.0, 0.0, 20.0002, 1.4885963, 1.9999696
1046, 161, 0.0, 0.0, False, 100.0, 0.0, 0.0, 0.0, 20.0002, 1.4885963, 1.9999696
1046, 162, 0.0, 0.0, False, 100.0, 0.0, 0.0, 0.0, 20.0002, 1.4885963, 1.9999696
1046, 163, 0.0, 0.0, False, 100.0, 0.0, 0.0, 0.0, 20.0002, 1.4885963, 1.9999696
1046, 164, 0.0, 0.0, False, 100.0, 0.0, 0.0, 0.0, 20.0002, 1.4885963, 1.9999696
1046, 165, 0.0, 0.0, False, 100.0, 0.0, 0.0, 0.0, 20.0002, 1.4885963, 1.9999696
1046, 166, 0.0, 0.0, False, 100.0, 0.0, 0.0, 0.0, 20.0002, 1.4885963, 1.9999696
1046, 167, 0.0, 0.0, False, 100.0, 0.0, 0.0, 0.0, 20.0002, 1.4885963, 1.9999696
1046, 168, -0.0007999999797903001, -0.0007999999797903001, False, 99.92, 0.08542806, -0.0003748089, 1.6786273, 19.999546, 1.4886079, 2.05065
1046, 169, -0.0011999999405816197, -0.00199999992037192, False, 99.799995, 0.004330829, -0.000357911, -1.178511, 20.006292, 1.488605, 2.031928
1046, 170, -0.0011999999405816197, -0.0031999998609535396, False, 99.67999, -0.27213442, -0.00035466254, -3.538064, 20.03796, 1.4886047, 1.8684267
1046, 171, -0.0011999999405816197, -0.004399999801535159, False, 99.55999, -0.7268348, -0.0003555268, -5.642532, 20.108929, 1.4886042, 1.5774806
1046, 172, -0.0011999999405816197, -0.005599999742116779, False, 99.43999, -0.79892975, -0.00034688413, -3.3687565, 20.17175, 1.4886034, 1.3373853
1046, 173, -0.0011999999405816197, -0.006799999682698399, False, 99.319984, -0.6183499, -0.00034475327, 0.02025231, 20.166555, 1.4886035, 1.2603062
1046, 174, -0.0011999999405816197, -0.007999999623280019, False, 99.19998, -0.10914742, -0.00027900934, -0.007828859, 20.153164, 1.4886048, 1.251911
1046, 175, -0.0011999999405816197, -0.009199999563861638, False, 99.07998, 0.08730698, -0.00028966367, 2.4769824, 20.099552, 1.4886096, 1.3365092
1046, 176, -0.0011999999405816197, -0.010399999504443258, False, 98.95998, -0.09308922, -0.00031001866, 1.3362433, 20.046032, 1.4886096, 1.4222237
1046, 177, -0.0011999999405816197, -0.011599999445024878, False, 98.83997, -0.10174304, -0.0003118217, 0.57737035, 20.020157, 1.4886096, 1.4636568
1046, 178, -0.0011999999405816197, -0.012799999385606498, False, 98.71997, -0.0062525496, -0.0003143698, 0.087977864, 20.012564, 1.4886096, 1.4758092
1046, 179, -0.0011999999405816197, -0.013999999326188117, False, 98.59997, -7.8549485e-05, -0.00032363832, -9.439559e-07, 20.012568, 1.4886084, 1.4758195
1046, 180, -0.0011999999405816197, -0.015199999266769737, False, 98.479965, 0.16552806, -0.00034436584, 2.474698, 19.97268, 1.4886099, 1.5678228
1046, 181, -0.0011999999405816197, -0.016399999207351357, False, 98.35996, -0.050927132, -0.00033932924, 1.3395357, 19.93127, 1.4886098, 1.6600796
1046, 182, -0.0011999999405816197, -0.017599999147932976, False, 98.23996, 0.039028794, -0.0003373176, 0.5855525, 19.91125, 1.4886097, 1.7046822
1046, 183, -0.0011999999405816197, -0.018799999088514596, False, 98.11996, -0.0035015885, -0.00033849478, 0.08843222, 19.905369, 1.4886097, 1.7177744
1046, 184, -0.0011999999405816197, -0.019999999029096216, False, 97.999954, -9.151762e-05, -0.0003425479, 1.3548262e-05, 19.90537, 1.4886088, 1.717786
1046, 185, -0.0011999999405816197, -0.021199998969677836, False, 97.87995, -0.00013839803, -0.00037236512, 2.2759803e-05, 19.905376, 1.4886088, 1.7177854
1046, 186, -0.0011999999405816197, -0.022399998910259455, False, 97.75995, -0.00014739562, -0.0003761053, 1.0704822e-05, 19.905378, 1.4886088, 1.7177846
1046, 187, -0.0011999999405816197, -0.023599998850841075, False, 97.639946, 0.165512, -0.00037445128, -2.474463, 19.930603, 1.4886072, 1.6207414
1046, 188, -0.0011999999405816197, -0.024799998791422695, False, 97.51994, 0.077760905, -0.00039629638, 0.6604889, 19.939873, 1.48861, 1.60503
1046, 189, -0.0011999999405816197, -0.025999998732004315, False, 97.39994, 0.14508124, -0.00038667023, -1.8768961, 19.951082, 1.4886068, 1.5427743
1046, 190, -0.0011999999405816197, -0.027199998672585934, False, 97.27994, 0.06081263, -0.00040599704, 1.0013161, 19.95555, 1.488611, 1.5514336
1046, 191, -0.0011999999405816197, -0.028399998613167554, False, 97.159935, 0.30663985, -0.00039833784, 3.3730483, 19.945166, 1.4886105, 1.7076502
1046, 192, -0.0011999999405816197, -0.029599998553749174, False, 97.03993, 0.030361246, -0.0003515929, 0.011308887, 19.944395, 1.4886109, 1.773043
1046, 193, -0.0011999999405816197, -0.030799998494330794, False, 96.91993, 0.021542698, -0.00040782988, 2.4915702, 19.938766, 1.4886099, 1.8738481
1046, 194, -0.0011999999405816197, -0.03199999843491241, False, 96.79993, 0.002859354, -0.0003760755, -0.6559608, 19.936417, 1.4886069, 1.8913901
1046, 195, -0.0011999999405816197, -0.03319999837549403, False, 96.679924, 0.10714502, -0.00038166344, 1.8825692, 19.936293, 1.4886096, 1.9547837
1046, 196, -0.0011999999405816197, -0.03439999831607565, False, 96.55992, 0.06817742, -0.00036887825, -0.9840376, 19.938522, 1.4886062, 1.9472646
1046, 197, -0.0011999999405816197, -0.03559999825665727, False, 96.43992, 0.08539013, -0.00040142238, 1.6784284, 19.937904, 1.4886093, 1.9979478
1046, 198, -0.0011999999405816197, -0.03679999819723889, False, 96.319916, 0.08198632, -0.00036343932, -1.166555, 19.94028, 1.4886061, 1.9790198
1046, 199, -0.0011999999405816197, -0.03799999813782051, False, 96.19991, 0.102202, -0.00038847327, 1.6209508, 19.94106, 1.4886091, 2.0262203
1046, 200, -0.0011999999405816197, -0.03919999807840213, False, 96.07991, 0.09590456, -0.00036503375, -1.2170392, 19.944265, 1.488606, 2.004141
1046, 201, -0.0011999999405816197, -0.04039999801898375, False, 95.95991, 0.11116574, -0.00038917363, 1.5758203, 19.945875, 1.4886088, 2.048587
1046, 202, -0.0011999999405816197, -0.04159999795956537, False, 95.839905, 0.1045084, -0.00036130846, -1.2567937, 19.949556, 1.4886057, 2.0240273
1046, 203, -0.0011999999405816197, -0.04279999790014699, False, 95.7199, 0.04367574, -0.00038675964, 1.5471383, 19.95405, 1.4886087, 2.0662913
1046, 204, -0.0011999999405816197, -0.04399999784072861, False, 95.5999, 0.34512186, -0.00038836896, 3.866668, 19.96028, 1.4886079, 2.25344
1046, 205, -0.0011999999405816197, -0.04519999778131023, False, 95.4799, 0.29338133, -0.00038284063, 5.988899, 19.95664, 1.4886061, 2.571761
1046, 206, -0.0011999999405816197, -0.04639999772189185, False, 95.35989, 0.25385052, -0.0003773719, 7.913444, 19.9421, 1.4886038, 3.00895
1046, 207, -0.0011999999405816197, -0.04759999766247347, False, 95.23989, 0.22167298, -0.00036925077, 9.658965, 19.917952, 1.4886009, 3.5539658
1046, 208, -0.0011999999405816197, -0.04879999760305509, False, 95.11989, 0.19467092, -0.00036217272, 11.242171, 19.885242, 1.4885969, 4.1967916
1046, 209, -0.0011999999405816197, -0.04999999754363671, False, 94.999886, 1.3970916, -0.00035010278, 12.598208, 19.842228, 1.4885918, 4.928085
1046, 210, -0.0011999999405816197, -0.05119999748421833, False, 94.87988, 2.5929127, -0.374091, 12.964341, 19.779362, 1.4773029, 5.725552
1046, 211, -0.0011999999405816197, -0.05239999742479995, False, 94.75988, 3.5681612, -0.891042, 11.448909, 19.718567, 1.4339553, 6.466634
1046, 212, -0.0011999999405816197, -0.05359999736538157, False, 94.63988, 4.304222, -1.359937, 9.989418, 19.663422, 1.3615336, 7.1388235
1046, 213, -0.0011999999405816197, -0.05479999730596319, False, 94.519875, 2.9355986, -1.785243, 9.419249, 19.613403, 1.2627409, 7.7485266
1046, 214, -0.0011999999405816197, -0.05599999724654481, False, 94.39987, 3.5411706, -2.1710122, 8.218495, 19.568035, 1.1400284, 8.301551
1046, 215, -0.0011999999405816197, -0.05719999718712643, False, 94.27987, 3.9735947, -2.5209198, 7.0779176, 19.526884, 0.99561965, 8.803165
1046, 216, -0.0011999999405816197, -0.05839999712770805, False, 94.15987, 2.169557, -0.00984408, 7.0949044, 19.468298, 0.98953617, 9.212846
1046, 217, -0.0011999999405816197, -0.05959999706828967, False, 94.03986, 1.8897066, -0.00014784932, 8.9204, 19.33865, 0.9894929, 9.709564
1046, 218, -0.0011999999405816197, -0.06079999700887129, False, 93.91986, 2.6554594, -0.00012467802, 10.353046, 19.145391, 0.98949987, 10.288767
1046, 219, -0.0011999999405816197, -0.06199999694945291, False, 93.79986, 2.3063943, -0.00019992888, 6.263912, 19.011055, 0.9895061, 10.747923
1046, 220, -0.0011999999405816197, -0.06319999689003453, False, 93.679855, 1.271146, -0.37394345, 8.568797, 18.862143, 0.9782264, 11.201868
1046, 221, -0.0011999999405816197, -0.06439999683061615, False, 93.55985, 2.1530437, -0.89090824, 10.413362, 18.643303, 0.93488705, 11.760013
1046, 222, -0.0011999999405816197, -0.06559999677119777, False, 93.43985, 0.9548888, -1.3598156, 9.597717, 18.416193, 0.862473, 12.31326
1046, 223, -0.0011999999405816197, -0.06679999671177939, False, 93.31985, 1.771353, -1.7851329, 8.567283, 18.210196, 0.76368695, 12.815077
1046, 224, -0.0011999999405816197, -0.067999996652361, False, 93.199844, 0.7856064, -2.1709123, 7.8962364, 18.023346, 0.64098054, 13.270244
1046, 225, -0.0011999999405816197, -0.06919999659294263, False, 93.07984, 1.4573281, -2.5208292, 7.048476, 17.853867, 0.49657744, 13.683098
1046, 226, -0.0011999999405816197, -0.07039999653352425, False, 92.95984, 0.3907044, -0.010523796, 6.7093134, 17.706497, 0.4900526, 14.019335
1046, 227, -0.0011999999405816197, -0.07159999647410586, False, 92.839836, 1.1340895, -8.583069e-05, 8.486256, 17.498938, 0.49000043, 14.449523
1046, 228, -0.0011999999405816197, -0.07279999641468748, False, 92.71983, 1.9532609, 0.0, 10.027967, 17.2254, 0.49000004, 14.961733
1046, 229, -0.0011999999405816197, -0.0739999963552691, False, 92.59983, 2.8211055, 0.0, 11.345223, 16.87876, 0.49000004, 15.538193
1046, 230, -0.0011999999405816197, -0.07519999629585072, False, 92.47983, 3.7137232, 0.0, 12.455643, 16.453846, 0.49000004, 16.16146
1046, 231, -0.0011999999405816197, -0.07639999623643234, False, 92.359825, 3.286295, 0.0, 13.789187, 15.948922, 0.49000004, 16.816683
1046, 232, -0.0011999999405816197, -0.07759999617701396, False, 92.23982, 4.365901, 0.0, 14.6158905, 15.3690195, 0.49000004, 17.497395
1046, 233, -0.0011999999405816197, -0.07879999611759558, False, 92.11982, 2.307716, 0.0, 16.075644, 14.716192, 0.49000004, 18.19391
1046, 234, -0.0011999999405816197, -0.0799999960581772, False, 91.99982, 0.35544395, 0.0, 17.193449, 14.005133, 0.49000004, 18.915335
1046, 235, -0.0011999999405816197, -0.08119999599875882, False, 91.879814, -1.4757786, 0.0, 18.017746, 13.252988, 0.49000004, 19.672804
1046, 236, -0.0011999999405816197, -0.08239999593934044, False, 91.75981, -3.1756206, 0.0, 18.591644, 12.476386, 0.49000004, 20.47489
1046, 237, -0.0011999999405816197, -0.08359999587992206, False, 91.63981, -4.737752, 0.0, 18.953798, 11.691393, 0.49000004, 21.327757
1046, 238, -0.0011999999405816197, -0.08479999582050368, False, 91.519806, -4.224458, 0.0, 19.680998, 10.911063, 0.49000004, 22.234152
1046, 239, -0.0011999999405816197, -0.0859999957610853, False, 91.3998, -5.774579, 0.0, 19.84058, 10.139095, 0.49000004, 23.191133
1046, 240, -0.0011999999405816197, -0.08719999570166692, False, 91.2798, -7.1673455, 0.0, 19.844604, 9.387926, 0.49000004, 24.199743
1046, 241, -0.0011999999405816197, -0.08839999564224854, False, 91.1598, -6.398056, 0.0, 20.497322, 8.669028, 0.49000004, 25.259739
1046, 242, -0.0011999999405816197, -0.08959999558283016, False, 91.039795, -7.786279, 0.0, 20.380152, 7.98373, 0.49000004, 26.367311
1046, 243, -0.0011999999405816197, -0.09079999552341178, False, 90.91979, -6.953889, 0.0, 20.984962, 7.340268, 0.49000004, 27.520378
1046, 244, -0.0011999999405816197, -0.0919999954639934, False, 90.79979, -8.328783, 0.0, 20.769436, 6.73915, 0.49000004, 28.7152
1046, 245, -0.0011999999405816197, -0.09319999540457502, False, 90.67979, -9.531465, 0.0, 20.452412, 6.190637, 0.49000004, 29.94912
1046, 246, -0.0011999999405816197, -0.09439999534515664, False, 90.559784, -10.160166, 0.0, 14.465869, 5.6940703, 0.49000004, 30.991806
1046, 247, -0.0011999999405816197, -0.09559999528573826, False, 90.43978, -10.529281, 0.0, 14.627557, 5.2653713, 0.49000004, 31.97693
1046, 248, -0.0011999999405816197, -0.09679999522631988, False, 90.31978, -7.735609, 0.0, 8.667841, 4.963984, 0.49000004, 32.732468
1046, 249, -0.0011999999405816197, -0.0979999951669015, False, 90.199776, -7.77386, 0.0, 9.642798, 4.7671165, 0.49000004, 33.432407
1046, 250, -0.0011999999405816197, -0.09919999510748312, False, 90.07977, -6.867868, 0.0, 11.283057, 4.6637096, 0.49000004, 34.200466
1046, 251, -0.0011999999405816197, -0.10039999504806474, False, 89.95977, -5.114488, 0.0, 6.7068233, 4.6086597, 0.49000004, 34.79071
1046, 252, -0.0011999999405816197, -0.10159999498864636, False, 89.83977, -5.248474, 0.0, 8.102282, 4.6269298, 0.49000004, 35.344593
1046, 253, -0.0011999999405816197, -0.10279999492922798, False, 89.719765, -5.5155973, 0.0, 9.338585, 4.7446456, 0.49000004, 35.96012
1046, 254, -0.0011999999405816197, -0.1039999948698096, False, 89.59976, -5.8810186, 0.0, 10.42381, 4.9631867, 0.49000004, 36.620533
1046, 255, -0.0011999999405816197, -0.10519999481039122, False, 89.47976, 0.2313284, 0.0, 0.27433512, 4.969812, 0.49000004, 36.501987
1046, 256, -0.0011999999405816197, -0.10639999475097284, False, 89.35976, 0.6376407, 1.4901161e-08, 0.7580319, 5.0142703, 0.49000004, 36.501007
1046, 257, -0.0011999999405816197, -0.10759999469155446, False, 89.23975, 1.021687, 0.0, 1.2163389, 5.0953193, 0.49000004, 36.500984
1046, 258, -0.0011999999405816197, -0.10879999463213608, False, 89.11975, 1.3794334, 0.0, 1.6426394, 5.210301, 0.49000004, 36.500977
1046, 259, -0.0011999999405816197, -0.1099999945727177, False, 88.99975, 1.7097849, 0.0, 2.036661, 5.3567786, 0.49000004, 36.500973
1046, 260, -0.0011999999405816197, -0.11119999451329932, False, 88.879745, 2.0136962, 0.0, 2.3984928, 5.532272, 0.49000004, 36.500973
1046, 261, -0.0011999999405816197, -0.11239999445388094, False, 88.75974, 1.8072276, 0.0, 4.362573, 5.770828, 0.49000004, 36.55188
1046, 262, -0.0011999999405816197, -0.11359999439446256, False, 88.63974, 1.3469577, 0.0, 2.4805648, 5.965262, 0.49000004, 36.61318
1046, 263, -0.0011999999405816197, -0.11479999433504418, False, 88.51974, 1.1255814, 0.0, 4.745811, 6.1838207, 0.49000004, 36.73648
1046, 264, -0.0011999999405816197, -0.1159999942756258, False, 88.399734, 0.9689409, 0.0, 2.760291, 6.3614545, 0.49000004, 36.85033
1046, 265, -0.0011999999405816197, -0.11719999421620741, False, 88.27973, 1.232422, 0.0, 4.8862658, 6.5575457, 0.49000004, 37.021744
1046, 266, -0.0011999999405816197, -0.11839999415678903, False, 88.15973, 0.43020427, 0.0, 3.0017493, 6.7150655, 0.49000004, 37.17303
1046, 267, -0.0011999999405816197, -0.11959999409737065, False, 88.03973, 0.36156845, 0.0, 5.205013, 6.8988857, 0.49000004, 37.371033
1046, 268, -0.0011999999405816197, -0.12079999403795227, False, 87.91972, -0.11139059, 0.0, 3.1483245, 7.0504165, 0.49000004, 37.539482
1046, 269, -0.0011999999405816197, -0.1219999939785339, False, 87.79972, -0.093809605, 0.0, 5.3367624, 7.2388244, 0.49000004, 37.74315
1046, 270, -0.0011999999405816197, -0.12319999391911551, False, 87.67972, -0.3939911, 0.0, 3.2055407, 7.3970785, 0.49000004, 37.912895
1046, 271, -0.0011999999405816197, -0.12439999385969713, False, 87.559715, -0.41319388, 0.0, 1.7887337, 7.489458, 0.49000004, 38.011986
1046, 272, -0.0011999999405816197, -0.12559999380027875, False, 87.43971, -0.29773983, 0.0, 0.864352, 7.5382795, 0.49000004, 38.064354
1046, 273, -0.0011999999405816197, -0.12679999374086037, False, 87.31971, -0.05083126, 0.0, -1.7748476, 7.4834394, 0.49000004, 38.04902
1046, 274, -0.0011999999405816197, -0.127999993681442, False, 87.19971, -0.05621165, 0.0, 1.0817951, 7.496185, 0.49000004, 38.053932
1046, 275, -0.0011999999405816197, -0.1291999936220236, False, 87.079704, -0.3108195, 0.0, 3.445768, 7.6509495, 0.49000004, 38.098633
1046, 276, -0.0011999999405816197, -0.13039999356260523, False, 86.9597, -0.3845805, 0.0, 1.9504299, 7.7918897, 0.49000004, 38.136806
1046, 277, -0.0011999999405816197, -0.13159999350318685, False, 86.8397, -0.2993121, 0.0, 0.9696548, 7.867726, 0.49000004, 38.15735
1046, 278, -0.0011999999405816197, -0.13279999344376847, False, 86.719696, -0.14599858, 0.0, 0.34139097, 7.9005136, 0.49000004, 38.16623
1046, 279, -0.0011999999405816197, -0.1339999933843501, False, 86.59969, 0.039291948, 0.0, -2.1797767, 7.821298, 0.49000004, 38.186268
1046, 280, -0.0011999999405816197, -0.1351999933249317, False, 86.47969, -2.9802322e-08, 0.0, 0.85404706, 7.817748, 0.49000004, 38.186443
1046, 281, -0.0011999999405816197, -0.13639999326551333, False, 86.35969, 4.172325e-07, 0.0, 3.2556808, 7.961691, 0.49000004, 38.150555
1046, 282, -0.0011999999405816197, -0.13759999320609495, False, 86.239685, 1.4901161e-07, 0.0, 1.8530408, 8.094296, 0.49000004, 38.117493
1046, 283, -0.0011999999405816197, -0.13879999314667657, False, 86.11968, 0.09674908, 0.0, 0.9205004, 8.16453, 0.49000004, 38.099983
1046, 284, -0.0011999999405816197, -0.1399999930872582, False, 85.99968, -0.08174342, 0.0, -1.683101, 8.113749, 0.49000004, 38.104393
1046, 285, -0.0011999999405816197, -0.1411999930278398, False, 85.87968, 0.0457443, 0.0, -0.81322783, 8.049287, 0.49000004, 38.109787
1046, 286, -0.0011999999405816197, -0.14239999296842143, False, 85.759674, -0.20567852, 0.0, -3.211999, 7.904042, 0.49000004, 38.12529
1046, 287, -0.0011999999405816197, -0.14359999290900305, False, 85.63967, 0.0745327, 0.0, -1.8269873, 7.7697363, 0.49000004, 38.13861
1046, 288, -0.0011999999405816197, -0.14479999284958467, False, 85.51967, 0.032994717, 0.0, 1.0391554, 7.780127, 0.49000004, 38.134468
1046, 289, -0.0011999999405816197, -0.1459999927901663, False, 85.399666, -0.028272547, 0.0, 0.3867185, 7.8147216, 0.49000004, 38.12848
1046, 290, -0.0011999999405816197, -0.1471999927307479, False, 85.27966, 8.075679e-10, 0.0, 7.637306e-09, 7.820742, 0.49000004, 38.127438
1046, 291, -0.0011999999405816197, -0.14839999267132953, False, 85.15966, -3.3912248e-31, 0.0, -1.5905276e-30, 7.820742, 0.49000004, 38.127438
1046, 292, -0.0011999999405816197, -0.14959999261191115, False, 85.03966, 0.0, 0.0, 0.0, 7.820742, 0.49000004, 38.127438
1046, 293, -0.0011999999405816197, -0.15079999255249277, False, 84.919655, 0.0, 0.0, 0.0, 7.820742, 0.49000004, 38.127438
1046, 294, -0.0011999999405816197, -0.1519999924930744, False, 84.79965, 0.0, 0.0, 2.4810271, 7.918079, 0.49000004, 38.10317
1046, 295, -0.0011999999405816197, -0.153199992433656, False, 84.67965, 0.14015412, 0.0, 1.3334706, 8.016237, 0.49000004, 38.078693
1046, 296, -0.0011999999405816197, -0.15439999237423763, False, 84.55965, 0.122017816, 0.0, 0.5740472, 8.063694, 0.49000004, 38.066864
1046, 297, -0.0011999999405816197, -0.15559999231481925, False, 84.439644, 0.06989205, 0.0, -1.9647881, 7.995274, 0.49000004, 38.06459
1046, 298, -0.0011999999405816197, -0.15679999225540087, False, 84.31964, 0.13985749, 0.0, -0.9904581, 7.9177117, 0.49000004, 38.064545
1046, 299, -0.0011999999405816197, -0.15799999219598249, False, 84.19964, 0.012858417, 0.0, -0.36147246, 7.884408, 0.49000004, 38.06452
1046, 300, -0.0011999999405816197, -0.1591999921365641, False, 84.079636, 0.0, 0.0, 0.0, 7.8791504, 0.49000004, 38.064518
1046, 301, -0.0011999999405816197, -0.16039999207714573, False, 83.95963, 0.16571885, 0.0, -2.4744322, 7.780226, 0.49000004, 38.080956
1046, 302, -0.0011999999405816197, -0.16159999201772735, False, 83.83963, 0.07806377, 0.0, 0.6604171, 7.762096, 0.49000004, 38.078873
1046, 303, -0.0011999999405816197, -0.16279999195830896, False, 83.71963, 0.060451448, 0.0, 3.0802352, 7.8945355, 0.49000004, 38.04183
1046, 304, -0.0011999999405816197, -0.16399999189889058, False, 83.599625, 0.21548092, 0.0, 1.724008, 8.01873, 0.49000004, 38.00826
1046, 305, -0.0011999999405816197, -0.1651999918394722, False, 83.47962, 0.19280592, 0.0, 0.826941, 8.083492, 0.49000004, 37.990753
1046, 306, -0.0011999999405816197, -0.16639999178005382, False, 83.35962, -0.014475353, 0.0, -1.7730705, 8.027271, 0.49000004, 37.98489
1046, 307, -0.0011999999405816197, -0.16759999172063544, False, 83.23962, 0.08413691, 0.0, -0.86866623, 7.95868, 0.49000004, 37.980656
1046, 308, -0.0011999999405816197, -0.16879999166121706, False, 83.11961, 0.31218284, 0.0, -3.2513177, 7.809603, 0.49000004, 37.984158
1046, 309, -0.0011999999405816197, -0.16999999160179868, False, 82.99961, 0.17777874, 0.0, -1.8515279, 7.6725855, 0.49000004, 37.990177
1046, 310, -0.0011999999405816197, -0.1711999915423803, False, 82.87961, 0.07985039, 0.0, 1.0256224, 7.681394, 0.49000004, 37.98247
1046, 311, -0.0011999999405816197, -0.17239999148296192, False, 82.759605, 0.06328809, 0.0, 3.4114456, 7.837295, 0.49000004, 37.956444
1046, 312, -0.0011999999405816197, -0.17359999142354354, False, 82.6396, 0.045080278, 0.0, 0.01557013, 7.9023185, 0.49000004, 37.943607
1046, 313, -0.0011999999405816197, -0.17479999136412516, False, 82.5196, 0.0, 0.0, 0.0, 7.9023204, 0.49000004, 37.9436
1046, 314, -0.0011999999405816197, -0.17599999130470678, False, 82.3996, 0.0, 0.0, 0.0, 7.9023204, 0.49000004, 37.9436
1046, 315, -0.0011999999405816197, -0.1771999912452884, False, 82.279594, 0.16571914, 0.0, -2.4744325, 7.8022203, 0.49000004, 37.949604
1046, 316, -0.0011999999405816197, -0.17839999118587002, False, 82.15959, 0.07806395, 0.0, 0.66041684, 7.784407, 0.49000004, 37.94564
1046, 317, -0.0011999999405816197, -0.17959999112645164, False, 82.03959, 0.060451537, 0.0, 3.0802345, 7.9199944, 0.49000004, 37.92264
1046, 318, -0.0011999999405816197, -0.18079999106703326, False, 81.919586, 0.034091562, 0.0, 1.737088, 8.047017, 0.49000004, 37.902237
1046, 319, -0.0011999999405816197, -0.18199999100761488, False, 81.79958, -0.018297896, 0.0, -1.1219393, 8.030851, 0.49000004, 37.901077
1046, 320, -0.0011999999405816197, -0.1831999909481965, False, 81.67958, 0.03904874, 0.0, -0.44051507, 7.9920173, 0.49000004, 37.90307
1046, 321, -0.0011999999405816197, -0.18439999088877812, False, 81.55958, -0.1770392, 0.0, -2.8751042, 7.867585, 0.49000004, 37.91605
1046, 322, -0.0011999999405816197, -0.18559999082935974, False, 81.439575, 0.06934793, 0.0, -1.6034937, 7.748667, 0.49000004, 37.92755
1046, 323, -0.0011999999405816197, -0.18679999076994136, False, 81.31957, 0.03616388, 0.0, 1.240072, 7.771431, 0.49000004, 37.921703
1046, 324, -0.0011999999405816197, -0.18799999071052298, False, 81.19957, 0.069487825, 0.0, 0.5159471, 7.815118, 0.49000004, 37.914257
1046, 325, -0.0011999999405816197, -0.1891999906511046, False, 81.07957, 0.0012978604, 0.0, 0.044503924, 7.8262773, 0.49000004, 37.912357
1046, 326, -0.0011999999405816197, -0.19039999059168622, False, 80.959564, 0.00093722343, 0.0, 2.5213943, 7.928087, 0.49000004, 37.897987
1046, 327, -0.0011999999405816197, -0.19159999053226784, False, 80.83956, 0.0005082786, 0.0, 1.3675077, 8.030092, 0.49000004, 37.883614
1046, 328, -0.0011999999405816197, -0.19279999047284946, False, 80.71956, 0.06341332, 0.0, 0.60118616, 8.079735, 0.49000004, 37.87662
1046, 329, -0.0011999999405816197, -0.19399999041343108, False, 80.599556, -0.07616604, 0.0, -1.9372267, 8.013079, 0.49000004, 37.874165
1046, 330, -0.0011999999405816197, -0.1951999903540127, False, 80.47955, 0.06421455, 0.0, -0.9801257, 7.936804, 0.49000004, 37.871838
1046, 331, -0.0011999999405816197, -0.19639999029459432, False, 80.35955, 0.050767466, 0.0, -3.3701324, 7.7813396, 0.49000004, 37.874
1046, 332, -0.0011999999405816197, -0.19759999023517594, False, 80.23955, 0.23050587, 0.0, -1.9151514, 7.6394405, 0.49000004, 37.87682
1046, 333, -0.0011999999405816197, -0.19879999017575756, False, 80.119545, 0.09917346, 0.0, 0.9818677, 7.644996, 0.49000004, 37.867786
1046, 334, -0.0011999999405816197, -0.19999999011633918, False, 79.99954, 0.035456873, 0.0, 0.3510412, 7.676745, 0.49000004, 37.860004
1046, 335, -0.0011999999405816197, -0.2011999900569208, False, 79.87954, 8.007325e-10, 0.0, 3.755526e-09, 7.6815696, 0.49000004, 37.858826
1046, 336, -0.0011999999405816197, -0.20239998999750242, False, 79.75954, -8.5504883e-32, 0.0, -8.086312e-31, 7.6815696, 0.49000004, 37.858826
1046, 337, -0.0011999999405816197, -0.20359998993808404, False, 79.639534, 0.0, 0.0, 0.0, 7.6815696, 0.49000004, 37.858826
1046, 338, -0.0011999999405816197, -0.20479998987866566, False, 79.51953, 0.0, 0.0, 0.0, 7.6815696, 0.49000004, 37.858826
1046, 339, -0.0011999999405816197, -0.20599998981924728, False, 79.39953, 0.0, 0.0, 0.0, 7.6815696, 0.49000004, 37.858826
1046, 340, -0.0011999999405816197, -0.2071999897598289, False, 79.279526, 0.0, 0.0, 0.0, 7.6815696, 0.49000004, 37.858826
1046, 341, -0.0011999999405816197, -0.20839998970041052, False, 79.15952, 0.0, 0.0, 0.0, 7.6815696, 0.49000004, 37.858826
1046, 342, -0.0011999999405816197, -0.20959998964099213, False, 79.03952, 0.0, 0.0, 0.0, 7.6815696, 0.49000004, 37.858826
1046, 343, -0.0011999999405816197, -0.21079998958157375, False, 78.91952, -0.16571914, 0.0, 2.4744325, 7.7816696, 0.49000004, 37.85282
1046, 344, -0.0011999999405816197, -0.21199998952215537, False, 78.799515, -0.22882774, 0.0, 1.3204393, 7.882518, 0.49000004, 37.84547
1046, 345, -0.0011999999405816197, -0.213199989462737, False, 78.67951, -0.039185524, 0.0, 0.58510107, 7.9312663, 0.49000004, 37.84192
1046, 346, -0.0011999999405816197, -0.2143999894033186, False, 78.55951, 0.003331169, 0.0, 0.087973036, 7.9455647, 0.49000004, 37.840878
1046, 347, -0.0011999999405816197, -0.21559998934390023, False, 78.43951, 2.0457072e-24, 0.0, -2.6442419e-23, 7.945577, 0.49000004, 37.840878
1046, 348, -0.0011999999405816197, -0.21679998928448185, False, 78.3195, 0.0, 0.0, 0.0, 7.945577, 0.49000004, 37.840878
1046, 349, -0.0011999999405816197, -0.21799998922506347, False, 78.1995, -0.16571909, 0.0, -2.4744322, 7.845955, 0.49000004, 37.852345
1046, 350, -0.0011999999405816197, -0.2191999891656451, False, 78.0795, 0.05070758, 0.0, -1.3391601, 7.7453628, 0.49000004, 37.862617
1046, 351, -0.0011999999405816197, -0.2203999891062267, False, 77.959496, -0.039185707, 0.0, -0.58510077, 7.696738, 0.49000004, 37.86758
1046, 352, -0.0011999999405816197, -0.22159998904680833, False, 77.83949, 0.003331107, 0.0, -0.087972835, 7.682476, 0.49000004, 37.869038
1046, 353, -0.0011999999405816197, -0.22279998898738995, False, 77.71949, 0.0023450851, 0.0, 2.4012332, 7.7768955, 0.49000004, 37.855614
1046, 354, -0.0011999999405816197, -0.22399998892797157, False, 77.59949, 0.13588934, 0.0, 1.2808657, 7.8734403, 0.49000004, 37.841953
1046, 355, -0.0011999999405816197, -0.2251999888685532, False, 77.479485, 0.058234192, 0.0, 0.54890364, 7.9194727, 0.49000004, 37.835434
1046, 356, -0.0011999999405816197, -0.2263999888091348, False, 77.35948, 0.013633041, 0.0, 0.06383173, 7.9321055, 0.49000004, 37.833645
1046, 357, -0.0011999999405816197, -0.22759998874971643, False, 77.23948, 2.3828433e-24, 0.0, 2.6569138e-23, 7.9321146, 0.49000004, 37.833645
1046, 358, -0.0011999999405816197, -0.22879998869029805, False, 77.11948, 0.16571882, 0.0, -2.474432, 7.832015, 0.49000004, 37.83965
1046, 359, -0.0011999999405816197, -0.22999998863087967, False, 76.99947, 0.08955057, 0.0, -1.3371245, 7.731167, 0.49000004, 37.847
1046, 360, -0.0011999999405816197, -0.2311999885714613, False, 76.87947, -0.022188786, 0.0, -0.5859917, 7.6824183, 0.49000004, 37.85055
1046, 361, -0.0011999999405816197, -0.2323999885120429, False, 76.75947, 0.00588281, 0.0, -0.087839216, 7.66812, 0.49000004, 37.851593
1046, 362, -0.0011999999405816197, -0.23359998845262453, False, 76.639465, 0.00414142, 0.0, 2.4013565, 7.762531, 0.49000004, 37.838047
1046, 363, -0.0011999999405816197, -0.23479998839320615, False, 76.51946, 0.0022215992, 0.0, 1.2881353, 7.8590713, 0.49000004, 37.82431
1046, 364, -0.0011999999405816197, -0.23599998833378777, False, 76.39946, 0.05865065, 0.0, 0.54891455, 7.9051027, 0.49000004, 37.817757
1046, 365, -0.0011999999405816197, -0.2371999882743694, False, 76.27946, 0.00011263322, 0.0, 0.06530757, 7.9177365, 0.49000004, 37.81596
1046, 366, -0.0011999999405816197, -0.238399988214951, False, 76.159454, 7.969141e-05, 0.0, -2.4217906, 7.8220325, 0.49000004, 37.829407
1046, 367, -0.0011999999405816197, -0.23959998815553263, False, 76.03945, 4.2706728e-05, 0.0, -1.3016462, 7.724541, 0.49000004, 37.843105
1046, 368, -0.0011999999405816197, -0.24079998809611425, False, 75.91945, 1.8410385e-05, 0.0, -0.5609716, 7.6778855, 0.49000004, 37.84966
1046, 369, -0.0011999999405816197, -0.24199998803669587, False, 75.799446, 1.0550022e-05, 0.0, 1.972204, 7.745983, 0.49000004, 37.840088
1046, 370, -0.0011999999405816197, -0.2431999879772775, False, 75.67944, 5.3346157e-06, 0.0, 1.0043654, 7.82307, 0.49000004, 37.82925
1046, 371, -0.0011999999405816197, -0.2443999879178591, False, 75.55944, 0.03809216, 0.0, 0.36240387, 7.8562346, 0.49000004, 37.82459
1046, 372, -0.0011999999405816197, -0.24559998785844073, False, 75.43944, 1.4487599e-09, 0.0, 7.367471e-09, 7.8615284, 0.49000004, 37.823845
1046, 373, -0.0011999999405816197, -0.24679998779902235, False, 75.319435, -1.4202853e-31, 0.0, -1.583644e-30, 7.8615284, 0.49000004, 37.823845
1046, 374, -0.0011999999405816197, -0.24799998773960397, False, 75.19943, 0.0, 0.0, 0.0, 7.8615284, 0.49000004, 37.823845
1046, 375, -0.0011999999405816197, -0.2491999876801856, False, 75.07943, 0.0, 0.0, 0.0, 7.8615284, 0.49000004, 37.823845
1046, 376, -0.0011999999405816197, -0.2503999876207672, False, 74.95943, 0.0, 0.0, 0.0, 7.8615284, 0.49000004, 37.823845
1046, 377, -0.0011999999405816197, -0.2515999875613488, False, 74.839424, 0.0, 0.0, 0.0, 7.8615284, 0.49000004, 37.823845
1046, 378, -0.0011999999405816197, -0.25279998750193045, False, 74.71942, 0.0, 0.0, 0.0, 7.8615284, 0.49000004, 37.823845
1046, 379, -0.0011999999405816197, -0.25399998744251207, False, 74.59942, -2.9802322e-08, 0.0, 2.4810274, 7.960869, 0.49000004, 37.809887
1046, 380, -0.0011999999405816197, -0.2551999873830937, False, 74.479416, 0.14015347, 0.0, 1.3334703, 8.061048, 0.49000004, 37.79581
1046, 381, -0.0011999999405816197, -0.2563999873236753, False, 74.35941, 2.2351742e-08, 0.0, 0.58687145, 8.109481, 0.49000004, 37.789005
1046, 382, -0.0011999999405816197, -0.2575999872642569, False, 74.23941, -0.11205162, 0.0, -1.9448923, 8.04255, 0.49000004, 37.795937
1046, 383, -0.0011999999405816197, -0.25879998720483854, False, 74.11941, 0.046607487, 0.0, -0.9873392, 7.966137, 0.49000004, 37.80302
1046, 384, -0.0011999999405816197, -0.25999998714542016, False, 73.999405, -0.020353831, 0.0, -0.35328302, 7.933516, 0.49000004, 37.806046
1046, 385, -0.0011999999405816197, -0.2611999870860018, False, 73.8794, 5.734263e-11, 0.0, -3.7538435e-09, 7.928536, 0.49000004, 37.806507
1046, 386, -0.0011999999405816197, -0.2623999870265834, False, 73.7594, 7.1014264e-32, 0.0, 7.91822e-31, 7.928536, 0.49000004, 37.806507
1046, 387, -0.0011999999405816197, -0.263599986967165, False, 73.6394, 0.0, 0.0, 0.0, 7.928536, 0.49000004, 37.806507
1046, 388, -0.0011999999405816197, -0.26479998690774664, False, 73.519394, 0.0, 0.0, 0.0, 7.928536, 0.49000004, 37.806507
1046, 389, -0.0011999999405816197, -0.26599998684832826, False, 73.39939, 0.0, 0.0, 0.0, 7.928536, 0.49000004, 37.806507
1046, 390, -0.0011999999405816197, -0.2671999867889099, False, 73.27939, -0.16571903, 0.0, -2.4744325, 7.8289137, 0.49000004, 37.817974
1046, 391, -0.0011999999405816197, -0.2683999867294915, False, 73.159386, 0.050707594, 0.0, -1.3391603, 7.7283216, 0.49000004, 37.828247
1046, 392, -0.0011999999405816197, -0.2695999866700731, False, 73.03938, 0.023839131, 0.0, 1.4788438, 7.7658935, 0.49000004, 37.821297
1046, 393, -0.0011999999405816197, -0.27079998661065474, False, 72.91938, 0.010932364, 0.0, 0.67817926, 7.8204684, 0.49000004, 37.812725
1046, 394, -0.0011999999405816197, -0.27199998655123636, False, 72.79938, 0.017933907, 0.0, 0.147689, 7.83879, 0.49000004, 37.80985
1046, 395, -0.0011999999405816197, -0.273199986491818, False, 72.679375, -7.725834e-18, 0.0, 5.4970896e-17, 7.839102, 0.49000004, 37.8098
1046, 396, -0.0011999999405816197, -0.2743999864323996, False, 72.55937, 4.10278e-40, 0.0, -1.1747783e-38, 7.839102, 0.49000004, 37.8098
1046, 397, -0.0011999999405816197, -0.2755999863729812, False, 72.43937, 0.0, 0.0, 0.0, 7.839102, 0.49000004, 37.8098
1046, 398, -0.0011999999405816197, -0.27679998631356284, False, 72.31937, 0.0, 0.0, 0.0, 7.839102, 0.49000004, 37.8098
1046, 399, -0.0011999999405816197, -0.27799998625414446, False, 72.19936, 0.0, 0.0, 0.0, 7.839102, 0.49000004, 37.8098
1046, 400, -0.0011999999405816197, -0.2791999861947261, False, 72.07936, 0.0, 0.0, 0.0, 7.839102, 0.49000004, 37.8098
1046, 401, -0.0011999999405816197, -0.2803999861353077, False, 71.95936, 0.0, 0.0, 0.0, 7.839102, 0.49000004, 37.8098
1046, 402, -0.0011999999405816197, -0.2815999860758893, False, 71.839355, 0.0, 0.0, 0.0, 7.839102, 0.49000004, 37.8098
1046, 403, -0.0011999999405816197, -0.28279998601647094, False, 71.71935, -0.16571943, 0.0, -2.4744327, 7.7388268, 0.49000004, 37.81079
1046, 404, -0.0011999999405816197, -0.28399998595705256, False, 71.59935, 0.05070771, 0.0, -1.3391601, 7.637712, 0.49000004, 37.81049
1046, 405, -0.0011999999405816197, -0.2851999858976342, False, 71.47935, -0.042585567, 0.0, 1.4801953, 7.675671, 0.49000004, 37.805164
1046, 406, -0.0011999999405816197, -0.2863999858382158, False, 71.359344, -0.019539572, 0.0, 0.67915785, 7.7306566, 0.49000004, 37.799046
1046, 407, -0.0011999999405816197, -0.2875999857787974, False, 71.23934, 0.011348411, 0.0, 0.14911735, 7.749142, 0.49000004, 37.79699
1046, 408, -0.0011999999405816197, -0.28879998571937904, False, 71.11934, 0.0, 0.0, 0.0, 7.7494693, 0.49000004, 37.796955
1046, 409, -0.0011999999405816197, -0.28999998565996066, False, 70.99934, 0.0, 0.0, 0.0, 7.7494693, 0.49000004, 37.796955
1046, 410, -0.0011999999405816197, -0.2911999856005423, False, 70.87933, 0.0, 0.0, 0.0, 7.7494693, 0.49000004, 37.796955
1046, 411, -0.0011999999405816197, -0.2923999855411239, False, 70.75933, 0.0, 0.0, 0.0, 7.7494693, 0.49000004, 37.796955
1046, 412, -0.0011999999405816197, -0.2935999854817055, False, 70.63933, 0.0, 0.0, 0.0, 7.7494693, 0.49000004, 37.796955
1046, 413, -0.0011999999405816197, -0.29479998542228714, False, 70.519325, 0.0, 0.0, 0.0, 7.7494693, 0.49000004, 37.796955
1046, 414, -0.0011999999405816197, -0.29599998536286876, False, 70.39932, 0.0, 0.0, 0.0, 7.7494693, 0.49000004, 37.796955
1046, 415, -0.0011999999405816197, -0.2971999853034504, False, 70.27932, 0.0, 0.0, 0.0, 7.7494693, 0.49000004, 37.796955
1046, 416, -0.0011999999405816197, -0.298399985244032, False, 70.15932, 0.0, 0.0, 0.0, 7.7494693, 0.49000004, 37.796955
1046, 417, -0.0011999999405816197, -0.2995999851846136, False, 70.039314, 0.0, 0.0, 0.0, 7.7494693, 0.49000004, 37.796955
1046, 418, -0.0011999999405816197, -0.30079998512519524, False, 69.91931, 0.0, 0.0, 0.0, 7.7494693, 0.49000004, 37.796955
1046, 419, -0.0011999999405816197, -0.30199998506577685, False, 69.79931, 0.0, 0.0, 0.0, 7.7494693, 0.49000004, 37.796955
1046, 420, -0.0011999999405816197, -0.3031999850063585, False, 69.679306, -2.9802322e-08, 0.0, 2.4810274, 7.8488097, 0.49000004, 37.782997
1046, 421, -0.0011999999405816197, -0.3043999849469401, False, 69.5593, 1.4901161e-08, 0.0, 1.3408154, 7.948989, 0.49000004, 37.76892
1046, 422, -0.0011999999405816197, -0.3055999848875217, False, 69.4393, -0.06625128, 0.0, -1.4769588, 7.9109464, 0.49000004, 37.771896
1046, 423, -0.0011999999405816197, -0.30679998482810333, False, 69.3193, 0.040576056, 0.0, -0.6766605, 7.855905, 0.49000004, 37.776295
1046, 424, -0.0011999999405816197, -0.30799998476868495, False, 69.199295, -0.0066551687, 0.0, -0.14836593, 7.837436, 0.49000004, 37.77777
1046, 425, -0.0011999999405816197, -0.3091999847092666, False, 69.07929, -8.544718e-19, 0.0, 5.5936626e-17, 7.8371267, 0.49000004, 37.777794
1046, 426, -0.0011999999405816197, -0.3103999846498482, False, 68.95929, 4.10278e-40, 0.0, -1.1747783e-38, 7.8371267, 0.49000004, 37.777794
1046, 427, -0.0011999999405816197, -0.3115999845904298, False, 68.83929, 0.0, 0.0, 0.0, 7.8371267, 0.49000004, 37.777794
1046, 428, -0.0011999999405816197, -0.31279998453101143, False, 68.719284, 0.0, 0.0, 0.0, 7.8371267, 0.49000004, 37.777794
1046, 429, -0.0011999999405816197, -0.31399998447159305, False, 68.59928, 0.0, 0.0, 0.0, 7.8371267, 0.49000004, 37.777794
1046, 430, -0.0011999999405816197, -0.31519998441217467, False, 68.47928, -0.16571903, 0.0, -2.4744325, 7.7375045, 0.49000004, 37.78926
1046, 431, -0.0011999999405816197, -0.3163999843527563, False, 68.359276, 0.050707594, 0.0, -1.3391603, 7.6369123, 0.49000004, 37.799534
1046, 432, -0.0011999999405816197, -0.3175999842933379, False, 68.23927, 0.023839131, 0.0, 1.4788438, 7.6744843, 0.49000004, 37.792583
1046, 433, -0.0011999999405816197, -0.31879998423391953, False, 68.11927, 0.010932364, 0.0, 0.67817926, 7.729059, 0.49000004, 37.78401
1046, 434, -0.0011999999405816197, -0.31999998417450115, False, 67.99927, 0.005346, 0.0, -1.8659557, 7.6674356, 0.49000004, 37.79231
1046, 435, -0.0011999999405816197, -0.32119998411508277, False, 67.879265, 0.0026762486, 0.0, -0.93411213, 7.595141, 0.49000004, 37.80226
1046, 436, -0.0011999999405816197, -0.3223999840556644, False, 67.75926, -4.4703484e-08, 0.0, 1.6807647, 7.645354, 0.49000004, 37.795208
1046, 437, -0.0011999999405816197, -0.323599983996246, False, 67.63926, 0.08484129, 0.0, 0.80721045, 7.709215, 0.49000004, 37.786236
1046, 438, -0.0011999999405816197, -0.32479998393682763, False, 67.51926, -1.1175871e-08, 0.0, 0.23697518, 7.7336345, 0.49000004, 37.782803
1046, 439, -0.0011999999405816197, -0.32599998387740925, False, 67.399254, 3.9977477e-17, 0.0, 4.4575617e-16, 7.7354794, 0.49000004, 37.782547
1046, 440, -0.0011999999405816197, -0.32719998381799087, False, 67.27925, 1.447532e-39, 0.0, -9.476033e-38, 7.7354794, 0.49000004, 37.782547
1046, 441, -0.0011999999405816197, -0.3283999837585725, False, 67.15925, 0.0, 0.0, 0.0, 7.7354794, 0.49000004, 37.782547
1046, 442, -0.0011999999405816197, -0.3295999836991541, False, 67.039246, 0.0, 0.0, 0.0, 7.7354794, 0.49000004, 37.782547
1046, 443, -0.0011999999405816197, -0.33079998363973573, False, 66.91924, 0.0, 0.0, 0.0, 7.7354794, 0.49000004, 37.782547
1046, 444, -0.0011999999405816197, -0.33199998358031735, False, 66.79924, 0.0, 0.0, 0.0, 7.7354794, 0.49000004, 37.782547
1046, 445, -0.0011999999405816197, -0.33319998352089897, False, 66.67924, 0.0, 0.0, 0.0, 7.7354794, 0.49000004, 37.782547
1046, 446, -0.0011999999405816197, -0.3343999834614806, False, 66.559235, 0.0, 0.0, 0.0, 7.7354794, 0.49000004, 37.782547
1046, 447, -0.0011999999405816197, -0.3355999834020622, False, 66.43923, 0.0, 0.0, 0.0, 7.7354794, 0.49000004, 37.782547
1046, 448, -0.0011999999405816197, -0.3367999833426438, False, 66.31923, 0.0, 0.0, 0.0, 7.7354794, 0.49000004, 37.782547
1046, 449, -0.0011999999405816197, -0.33799998328322545, False, 66.19923, 0.16571882, 0.0, -2.474432, 7.63538, 0.49000004, 37.78855
1046, 450, -0.0011999999405816197, -0.33919998322380707, False, 66.07922, 0.07806383, 0.0, 0.6604172, 7.6175666, 0.49000004, 37.784588
1046, 451, -0.0011999999405816197, -0.3403999831643887, False, 65.95922, 0.016435415, 0.0, 0.13904293, 7.6349144, 0.49000004, 37.78002
1046, 452, -0.0011999999405816197, -0.3415999831049703, False, 65.83922, -1.3869333e-17, 0.0, -4.843705e-19, 7.6350703, 0.49000004, 37.77998
1046, 453, -0.0011999999405816197, -0.3427999830455519, False, 65.719215, 0.0, 0.0, 0.0, 7.6350703, 0.49000004, 37.77998
1046, 454, -0.0011999999405816197, -0.34399998298613355, False, 65.59921, -2.9802322e-08, 0.0, 2.4810274, 7.734411, 0.49000004, 37.76602
1046, 455, -0.0011999999405816197, -0.34519998292671517, False, 65.47921, 1.4901161e-08, 0.0, 1.3408154, 7.83459, 0.49000004, 37.751945
1046, 456, -0.0011999999405816197, -0.3463999828672968, False, 65.35921, 0.06134481, 0.0, 0.5836565, 7.8830237, 0.49000004, 37.74514
1046, 457, -0.0011999999405816197, -0.3475999828078784, False, 65.239204, 0.0, 0.0, 0.088340014, 7.897241, 0.49000004, 37.743145
1046, 458, -0.0011999999405816197, -0.34879998274846, False, 65.1192, 0.0, 0.0, 0.0, 7.8972535, 0.49000004, 37.743145
1046, 459, -0.0011999999405816197, -0.34999998268904164, False, 64.9992, 0.0, 0.0, 0.0, 7.8972535, 0.49000004, 37.743145
1046, 460, -0.0011999999405816197, -0.35119998262962326, False, 64.879196, 0.0, 0.0, 0.0, 7.8972535, 0.49000004, 37.743145
1046, 461, -0.0011999999405816197, -0.3523999825702049, False, 64.75919, 0.0, 0.0, 0.0, 7.8972535, 0.49000004, 37.743145
1046, 462, -0.0011999999405816197, -0.3535999825107865, False, 64.63919, 0.0, 0.0, 0.0, 7.8972535, 0.49000004, 37.743145
1046, 463, -0.0011999999405816197, -0.3547999824513681, False, 64.51919, -0.16571903, 0.0, -2.4744325, 7.7976313, 0.49000004, 37.754612
1046, 464, -0.0011999999405816197, -0.35599998239194974, False, 64.399185, -0.08955069, 0.0, -1.3371246, 7.697039, 0.49000004, 37.764885
1046, 465, -0.0011999999405816197, -0.35719998233253136, False, 64.27918, 0.022188708, 0.0, -0.5859918, 7.648414, 0.49000004, 37.769848
1046, 466, -0.0011999999405816197, -0.358399982273113, False, 64.15918, -0.0058828266, 0.0, -0.08783929, 7.6341524, 0.49000004, 37.771305
1046, 467, -0.0011999999405816197, -0.3595999822136946, False, 64.03918, 0.0, 0.0, 0.0, 7.63414, 0.49000004, 37.771305
1046, 468, -0.0011999999405816197, -0.3607999821542762, False, 63.919174, 0.0, 0.0, 0.0, 7.63414, 0.49000004, 37.771305
1046, 469, -0.0011999999405816197, -0.36199998209485784, False, 63.79917, 0.0, 0.0, 0.0, 7.63414, 0.49000004, 37.771305
1046, 470, -0.0011999999405816197, -0.36319998203543946, False, 63.67917, 0.0, 0.0, 0.0, 7.63414, 0.49000004, 37.771305
1046, 471, -0.0011999999405816197, -0.3643999819760211, False, 63.559166, 0.0, 0.0, 0.0, 7.63414, 0.49000004, 37.771305
1046, 472, -0.0011999999405816197, -0.3655999819166027, False, 63.439163, 0.0, 0.0, 0.0, 7.63414, 0.49000004, 37.771305
1046, 473, -0.0011999999405816197, -0.3667999818571843, False, 63.31916, 0.0, 0.0, 0.0, 7.63414, 0.49000004, 37.771305
1046, 474, -0.0011999999405816197, -0.36799998179776594, False, 63.199158, 0.0, 0.0, 0.0, 7.63414, 0.49000004, 37.771305
1046, 475, -0.0011999999405816197, -0.36919998173834756, False, 63.079155, 0.0, 0.0, 0.0, 7.63414, 0.49000004, 37.771305
1046, 476, -0.0011999999405816197, -0.3703999816789292, False, 62.959152, -2.9802322e-08, 0.0, 2.4810274, 7.7334805, 0.49000004, 37.757347
1046, 477, -0.0011999999405816197, -0.3715999816195108, False, 62.83915, 0.005777348, 0.0, -0.66621184, 7.7501345, 0.49000004, 37.75305
1046, 478, -0.0011999999405816197, -0.3727999815600924, False, 62.719147, 0.01593349, 0.0, -0.13991463, 7.732146, 0.49000004, 37.75352
1046, 479, -0.0011999999405816197, -0.37399998150067404, False, 62.599144, -1.0706486e-18, 0.0, 5.5507604e-17, 7.73197, 0.49000004, 37.753525
1046, 480, -0.0011999999405816197, -0.37519998144125566, False, 62.47914, 1.636009e-39, 0.0, -1.164054e-38, 7.73197, 0.49000004, 37.753525
1046, 481, -0.0011999999405816197, -0.3763999813818373, False, 62.35914, 0.0, 0.0, 0.0, 7.73197, 0.49000004, 37.753525
1046, 482, -0.0011999999405816197, -0.3775999813224189, False, 62.239136, 0.0, 0.0, 0.0, 7.73197, 0.49000004, 37.753525
1046, 483, -0.0011999999405816197, -0.3787999812630005, False, 62.119133, -2.9802322e-08, 0.0, 2.4810274, 7.8313103, 0.49000004, 37.739567
1046, 484, -0.0011999999405816197, -0.37999998120358214, False, 61.99913, 0.14015347, 0.0, 1.3334703, 7.9314895, 0.49000004, 37.72549
1046, 485, -0.0011999999405816197, -0.38119998114416376, False, 61.879128, 0.12201771, 0.0, 0.57404697, 7.9799232, 0.49000004, 37.718685
1046, 486, -0.0011999999405816197, -0.3823999810847454, False, 61.759125, 0.009234055, 0.0, 0.087856084, 7.9941406, 0.49000004, 37.71669
1046, 487, -0.0011999999405816197, -0.383599981025327, False, 61.639122, -0.1511581, 0.0, -2.395871, 7.8987875, 0.49000004, 37.717087
1046, 488, -0.0011999999405816197, -0.3847999809659086, False, 61.51912, 0.05369582, 0.0, -1.2865369, 7.80131, 0.49000004, 37.716423
1046, 489, -0.0011999999405816197, -0.38599998090649024, False, 61.399117, 0.043096766, 0.0, -3.6480181, 7.6286426, 0.49000004, 37.71969
1046, 490, -0.0011999999405816197, -0.38719998084707186, False, 61.279114, 0.10204847, 0.0, -0.16982672, 7.5501842, 0.49000004, 37.718624
1046, 491, -0.0011999999405816197, -0.3883999807876535, False, 61.15911, 0.07055116, 0.0, 2.3279765, 7.639477, 0.49000004, 37.70139
1046, 492, -0.0011999999405816197, -0.3895999807282351, False, 61.03911, 0.03757161, 0.0, 1.239751, 7.732319, 0.49000004, 37.68546
1046, 493, -0.0011999999405816197, -0.3907999806688167, False, 60.919106, 0.07005207, 0.0, 0.5156847, 7.775985, 0.49000004, 37.677967
1046, 494, -0.0011999999405816197, -0.39199998060939834, False, 60.799103, 0.0013449849, 0.0, 0.04438054, 7.7871337, 0.49000004, 37.676056
1046, 495, -0.0011999999405816197, -0.39319998054997995, False, 60.6791, 0.0, 0.0, 0.0, 7.78714, 0.49000004, 37.676056
1046, 496, -0.0011999999405816197, -0.3943999804905616, False, 60.559097, 0.0, 0.0, 0.0, 7.78714, 0.49000004, 37.676056
1046, 497, -0.0011999999405816197, -0.3955999804311432, False, 60.439095, 0.0, 0.0, 0.0, 7.78714, 0.49000004, 37.676056
1046, 498, -0.0011999999405816197, -0.3967999803717248, False, 60.31909, 0.0, 0.0, 0.0, 7.78714, 0.49000004, 37.676056
1046, 499, -0.0011999999405816197, -0.39799998031230643, False, 60.19909, 0.0, 0.0, 0.0, 7.78714, 0.49000004, 37.676056
1046, 500, -0.0011999999405816197, -0.39919998025288805, False, 60.079086, 0.0, 0.0, 0.0, 7.78714, 0.49000004, 37.676056
1046, 501, -0.0011999999405816197, -0.4003999801934697, False, 59.959084, 0.0, 0.0, 0.0, 7.78714, 0.49000004, 37.676056
1046, 502, -0.0011999999405816197, -0.4015999801340513, False, 59.83908, 0.0, 0.0, 0.0, 7.78714, 0.49000004, 37.676056
1046, 503, -0.0011999999405816197, -0.4027999800746329, False, 59.719078, 0.0, 0.0, 0.0, 7.78714, 0.49000004, 37.676056
1046, 504, -0.0011999999405816197, -0.40399998001521453, False, 59.599075, 0.0, 0.0, 0.0, 7.78714, 0.49000004, 37.676056
1046, 505, -0.0011999999405816197, -0.40519997995579615, False, 59.479073, 0.0, 0.0, 0.0, 7.78714, 0.49000004, 37.676056
1046, 506, -0.0011999999405816197, -0.40639997989637777, False, 59.35907, 0.0, 0.0, 0.0, 7.78714, 0.49000004, 37.676056
1046, 507, -0.0011999999405816197, -0.4075999798369594, False, 59.239067, 0.0, 0.0, 0.0, 7.78714, 0.49000004, 37.676056
1046, 508, -0.0011999999405816197, -0.408799979777541, False, 59.119064, 0.0, 0.0, 0.0, 7.78714, 0.49000004, 37.676056
1046, 509, -0.0011999999405816197, -0.40999997971812263, False, 58.99906, 0.0, 0.0, 0.0, 7.78714, 0.49000004, 37.676056
1046, 510, -0.0011999999405816197, -0.41119997965870425, False, 58.87906, 0.0, 0.0, 0.0, 7.78714, 0.49000004, 37.676056
1046, 511, -0.0011999999405816197, -0.41239997959928587, False, 58.759056, 0.0, 0.0, 0.0, 7.78714, 0.49000004, 37.676056
1046, 512, -0.0011999999405816197, -0.4135999795398675, False, 58.639053, 0.0, 0.0, 0.0, 7.78714, 0.49000004, 37.676056
1046, 513, -0.0011999999405816197, -0.4147999794804491, False, 58.51905, 0.0, 0.0, 0.0, 7.78714, 0.49000004, 37.676056
1046, 514, -0.0011999999405816197, -0.41599997942103073, False, 58.399048, 0.0, 0.0, 0.0, 7.78714, 0.49000004, 37.676056
1046, 515, -0.0011999999405816197, -0.41719997936161235, False, 58.279045, 0.0, 0.0, 0.0, 7.78714, 0.49000004, 37.676056
1046, 516, -0.0011999999405816197, -0.41839997930219397, False, 58.159042, 0.0, 0.0, 0.0, 7.78714, 0.49000004, 37.676056
1046, 517, -0.0011999999405816197, -0.4195999792427756, False, 58.03904, 0.0, 0.0, 0.0, 7.78714, 0.49000004, 37.676056
1046, 518, -0.0011999999405816197, -0.4207999791833572, False, 57.919037, 0.0, 0.0, 0.0, 7.78714, 0.49000004, 37.676056
1046, 519, -0.0011999999405816197, -0.42199997912393883, False, 57.799034, 0.0, 0.0, 0.0, 7.78714, 0.49000004, 37.676056
1046, 520, -0.0011999999405816197, -0.42319997906452045, False, 57.67903, -3.7252903e-08, 0.0, -2.4810271, 7.686885, 0.49000004, 37.679558
1046, 521, -0.0011999999405816197, -0.42439997900510207, False, 57.55903, 0.14015356, 0.0, -1.3334707, 7.5857825, 0.49000004, 37.68309
1046, 522, -0.0011999999405816197, -0.4255999789456837, False, 57.439026, 0.067718774, 0.0, 1.4775965, 7.6228366, 0.49000004, 37.673145
1046, 523, -0.0011999999405816197, -0.4267999788862653, False, 57.319023, 0.031056039, 0.0, 0.67762995, 7.6771383, 0.49000004, 37.66296
1046, 524, -0.0011999999405816197, -0.4279999788268469, False, 57.19902, 0.006813446, 0.0, 0.14866668, 7.6953697, 0.49000004, 37.65954
1046, 525, -0.0011999999405816197, -0.42919997876742855, False, 57.079018, 0.0, 0.0, 0.0, 7.6956806, 0.49000004, 37.65948
1046, 526, -0.0011999999405816197, -0.43039997870801017, False, 56.959015, 0.0, 0.0, 0.0, 7.6956806, 0.49000004, 37.65948
1046, 527, -0.0011999999405816197, -0.4315999786485918, False, 56.839012, 0.0, 0.0, 0.0, 7.6956806, 0.49000004, 37.65948
1046, 528, -0.0011999999405816197, -0.4327999785891734, False, 56.71901, 0.0, 0.0, 0.0, 7.6956806, 0.49000004, 37.65948
1046, 529, -0.0011999999405816197, -0.433999978529755, False, 56.599007, 0.0, 0.0, 0.0, 7.6956806, 0.49000004, 37.65948
1046, 530, -0.0011999999405816197, -0.43519997847033665, False, 56.479004, 0.0, 0.0, 0.0, 7.6956806, 0.49000004, 37.65948
1046, 531, -0.0011999999405816197, -0.43639997841091827, False, 56.359, 0.0, 0.0, 0.0, 7.6956806, 0.49000004, 37.65948
1046, 532, -0.0011999999405816197, -0.4375999783514999, False, 56.239, 0.0, 0.0, 0.0, 7.6956806, 0.49000004, 37.65948
1046, 533, -0.0011999999405816197, -0.4387999782920815, False, 56.118996, 0.0, 0.0, 0.0, 7.6956806, 0.49000004, 37.65948
1046, 534, -0.0011999999405816197, -0.4399999782326631, False, 55.998993, 0.0, 0.0, 0.0, 7.6956806, 0.49000004, 37.65948
1046, 535, -0.0011999999405816197, -0.44119997817324474, False, 55.87899, 0.0, 0.0, 0.0, 7.6956806, 0.49000004, 37.65948
1046, 536, -0.0011999999405816197, -0.44239997811382636, False, 55.758987, 0.0, 0.0, 0.0, 7.6956806, 0.49000004, 37.65948
1046, 537, -0.0011999999405816197, -0.443599978054408, False, 55.638985, 0.0, 0.0, 0.0, 7.6956806, 0.49000004, 37.65948
1046, 538, -0.0011999999405816197, -0.4447999779949896, False, 55.518982, 0.0, 0.0, 0.0, 7.6956806, 0.49000004, 37.65948
1046, 539, -0.0011999999405816197, -0.4459999779355712, False, 55.39898, 0.0, 0.0, 0.0, 7.6956806, 0.49000004, 37.65948
1046, 540, -0.0011999999405816197, -0.44719997787615284, False, 55.278976, 0.0, 0.0, 0.0, 7.6956806, 0.49000004, 37.65948
1046, 541, -0.0011999999405816197, -0.44839997781673446, False, 55.158974, 0.0, 0.0, 0.0, 7.6956806, 0.49000004, 37.65948
1046, 542, -0.0011999999405816197, -0.4495999777573161, False, 55.03897, 0.0, 0.0, 0.0, 7.6956806, 0.49000004, 37.65948
1046, 543, -0.0011999999405816197, -0.4507999776978977, False, 54.91897, 0.0, 0.0, 0.0, 7.6956806, 0.49000004, 37.65948
1046, 544, -0.0011999999405816197, -0.4519999776384793, False, 54.798965, 0.0, 0.0, 0.0, 7.6956806, 0.49000004, 37.65948
1046, 545, -0.0011999999405816197, -0.45319997757906094, False, 54.678963, 0.0, 0.0, 0.0, 7.6956806, 0.49000004, 37.65948
1046, 546, -0.0011999999405816197, -0.45439997751964256, False, 54.55896, 0.0, 0.0, 0.0, 7.6956806, 0.49000004, 37.65948
1046, 547, -0.0011999999405816197, -0.4555999774602242, False, 54.438957, 0.0, 0.0, 0.0, 7.6956806, 0.49000004, 37.65948
1046, 548, -0.0011999999405816197, -0.4567999774008058, False, 54.318954, 0.0, 0.0, 0.0, 7.6956806, 0.49000004, 37.65948
1046, 549, -0.0011999999405816197, -0.4579999773413874, False, 54.19895, 0.0, 0.0, 0.0, 7.6956806, 0.49000004, 37.65948
1046, 550, -0.0011999999405816197, -0.45919997728196904, False, 54.07895, 0.0, 0.0, 0.0, 7.6956806, 0.49000004, 37.65948
1046, 551, -0.0011999999405816197, -0.46039997722255066, False, 53.958946, 0.0, 0.0, 0.0, 7.6956806, 0.49000004, 37.65948
1046, 552, -0.0011999999405816197, -0.4615999771631323, False, 53.838943, 0.0, 0.0, 0.0, 7.6956806, 0.49000004, 37.65948
1046, 553, -0.0011999999405816197, -0.4627999771037139, False, 53.71894, 0.0, 0.0, 0.0, 7.6956806, 0.49000004, 37.65948
1046, 554, -0.0011999999405816197, -0.4639999770442955, False, 53.598938, 0.0, 0.0, 0.0, 7.6956806, 0.49000004, 37.65948
1046, 555, -0.0011999999405816197, -0.46519997698487714, False, 53.478935, 0.0, 0.0, 0.0, 7.6956806, 0.49000004, 37.65948
1046, 556, -0.0011999999405816197, -0.46639997692545876, False, 53.358932, 0.0, 0.0, 0.0, 7.6956806, 0.49000004, 37.65948
1046, 557, -0.0011999999405816197, -0.4675999768660404, False, 53.23893, 0.0, 0.0, 0.0, 7.6956806, 0.49000004, 37.65948
1046, 558, -0.0011999999405816197, -0.468799976806622, False, 53.118927, 0.0, 0.0, 0.0, 7.6956806, 0.49000004, 37.65948
1046, 559, -0.0011999999405816197, -0.4699999767472036, False, 52.998924, 0.0, 0.0, 0.0, 7.6956806, 0.49000004, 37.65948
1046, 560, -0.0011999999405816197, -0.47119997668778524, False, 52.87892, 0.0, 0.0, 0.0, 7.6956806, 0.49000004, 37.65948
1046, 561, -0.0011999999405816197, -0.47239997662836686, False, 52.75892, 0.0, 0.0, 0.0, 7.6956806, 0.49000004, 37.65948
1046, 562, -0.0011999999405816197, -0.4735999765689485, False, 52.638916, 0.0, 0.0, 0.0, 7.6956806, 0.49000004, 37.65948
1046, 563, -0.0011999999405816197, -0.4747999765095301, False, 52.518913, 0.0, 0.0, 0.0, 7.6956806, 0.49000004, 37.65948
1046, 564, -0.0011999999405816197, -0.4759999764501117, False, 52.39891, 0.0, 0.0, 0.0, 7.6956806, 0.49000004, 37.65948
1046, 565, -0.0011999999405816197, -0.47719997639069334, False, 52.278908, 0.0, 0.0, 0.0, 7.6956806, 0.49000004, 37.65948
1046, 566, -0.0011999999405816197, -0.47839997633127496, False, 52.158905, 0.0, 0.0, 0.0, 7.6956806, 0.49000004, 37.65948
1046, 567, -0.0011999999405816197, -0.4795999762718566, False, 52.038902, 0.0, 0.0, 0.0, 7.6956806, 0.49000004, 37.65948
1046, 568, -0.0011999999405816197, -0.4807999762124382, False, 51.9189, 0.0, 0.0, 0.0, 7.6956806, 0.49000004, 37.65948
1046, 569, -0.0011999999405816197, -0.4819999761530198, False, 51.798897, 0.0, 0.0, 0.0, 7.6956806, 0.49000004, 37.65948
1046, 570, -0.0011999999405816197, -0.48319997609360144, False, 51.678894, 0.0, 0.0, 0.0, 7.6956806, 0.49000004, 37.65948
1046, 571, -0.0011999999405816197, -0.48439997603418306, False, 51.55889, 0.0, 0.0, 0.0, 7.6956806, 0.49000004, 37.65948
1046, 572, -0.0011999999405816197, -0.4855999759747647, False, 51.43889, 0.0, 0.0, 0.0, 7.6956806, 0.49000004, 37.65948
1046, 573, -0.0011999999405816197, -0.4867999759153463, False, 51.318886, 0.0, 0.0, 0.0, 7.6956806, 0.49000004, 37.65948
1046, 574, -0.0011999999405816197, -0.4879999758559279, False, 51.198883, 0.0, 0.0, 0.0, 7.6956806, 0.49000004, 37.65948
1046, 575, -0.0011999999405816197, -0.48919997579650953, False, 51.07888, 0.0, 0.0, 0.0, 7.6956806, 0.49000004, 37.65948
1046, 576, -0.0011999999405816197, -0.49039997573709115, False, 50.958878, 0.0, 0.0, 0.0, 7.6956806, 0.49000004, 37.65948
1046, 577, -0.0011999999405816197, -0.4915999756776728, False, 50.838875, 0.0, 0.0, 0.0, 7.6956806, 0.49000004, 37.65948
1046, 578, -0.0011999999405816197, -0.4927999756182544, False, 50.718872, 0.0, 0.0, 0.0, 7.6956806, 0.49000004, 37.65948
1046, 579, -0.0011999999405816197, -0.493999975558836, False, 50.59887, 0.0, 0.0, 0.0, 7.6956806, 0.49000004, 37.65948
1046, 580, -0.0011999999405816197, -0.49519997549941763, False, 50.478867, 0.0, 0.0, 0.0, 7.6956806, 0.49000004, 37.65948
1046, 581, -0.0011999999405816197, -0.49639997543999925, False, 50.358864, 0.0, 0.0, 0.0, 7.6956806, 0.49000004, 37.65948
1046, 582, -0.0011999999405816197, -0.4975999753805809, False, 50.23886, 0.0, 0.0, 0.0, 7.6956806, 0.49000004, 37.65948
1046, 583, -0.0011999999405816197, -0.4987999753211625, False, 50.11886, 0.0, 0.0, 0.0, 7.6956806, 0.49000004, 37.65948
1046, 584, -0.0011999999405816197, -0.4999999752617441, False, 49.998856, 0.0, 0.0, 0.0, 7.6956806, 0.49000004, 37.65948
1046, 585, -0.0011999999405816197, -0.5011999752023257, False, 49.878853, -0.16571903, 0.0, -2.4744325, 7.5960584, 0.49000004, 37.670948
1046, 586, -0.0011999999405816197, -0.5023999751429074, False, 49.75885, -0.08955069, 0.0, -1.3371246, 7.495466, 0.49000004, 37.68122
1046, 587, -0.0011999999405816197, -0.503599975083489, False, 49.638847, -0.10843722, 0.0, 1.4720788, 7.533531, 0.49000004, 37.68049
1046, 588, -0.0011999999405816197, -0.5047999750240706, False, 49.518845, 0.021090556, 0.0, 0.6759755, 7.5885186, 0.49000004, 37.67685
1046, 589, -0.0011999999405816197, -0.5059999749646522, False, 49.39884, -0.010834107, 0.0, 0.1470774, 7.6069345, 0.49000004, 37.67563
1046, 590, -0.0011999999405816197, -0.5071999749052338, False, 49.27884, -1.5298513e-18, 0.0, -5.559842e-17, 7.6072264, 0.49000004, 37.67561
1046, 591, -0.0011999999405816197, -0.5083999748458154, False, 49.158836, -1.636009e-39, 0.0, 1.164054e-38, 7.6072264, 0.49000004, 37.67561
1046, 592, -0.0011999999405816197, -0.5095999747863971, False, 49.038834, 0.0, 0.0, 0.0, 7.6072264, 0.49000004, 37.67561
1046, 593, -0.0011999999405816197, -0.5107999747269787, False, 48.91883, 0.0, 0.0, 0.0, 7.6072264, 0.49000004, 37.67561
1046, 594, -0.0011999999405816197, -0.5119999746675603, False, 48.79883, 0.0, 0.0, 0.0, 7.6072264, 0.49000004, 37.67561
1046, 595, -0.0011999999405816197, -0.5131999746081419, False, 48.678825, 0.0, 0.0, 0.0, 7.6072264, 0.49000004, 37.67561
1046, 596, -0.0011999999405816197, -0.5143999745487235, False, 48.558823, 0.0, 0.0, 0.0, 7.6072264, 0.49000004, 37.67561
1046, 597, -0.0011999999405816197, -0.5155999744893052, False, 48.43882, 0.0, 0.0, 0.0, 7.6072264, 0.49000004, 37.67561
1046, 598, -0.0011999999405816197, -0.5167999744298868, False, 48.318817, 0.0, 0.0, 0.0, 7.6072264, 0.49000004, 37.67561
1046, 599, -0.0011999999405816197, -0.5179999743704684, False, 48.198814, 0.0, 0.0, 0.0, 7.6072264, 0.49000004, 37.67561
1046, 600, -0.0011999999405816197, -0.51919997431105, False, 48.07881, 0.0, 0.0, 0.0, 7.6072264, 0.49000004, 37.67561
1046, 601, -0.0011999999405816197, -0.5203999742516316, False, 47.95881, 0.0, 0.0, 0.0, 7.6072264, 0.49000004, 37.67561
1046, 602, -0.0011999999405816197, -0.5215999741922133, False, 47.838806, 0.0, 0.0, 0.0, 7.6072264, 0.49000004, 37.67561
1046, 603, -0.0011999999405816197, -0.5227999741327949, False, 47.718803, 0.0, 0.0, 0.0, 7.6072264, 0.49000004, 37.67561
1046, 604, -0.0011999999405816197, -0.5239999740733765, False, 47.5988, 0.0, 0.0, 0.0, 7.6072264, 0.49000004, 37.67561
1046, 605, -0.0011999999405816197, -0.5251999740139581, False, 47.478798, 0.0, 0.0, 0.0, 7.6072264, 0.49000004, 37.67561
1046, 606, -0.0011999999405816197, -0.5263999739545397, False, 47.358795, 0.0, 0.0, 0.0, 7.6072264, 0.49000004, 37.67561
1046, 607, -0.0011999999405816197, -0.5275999738951214, False, 47.238792, 0.0, 0.0, 0.0, 7.6072264, 0.49000004, 37.67561
1046, 608, -0.0011999999405816197, -0.528799973835703, False, 47.11879, -0.16571882, 0.0, 2.474432, 7.707326, 0.49000004, 37.669605
1046, 609, -0.0011999999405816197, -0.5299999737762846, False, 46.998787, -0.07806383, 0.0, -0.6604172, 7.725139, 0.49000004, 37.67357
1046, 610, -0.0011999999405816197, -0.5311999737168662, False, 46.878784, -0.016435415, 0.0, -0.13904293, 7.7077913, 0.49000004, 37.678135
1046, 611, -0.0011999999405816197, -0.5323999736574478, False, 46.75878, 1.3742724e-17, 0.0, 1.9314585e-18, 7.7076354, 0.49000004, 37.678177
1046, 612, -0.0011999999405816197, -0.5335999735980295, False, 46.63878, 0.0, 0.0, 0.0, 7.7076354, 0.49000004, 37.678177
1046, 613, -0.0011999999405816197, -0.5347999735386111, False, 46.518776, 0.0, 0.0, 0.0, 7.7076354, 0.49000004, 37.678177
1046, 614, -0.0011999999405816197, -0.5359999734791927, False, 46.398773, 0.0, 0.0, 0.0, 7.7076354, 0.49000004, 37.678177
1046, 615, -0.0011999999405816197, -0.5371999734197743, False, 46.27877, 0.0, 0.0, 0.0, 7.7076354, 0.49000004, 37.678177
1046, 616, -0.0011999999405816197, -0.5383999733603559, False, 46.158768, 2.9802322e-08, 0.0, -2.4810274, 7.608295, 0.49000004, 37.692135
1046, 617, -0.0011999999405816197, -0.5395999733009376, False, 46.038765, -1.4901161e-08, 0.0, -1.3408154, 7.508116, 0.49000004, 37.70621
1046, 618, -0.0011999999405816197, -0.5407999732415192, False, 45.918762, -2.2351742e-08, 0.0, -0.58687145, 7.459682, 0.49000004, 37.713017
1046, 619, -0.0011999999405816197, -0.5419999731821008, False, 45.79876, 0.0, 0.0, -0.088340014, 7.4454646, 0.49000004, 37.71501
1046, 620, -0.0011999999405816197, -0.5431999731226824, False, 45.678757, 0.0, 0.0, 0.0, 7.445452, 0.49000004, 37.71501
1046, 621, -0.0011999999405816197, -0.544399973063264, False, 45.558754, 0.0, 0.0, 0.0, 7.445452, 0.49000004, 37.71501
1046, 622, -0.0011999999405816197, -0.5455999730038457, False, 45.43875, -0.16571933, 0.0, 2.474432, 7.545632, 0.49000004, 37.7195
1046, 623, -0.0011999999405816197, -0.5467999729444273, False, 45.31875, -0.22882794, 0.0, 1.3204389, 7.6466956, 0.49000004, 37.722736
1046, 624, -0.0011999999405816197, -0.5479999728850089, False, 45.198746, -0.11518833, 0.0, -1.4794623, 7.610021, 0.49000004, 37.735943
1046, 625, -0.0011999999405816197, -0.5491999728255905, False, 45.078743, -0.052901104, 0.0, -0.6794537, 7.555857, 0.49000004, 37.747902
1046, 626, -0.0011999999405816197, -0.5503999727661721, False, 44.95874, -0.02737822, 0.0, -0.14841387, 7.5376024, 0.49000004, 37.751934
1046, 627, -0.0011999999405816197, -0.5515999727067538, False, 44.838737, 7.725834e-18, 0.0, -5.4970896e-17, 7.5372577, 0.49000004, 37.75201
1046, 628, -0.0011999999405816197, -0.5527999726473354, False, 44.718735, -4.10278e-40, 0.0, 1.1747783e-38, 7.5372577, 0.49000004, 37.75201
1046, 629, -0.0011999999405816197, -0.553999972587917, False, 44.598732, 0.0, 0.0, 0.0, 7.5372577, 0.49000004, 37.75201
1046, 630, -0.0011999999405816197, -0.5551999725284986, False, 44.47873, 0.0, 0.0, 0.0, 7.5372577, 0.49000004, 37.75201
1046, 631, -0.0011999999405816197, -0.5563999724690802, False, 44.358727, 0.0, 0.0, 0.0, 7.5372577, 0.49000004, 37.75201
1046, 632, -0.0011999999405816197, -0.5575999724096619, False, 44.238724, 0.0, 0.0, 0.0, 7.5372577, 0.49000004, 37.75201
1046, 633, -0.0011999999405816197, -0.5587999723502435, False, 44.11872, 0.0, 0.0, 0.0, 7.5372577, 0.49000004, 37.75201
1046, 634, -0.0011999999405816197, -0.5599999722908251, False, 43.99872, 0.0, 0.0, 0.0, 7.5372577, 0.49000004, 37.75201
1046, 635, -0.0011999999405816197, -0.5611999722314067, False, 43.878716, 0.0, 0.0, 0.0, 7.5372577, 0.49000004, 37.75201
1046, 636, -0.0011999999405816197, -0.5623999721719883, False, 43.758713, 0.0, 0.0, 0.0, 7.5372577, 0.49000004, 37.75201
1046, 637, -0.0011999999405816197, -0.56359997211257, False, 43.63871, 0.0, 0.0, 0.0, 7.5372577, 0.49000004, 37.75201
1046, 638, -0.0011999999405816197, -0.5647999720531516, False, 43.518707, 0.0, 0.0, 0.0, 7.5372577, 0.49000004, 37.75201
1046, 639, -0.0011999999405816197, -0.5659999719937332, False, 43.398705, 0.0, 0.0, 0.0, 7.5372577, 0.49000004, 37.75201
1046, 640, -0.0011999999405816197, -0.5671999719343148, False, 43.2787, 0.0, 0.0, 0.0, 7.5372577, 0.49000004, 37.75201
1046, 641, -0.0011999999405816197, -0.5683999718748964, False, 43.1587, 0.0, 0.0, 0.0, 7.5372577, 0.49000004, 37.75201
1046, 642, -0.0011999999405816197, -0.5695999718154781, False, 43.038696, 0.0, 0.0, 0.0, 7.5372577, 0.49000004, 37.75201
1046, 643, -0.0011999999405816197, -0.5707999717560597, False, 42.918694, 0.0, 0.0, 0.0, 7.5372577, 0.49000004, 37.75201
1046, 644, -0.0011999999405816197, -0.5719999716966413, False, 42.79869, 0.0, 0.0, 0.0, 7.5372577, 0.49000004, 37.75201
1046, 645, -0.0011999999405816197, -0.5731999716372229, False, 42.678688, 0.0, 0.0, 0.0, 7.5372577, 0.49000004, 37.75201
1046, 646, -0.0011999999405816197, -0.5743999715778045, False, 42.558685, 0.0, 0.0, 0.0, 7.5372577, 0.49000004, 37.75201
1046, 647, -0.0011999999405816197, -0.5755999715183862, False, 42.438683, 0.0, 0.0, 0.0, 7.5372577, 0.49000004, 37.75201
1046, 648, -0.0011999999405816197, -0.5767999714589678, False, 42.31868, 0.0, 0.0, 0.0, 7.5372577, 0.49000004, 37.75201
1046, 649, -0.0011999999405816197, -0.5779999713995494, False, 42.198677, -0.16571882, 0.0, 2.474432, 7.6373577, 0.49000004, 37.746006
1046, 650, -0.0011999999405816197, -0.579199971340131, False, 42.078674, -0.08955057, 0.0, 1.3371245, 7.738206, 0.49000004, 37.738655
1046, 651, -0.0011999999405816197, -0.5803999712807126, False, 41.95867, 0.022188786, 0.0, 0.5859917, 7.7869544, 0.49000004, 37.735104
1046, 652, -0.0011999999405816197, -0.5815999712212943, False, 41.83867, -0.00588281, 0.0, 0.087839216, 7.801253, 0.49000004, 37.734062
1046, 653, -0.0011999999405816197, -0.5827999711618759, False, 41.718666, 0.0, 0.0, 0.0, 7.8012652, 0.49000004, 37.734062
1046, 654, -0.0011999999405816197, -0.5839999711024575, False, 41.598663, 0.0, 0.0, 0.0, 7.8012652, 0.49000004, 37.734062
1046, 655, -0.0011999999405816197, -0.5851999710430391, False, 41.47866, 0.0, 0.0, 0.0, 7.8012652, 0.49000004, 37.734062
1046, 656, -0.0011999999405816197, -0.5863999709836207, False, 41.358658, 0.0, 0.0, 0.0, 7.8012652, 0.49000004, 37.734062
1046, 657, -0.0011999999405816197, -0.5875999709242024, False, 41.238655, 0.0, 0.0, 0.0, 7.8012652, 0.49000004, 37.734062
1046, 658, -0.0011999999405816197, -0.588799970864784, False, 41.118652, 0.0, 0.0, 0.0, 7.8012652, 0.49000004, 37.734062
1046, 659, -0.0011999999405816197, -0.5899999708053656, False, 40.99865, 0.0, 0.0, 0.0, 7.8012652, 0.49000004, 37.734062
1046, 660, -0.0011999999405816197, -0.5911999707459472, False, 40.878647, 0.0, 0.0, 0.0, 7.8012652, 0.49000004, 37.734062
1046, 661, -0.0011999999405816197, -0.5923999706865288, False, 40.758644, 0.0, 0.0, 0.0, 7.8012652, 0.49000004, 37.734062
1046, 662, -0.0011999999405816197, -0.5935999706271105, False, 40.63864, 0.0, 0.0, 0.0, 7.8012652, 0.49000004, 37.734062
1046, 663, -0.0011999999405816197, -0.5947999705676921, False, 40.51864, 0.0, 0.0, 0.0, 7.8012652, 0.49000004, 37.734062
1046, 664, -0.0011999999405816197, -0.5959999705082737, False, 40.398636, 0.0, 0.0, 0.0, 7.8012652, 0.49000004, 37.734062
1046, 665, -0.0011999999405816197, -0.5971999704488553, False, 40.278633, 0.0, 0.0, 0.0, 7.8012652, 0.49000004, 37.734062
1046, 666, -0.0011999999405816197, -0.5983999703894369, False, 40.15863, 0.0, 0.0, 0.0, 7.8012652, 0.49000004, 37.734062
1046, 667, -0.0011999999405816197, -0.5995999703300186, False, 40.038628, 0.0, 0.0, 0.0, 7.8012652, 0.49000004, 37.734062
1046, 668, -0.0011999999405816197, -0.6007999702706002, False, 39.918625, 0.0, 0.0, 0.0, 7.8012652, 0.49000004, 37.734062
1046, 669, -0.0011999999405816197, -0.6019999702111818, False, 39.798622, 0.0, 0.0, 0.0, 7.8012652, 0.49000004, 37.734062
1046, 670, -0.0011999999405816197, -0.6031999701517634, False, 39.67862, -0.16571943, 0.0, -2.4744327, 7.70099, 0.49000004, 37.735054
1046, 671, -0.0011999999405816197, -0.604399970092345, False, 39.558617, 0.05070771, 0.0, -1.3391601, 7.5998755, 0.49000004, 37.734753
1046, 672, -0.0011999999405816197, -0.6055999700329266, False, 39.438614, -0.042585567, 0.0, 1.4801953, 7.6378345, 0.49000004, 37.729427
1046, 673, -0.0011999999405816197, -0.6067999699735083, False, 39.31861, -0.019539572, 0.0, 0.67915785, 7.69282, 0.49000004, 37.72331
1046, 674, -0.0011999999405816197, -0.6079999699140899, False, 39.19861, -0.113246545, 0.0, -1.8607594, 7.6311088, 0.49000004, 37.730167
1046, 675, -0.0011999999405816197, -0.6091999698546715, False, 39.078606, 0.04097552, 0.0, -0.9320511, 7.5585465, 0.49000004, 37.737133
1046, 676, -0.0011999999405816197, -0.6103999697952531, False, 38.958603, 0.013930583, 0.0, -0.3168729, 7.528467, 0.49000004, 37.74002
1046, 677, -0.0011999999405816197, -0.6115999697358347, False, 38.8386, 6.501111e-11, 0.0, -1.8615104e-09, 7.5246835, 0.49000004, 37.740383
1046, 678, -0.0011999999405816197, -0.6127999696764164, False, 38.718597, 2.7512986e-32, 0.0, 3.934698e-31, 7.5246835, 0.49000004, 37.740383
1046, 679, -0.0011999999405816197, -0.613999969616998, False, 38.598595, -0.16571933, 0.0, 2.474432, 7.624863, 0.49000004, 37.744873
1046, 680, -0.0011999999405816197, -0.6151999695575796, False, 38.478592, -0.22882794, 0.0, 1.3204389, 7.725927, 0.49000004, 37.748108
1046, 681, -0.0011999999405816197, -0.6163999694981612, False, 38.35859, -0.11518833, 0.0, -1.4794623, 7.6892524, 0.49000004, 37.761314
1046, 682, -0.0011999999405816197, -0.6175999694387428, False, 38.238586, -0.052901104, 0.0, -0.6794537, 7.6350884, 0.49000004, 37.773273
1046, 683, -0.0011999999405816197, -0.6187999693793245, False, 38.118584, -0.02737822, 0.0, -0.14841387, 7.6168337, 0.49000004, 37.777306
1046, 684, -0.0011999999405816197, -0.6199999693199061, False, 37.99858, 7.725834e-18, 0.0, -5.4970896e-17, 7.616489, 0.49000004, 37.77738
1046, 685, -0.0011999999405816197, -0.6211999692604877, False, 37.87858, -4.10278e-40, 0.0, 1.1747783e-38, 7.616489, 0.49000004, 37.77738
1046, 686, -0.0011999999405816197, -0.6223999692010693, False, 37.758575, 0.0, 0.0, 0.0, 7.616489, 0.49000004, 37.77738
1046, 687, -0.0011999999405816197, -0.623599969141651, False, 37.638573, 0.0, 0.0, 0.0, 7.616489, 0.49000004, 37.77738
1046, 688, -0.0011999999405816197, -0.6247999690822326, False, 37.51857, 0.0, 0.0, 0.0, 7.616489, 0.49000004, 37.77738
1046, 689, -0.0011999999405816197, -0.6259999690228142, False, 37.398567, 0.0, 0.0, 0.0, 7.616489, 0.49000004, 37.77738
1046, 690, -0.0011999999405816197, -0.6271999689633958, False, 37.278564, 0.0, 0.0, 0.0, 7.616489, 0.49000004, 37.77738
1046, 691, -0.0011999999405816197, -0.6283999689039774, False, 37.15856, 0.0, 0.0, 0.0, 7.616489, 0.49000004, 37.77738
1046, 692, -0.0011999999405816197, -0.629599968844559, False, 37.03856, 0.0, 0.0, 0.0, 7.616489, 0.49000004, 37.77738
1046, 693, -0.0011999999405816197, -0.6307999687851407, False, 36.918556, -2.9802322e-08, 0.0, 2.4810274, 7.7158294, 0.49000004, 37.763424
1046, 694, -0.0011999999405816197, -0.6319999687257223, False, 36.798553, 1.4901161e-08, 0.0, 1.3408154, 7.8160086, 0.49000004, 37.749348
1046, 695, -0.0011999999405816197, -0.6331999686663039, False, 36.67855, 0.06134481, 0.0, 0.5836565, 7.8644423, 0.49000004, 37.742542
1046, 696, -0.0011999999405816197, -0.6343999686068855, False, 36.558548, 0.0, 0.0, 0.088340014, 7.8786597, 0.49000004, 37.740547
1046, 697, -0.0011999999405816197, -0.6355999685474671, False, 36.438545, -0.15757614, 0.0, -2.3947265, 7.783958, 0.49000004, 37.75133
1046, 698, -0.0011999999405816197, -0.6367999684880488, False, 36.318542, 0.050204158, 0.0, -1.2861956, 7.6870046, 0.49000004, 37.76112
1046, 699, -0.0011999999405816197, -0.6379999684286304, False, 36.19854, -0.036204714, 0.0, -0.5502131, 7.640788, 0.49000004, 37.765785
1046, 700, -0.0011999999405816197, -0.639199968369212, False, 36.078537, 0.0025308188, 0.0, -0.06483773, 7.6281204, 0.49000004, 37.767063
1046, 701, -0.0011999999405816197, -0.6403999683097936, False, 35.958534, 0.0017903745, 0.0, 2.4222174, 7.7238336, 0.49000004, 37.75349
1046, 702, -0.0011999999405816197, -0.6415999682503752, False, 35.83853, 0.000962317, 0.0, 1.3019286, 7.821334, 0.49000004, 37.739716
1046, 703, -0.0011999999405816197, -0.6427999681909569, False, 35.71853, -0.06915997, 0.0, -1.5121062, 7.7811203, 0.49000004, 37.742958
1046, 704, -0.0011999999405816197, -0.6439999681315385, False, 35.598526, -0.032036707, 0.0, -0.7004476, 7.724473, 0.49000004, 37.747536
1046, 705, -0.0011999999405816197, -0.6451999680721201, False, 35.478523, 0.0096682515, 0.0, -0.16363896, 7.704941, 0.49000004, 37.749115
1046, 706, -0.0011999999405816197, -0.6463999680127017, False, 35.35852, -9.994369e-18, 0.0, -1.1143904e-16, 7.704362, 0.49000004, 37.74916
1046, 707, -0.0011999999405816197, -0.6475999679532833, False, 35.238518, -3.272018e-39, 0.0, 2.328108e-38, 7.704362, 0.49000004, 37.74916
1046, 708, -0.0011999999405816197, -0.648799967893865, False, 35.118515, 0.0, 0.0, 0.0, 7.704362, 0.49000004, 37.74916
1046, 709, -0.0011999999405816197, -0.6499999678344466, False, 34.998512, 0.0, 0.0, 0.0, 7.704362, 0.49000004, 37.74916
1046, 710, -0.0011999999405816197, -0.6511999677750282, False, 34.87851, 0.0, 0.0, 0.0, 7.704362, 0.49000004, 37.74916
1046, 711, -0.0011999999405816197, -0.6523999677156098, False, 34.758507, 0.0, 0.0, 0.0, 7.704362, 0.49000004, 37.74916
1046, 712, -0.0011999999405816197, -0.6535999676561914, False, 34.638504, 0.0, 0.0, 0.0, 7.704362, 0.49000004, 37.74916
1046, 713, -0.0011999999405816197, -0.6547999675967731, False, 34.5185, 0.0, 0.0, 0.0, 7.704362, 0.49000004, 37.74916
1046, 714, -0.0011999999405816197, -0.6559999675373547, False, 34.3985, 0.0, 0.0, 0.0, 7.704362, 0.49000004, 37.74916
1046, 715, -0.0011999999405816197, -0.6571999674779363, False, 34.278496, 0.0, 0.0, 0.0, 7.704362, 0.49000004, 37.74916
1046, 716, -0.0011999999405816197, -0.6583999674185179, False, 34.158493, 0.0, 0.0, 0.0, 7.704362, 0.49000004, 37.74916
1046, 717, -0.0011999999405816197, -0.6595999673590995, False, 34.03849, 0.0, 0.0, 0.0, 7.704362, 0.49000004, 37.74916
1046, 718, -0.0011999999405816197, -0.6607999672996812, False, 33.918488, 0.0, 0.0, 0.0, 7.704362, 0.49000004, 37.74916
1046, 719, -0.0011999999405816197, -0.6619999672402628, False, 33.798485, 0.0, 0.0, 0.0, 7.704362, 0.49000004, 37.74916
1046, 720, -0.0011999999405816197, -0.6631999671808444, False, 33.678482, 0.0, 0.0, 0.0, 7.704362, 0.49000004, 37.74916
1046, 721, -0.0011999999405816197, -0.664399967121426, False, 33.55848, 0.0, 0.0, 0.0, 7.704362, 0.49000004, 37.74916
1046, 722, -0.0011999999405816197, -0.6655999670620076, False, 33.438477, 0.0, 0.0, 0.0, 7.704362, 0.49000004, 37.74916
1046, 723, -0.0011999999405816197, -0.6667999670025893, False, 33.318474, 0.0, 0.0, 0.0, 7.704362, 0.49000004, 37.74916
1046, 724, -0.0011999999405816197, -0.6679999669431709, False, 33.19847, 0.0, 0.0, 0.0, 7.704362, 0.49000004, 37.74916
1046, 725, -0.0011999999405816197, -0.6691999668837525, False, 33.07847, 0.0, 0.0, 0.0, 7.704362, 0.49000004, 37.74916
1046, 726, -0.0011999999405816197, -0.6703999668243341, False, 32.958466, -0.16571882, 0.0, 2.474432, 7.8044615, 0.49000004, 37.743156
1046, 727, -0.0011999999405816197, -0.6715999667649157, False, 32.838463, -0.08955057, 0.0, 1.3371245, 7.9053097, 0.49000004, 37.735806
1046, 728, -0.0011999999405816197, -0.6727999667054974, False, 32.71846, -0.10843742, 0.0, -1.472079, 7.8676963, 0.49000004, 37.741695
1046, 729, -0.0011999999405816197, -0.673999966646079, False, 32.598457, 0.021090455, 0.0, -0.6759755, 7.812912, 0.49000004, 37.74766
1046, 730, -0.0011999999405816197, -0.6751999665866606, False, 32.478455, 0.0045990217, 0.0, -0.14740422, 7.7945647, 0.49000004, 37.74966
1046, 731, -0.0011999999405816197, -0.6763999665272422, False, 32.35845, 0.0, 0.0, 0.0, 7.794274, 0.49000004, 37.74969
1046, 732, -0.0011999999405816197, -0.6775999664678238, False, 32.23845, 0.0, 0.0, 0.0, 7.794274, 0.49000004, 37.74969
1046, 733, -0.0011999999405816197, -0.6787999664084055, False, 32.118446, 0.0, 0.0, 0.0, 7.794274, 0.49000004, 37.74969
1046, 734, -0.0011999999405816197, -0.6799999663489871, False, 31.998444, 0.0, 0.0, 0.0, 7.794274, 0.49000004, 37.74969
1046, 735, -0.0011999999405816197, -0.6811999662895687, False, 31.87844, 0.0, 0.0, 0.0, 7.794274, 0.49000004, 37.74969
1046, 736, -0.0011999999405816197, -0.6823999662301503, False, 31.758438, 0.0, 0.0, 0.0, 7.794274, 0.49000004, 37.74969
1046, 737, -0.0011999999405816197, -0.6835999661707319, False, 31.638435, 0.0, 0.0, 0.0, 7.794274, 0.49000004, 37.74969
1046, 738, -0.0011999999405816197, -0.6847999661113136, False, 31.518433, 0.0, 0.0, 0.0, 7.794274, 0.49000004, 37.74969
1046, 739, -0.0011999999405816197, -0.6859999660518952, False, 31.39843, 0.0, 0.0, 0.0, 7.794274, 0.49000004, 37.74969
1046, 740, -0.0011999999405816197, -0.6871999659924768, False, 31.278427, 0.0, 0.0, 0.0, 7.794274, 0.49000004, 37.74969
1046, 741, -0.0011999999405816197, -0.6883999659330584, False, 31.158424, 0.0, 0.0, 0.0, 7.794274, 0.49000004, 37.74969
1046, 742, -0.0011999999405816197, -0.68959996587364, False, 31.038422, 0.0, 0.0, 0.0, 7.794274, 0.49000004, 37.74969
1046, 743, -0.0011999999405816197, -0.6907999658142217, False, 30.918419, 0.0, 0.0, 0.0, 7.794274, 0.49000004, 37.74969
1046, 744, -0.0011999999405816197, -0.6919999657548033, False, 30.798416, -3.7252903e-08, 0.0, -2.4810271, 7.694019, 0.49000004, 37.753193
1046, 745, -0.0011999999405816197, -0.6931999656953849, False, 30.678413, 0.0057775453, 0.0, 0.6662117, 7.676872, 0.49000004, 37.751854
1046, 746, -0.0011999999405816197, -0.6943999656359665, False, 30.55841, 0.0012211595, 0.0, 0.14081357, 7.6946692, 0.49000004, 37.749195
1046, 747, -0.0011999999405816197, -0.6955999655765481, False, 30.438408, 9.68741e-19, 0.0, -2.7738666e-17, 7.6948433, 0.49000004, 37.74917
1046, 748, -0.0011999999405816197, -0.6967999655171297, False, 30.318405, 0.0, 0.0, 0.0, 7.6948433, 0.49000004, 37.74917
1046, 749, -0.0011999999405816197, -0.6979999654577114, False, 30.198402, -2.9802322e-08, 0.0, 2.4810274, 7.7941837, 0.49000004, 37.73521
1046, 750, -0.0011999999405816197, -0.699199965398293, False, 30.0784, 1.4901161e-08, 0.0, 1.3408154, 7.894363, 0.49000004, 37.721134
1046, 751, -0.0011999999405816197, -0.7003999653388746, False, 29.958397, -0.06625128, 0.0, -1.4769588, 7.8563204, 0.49000004, 37.72411
1046, 752, -0.0011999999405816197, -0.7015999652794562, False, 29.838394, 0.040576056, 0.0, -0.6766605, 7.801279, 0.49000004, 37.728508
1046, 753, -0.0011999999405816197, -0.7027999652200378, False, 29.718391, -0.0066551687, 0.0, -0.14836593, 7.78281, 0.49000004, 37.729984
1046, 754, -0.0011999999405816197, -0.7039999651606195, False, 29.598389, -8.544718e-19, 0.0, 5.5936626e-17, 7.7825007, 0.49000004, 37.730007
1046, 755, -0.0011999999405816197, -0.7051999651012011, False, 29.478386, 0.16571903, 0.0, 2.4744325, 7.882123, 0.49000004, 37.71854
1046, 756, -0.0011999999405816197, -0.7063999650417827, False, 29.358383, 0.08955069, 0.0, 1.3371246, 7.982715, 0.49000004, 37.708267
1046, 757, -0.0011999999405816197, -0.7075999649823643, False, 29.23838, -0.023999564, 0.0, -1.4820637, 7.94445, 0.49000004, 37.704315
1046, 758, -0.0011999999405816197, -0.708799964922946, False, 29.118378, 0.060155727, 0.0, -0.6777332, 7.889138, 0.49000004, 37.701347
1046, 759, -0.0011999999405816197, -0.7099999648635276, False, 28.998375, -0.0024316376, 0.0, -0.1501628, 7.8705215, 0.49000004, 37.700348
1046, 760, -0.0011999999405816197, -0.7111999648041092, False, 28.878372, 5.4048155e-18, 0.0, -5.5356243e-17, 7.870182, 0.49000004, 37.70033
1046, 761, -0.0011999999405816197, -0.7123999647446908, False, 28.75837, 0.16571882, 0.0, -2.474432, 7.7700825, 0.49000004, 37.706333
1046, 762, -0.0011999999405816197, -0.7135999646852724, False, 28.638367, 0.08955057, 0.0, -1.3371245, 7.6692343, 0.49000004, 37.713684
1046, 763, -0.0011999999405816197, -0.714799964625854, False, 28.518364, 0.03918568, 0.0, -0.5851009, 7.620486, 0.49000004, 37.717236
1046, 764, -0.0011999999405816197, -0.7159999645664357, False, 28.398361, 0.00588281, 0.0, -0.087839216, 7.6061873, 0.49000004, 37.718277
1046, 765, -0.0011999999405816197, -0.7171999645070173, False, 28.278358, 0.0, 0.0, 0.0, 7.606175, 0.49000004, 37.718277
1046, 766, -0.0011999999405816197, -0.7183999644475989, False, 28.158356, 0.0, 0.0, 0.0, 7.606175, 0.49000004, 37.718277
1046, 767, -0.0011999999405816197, -0.7195999643881805, False, 28.038353, 0.0, 0.0, 0.0, 7.606175, 0.49000004, 37.718277
1046, 768, -0.0011999999405816197, -0.7207999643287621, False, 27.91835, 0.0, 0.0, 0.0, 7.606175, 0.49000004, 37.718277
1046, 769, -0.0011999999405816197, -0.7219999642693438, False, 27.798347, 0.0, 0.0, 0.0, 7.606175, 0.49000004, 37.718277
1046, 770, -0.0011999999405816197, -0.7231999642099254, False, 27.678345, 0.0, 0.0, 0.0, 7.606175, 0.49000004, 37.718277
1046, 771, -0.0011999999405816197, -0.724399964150507, False, 27.558342, 0.0, 0.0, 0.0, 7.606175, 0.49000004, 37.718277
1046, 772, -0.0011999999405816197, -0.7255999640910886, False, 27.43834, 0.0, 0.0, 0.0, 7.606175, 0.49000004, 37.718277
1046, 773, -0.0011999999405816197, -0.7267999640316702, False, 27.318336, 0.0, 0.0, 0.0, 7.606175, 0.49000004, 37.718277
1046, 774, -0.0011999999405816197, -0.7279999639722519, False, 27.198334, 0.0, 0.0, 0.0, 7.606175, 0.49000004, 37.718277
1046, 775, -0.0011999999405816197, -0.7291999639128335, False, 27.078331, 0.0, 0.0, 0.0, 7.606175, 0.49000004, 37.718277
1046, 776, -0.0011999999405816197, -0.7303999638534151, False, 26.958328, 0.0, 0.0, 0.0, 7.606175, 0.49000004, 37.718277
1046, 777, -0.0011999999405816197, -0.7315999637939967, False, 26.838326, 0.0, 0.0, 0.0, 7.606175, 0.49000004, 37.718277
1046, 778, -0.0011999999405816197, -0.7327999637345783, False, 26.718323, 0.0, 0.0, 0.0, 7.606175, 0.49000004, 37.718277
1046, 779, -0.0011999999405816197, -0.73399996367516, False, 26.59832, 0.0, 0.0, 0.0, 7.606175, 0.49000004, 37.718277
1046, 780, -0.0011999999405816197, -0.7351999636157416, False, 26.478317, 0.0, 0.0, 0.0, 7.606175, 0.49000004, 37.718277
1046, 781, -0.0011999999405816197, -0.7363999635563232, False, 26.358315, 0.0, 0.0, 0.0, 7.606175, 0.49000004, 37.718277
1046, 782, -0.0011999999405816197, -0.7375999634969048, False, 26.238312, 0.0, 0.0, 0.0, 7.606175, 0.49000004, 37.718277
1046, 783, -0.0011999999405816197, -0.7387999634374864, False, 26.118309, 0.0, 0.0, 0.0, 7.606175, 0.49000004, 37.718277
1046, 784, -0.0011999999405816197, -0.7399999633780681, False, 25.998306, 0.0, 0.0, 0.0, 7.606175, 0.49000004, 37.718277
1046, 785, -0.0011999999405816197, -0.7411999633186497, False, 25.878304, 0.0, 0.0, 0.0, 7.606175, 0.49000004, 37.718277
1046, 786, -0.0011999999405816197, -0.7423999632592313, False, 25.7583, 0.0, 0.0, 0.0, 7.606175, 0.49000004, 37.718277
1046, 787, -0.0011999999405816197, -0.7435999631998129, False, 25.638298, 0.0, 0.0, 0.0, 7.606175, 0.49000004, 37.718277
1046, 788, -0.0011999999405816197, -0.7447999631403945, False, 25.518295, 0.0, 0.0, 0.0, 7.606175, 0.49000004, 37.718277
1046, 789, -0.0011999999405816197, -0.7459999630809762, False, 25.398293, 0.0, 0.0, 0.0, 7.606175, 0.49000004, 37.718277
1046, 790, -0.0011999999405816197, -0.7471999630215578, False, 25.27829, 0.0, 0.0, 0.0, 7.606175, 0.49000004, 37.718277
1046, 791, -0.0011999999405816197, -0.7483999629621394, False, 25.158287, 0.0, 0.0, 0.0, 7.606175, 0.49000004, 37.718277
1046, 792, -0.0011999999405816197, -0.749599962902721, False, 25.038284, 0.0, 0.0, 0.0, 7.606175, 0.49000004, 37.718277
1046, 793, -0.0011999999405816197, -0.7507999628433026, False, 24.918282, 0.0, 0.0, 0.0, 7.606175, 0.49000004, 37.718277
1046, 794, -0.0011999999405816197, -0.7519999627838843, False, 24.798279, 0.0, 0.0, 0.0, 7.606175, 0.49000004, 37.718277
1046, 795, -0.0011999999405816197, -0.7531999627244659, False, 24.678276, 0.0, 0.0, 0.0, 7.606175, 0.49000004, 37.718277
1046, 796, -0.0011999999405816197, -0.7543999626650475, False, 24.558273, 0.0, 0.0, 0.0, 7.606175, 0.49000004, 37.718277
1046, 797, -0.0011999999405816197, -0.7555999626056291, False, 24.43827, 0.0, 0.0, 0.0, 7.606175, 0.49000004, 37.718277
1046, 798, -0.0011999999405816197, -0.7567999625462107, False, 24.318268, 0.0, 0.0, 0.0, 7.606175, 0.49000004, 37.718277
1046, 799, -0.0011999999405816197, -0.7579999624867924, False, 24.198265, 0.0, 0.0, 0.0, 7.606175, 0.49000004, 37.718277
1046, 800, -0.0011999999405816197, -0.759199962427374, False, 24.078262, 0.0, 0.0, 0.0, 7.606175, 0.49000004, 37.718277
1046, 801, -0.0011999999405816197, -0.7603999623679556, False, 23.95826, 0.0, 0.0, 0.0, 7.606175, 0.49000004, 37.718277
1046, 802, -0.0011999999405816197, -0.7615999623085372, False, 23.838257, 0.0, 0.0, 0.0, 7.606175, 0.49000004, 37.718277
1046, 803, -0.0011999999405816197, -0.7627999622491188, False, 23.718254, 0.0, 0.0, 0.0, 7.606175, 0.49000004, 37.718277
1046, 804, -0.0011999999405816197, -0.7639999621897005, False, 23.598251, 0.0, 0.0, 0.0, 7.606175, 0.49000004, 37.718277
1046, 805, -0.0011999999405816197, -0.7651999621302821, False, 23.478249, 0.0, 0.0, 0.0, 7.606175, 0.49000004, 37.718277
1046, 806, -0.0011999999405816197, -0.7663999620708637, False, 23.358246, 0.0, 0.0, 0.0, 7.606175, 0.49000004, 37.718277
1046, 807, -0.0011999999405816197, -0.7675999620114453, False, 23.238243, 0.0, 0.0, 0.0, 7.606175, 0.49000004, 37.718277
1046, 808, -0.0011999999405816197, -0.7687999619520269, False, 23.11824, 0.0, 0.0, 0.0, 7.606175, 0.49000004, 37.718277
1046, 809, -0.0011999999405816197, -0.7699999618926086, False, 22.998238, 0.0, 0.0, 0.0, 7.606175, 0.49000004, 37.718277
1046, 810, -0.0011999999405816197, -0.7711999618331902, False, 22.878235, 0.0, 0.0, 0.0, 7.606175, 0.49000004, 37.718277
1046, 811, -0.0011999999405816197, -0.7723999617737718, False, 22.758232, 0.0, 0.0, 0.0, 7.606175, 0.49000004, 37.718277
1046, 812, -0.0011999999405816197, -0.7735999617143534, False, 22.63823, 0.0, 0.0, 0.0, 7.606175, 0.49000004, 37.718277
1046, 813, -0.0011999999405816197, -0.774799961654935, False, 22.518227, 0.0, 0.0, 0.0, 7.606175, 0.49000004, 37.718277
1046, 814, -0.0011999999405816197, -0.7759999615955167, False, 22.398224, 0.0, 0.0, 0.0, 7.606175, 0.49000004, 37.718277
1046, 815, -0.0011999999405816197, -0.7771999615360983, False, 22.278221, 0.0, 0.0, 0.0, 7.606175, 0.49000004, 37.718277
1046, 816, -0.0011999999405816197, -0.7783999614766799, False, 22.158218, 0.0, 0.0, 0.0, 7.606175, 0.49000004, 37.718277
1046, 817, -0.0011999999405816197, -0.7795999614172615, False, 22.038216, 0.0, 0.0, 0.0, 7.606175, 0.49000004, 37.718277
1046, 818, -0.0011999999405816197, -0.7807999613578431, False, 21.918213, 0.0, 0.0, 0.0, 7.606175, 0.49000004, 37.718277
1046, 819, -0.0011999999405816197, -0.7819999612984248, False, 21.79821, 0.0, 0.0, 0.0, 7.606175, 0.49000004, 37.718277
1046, 820, -0.0011999999405816197, -0.7831999612390064, False, 21.678207, 0.0, 0.0, 0.0, 7.606175, 0.49000004, 37.718277
1046, 821, -0.0011999999405816197, -0.784399961179588, False, 21.558205, 0.0, 0.0, 0.0, 7.606175, 0.49000004, 37.718277
1046, 822, -0.0011999999405816197, -0.7855999611201696, False, 21.438202, 0.0, 0.0, 0.0, 7.606175, 0.49000004, 37.718277
1046, 823, -0.0011999999405816197, -0.7867999610607512, False, 21.3182, 0.0, 0.0, 0.0, 7.606175, 0.49000004, 37.718277
1046, 824, -0.0011999999405816197, -0.7879999610013328, False, 21.198196, 0.0, 0.0, 0.0, 7.606175, 0.49000004, 37.718277
1046, 825, -0.0011999999405816197, -0.7891999609419145, False, 21.078194, 0.0, 0.0, 0.0, 7.606175, 0.49000004, 37.718277
1046, 826, -0.0011999999405816197, -0.7903999608824961, False, 20.95819, 0.0, 0.0, 0.0, 7.606175, 0.49000004, 37.718277
1046, 827, -0.0011999999405816197, -0.7915999608230777, False, 20.838188, 0.0, 0.0, 0.0, 7.606175, 0.49000004, 37.718277
1046, 828, -0.0011999999405816197, -0.7927999607636593, False, 20.718185, 0.0, 0.0, 0.0, 7.606175, 0.49000004, 37.718277
1046, 829, -0.0011999999405816197, -0.793999960704241, False, 20.598183, 3.7252903e-08, 0.0, 2.4810271, 7.70643, 0.49000004, 37.714775
1046, 830, -0.0011999999405816197, -0.7951999606448226, False, 20.47818, -0.14015356, 0.0, 1.3334707, 7.8075323, 0.49000004, 37.711243
1046, 831, -0.0011999999405816197, -0.7963999605854042, False, 20.358177, -7.450581e-09, 0.0, 0.5868718, 7.856412, 0.49000004, 37.709538
1046, 832, -0.0011999999405816197, -0.7975999605259858, False, 20.238174, -0.009234072, 0.0, 0.087856255, 7.8707604, 0.49000004, 37.709038
1046, 833, -0.0011999999405816197, -0.7987999604665674, False, 20.118172, -0.0065009296, 0.0, -2.4013453, 7.776372, 0.49000004, 37.722736
1046, 834, -0.0011999999405816197, -0.799999960407149, False, 19.998169, -0.0034872293, 0.0, -1.2881284, 7.679846, 0.49000004, 37.73657
1046, 835, -0.0011999999405816197, -0.8011999603477307, False, 19.878166, -0.0014944598, 0.0, -0.55203426, 7.633821, 0.49000004, 37.743168
1046, 836, -0.0011999999405816197, -0.8023999602883123, False, 19.758163, -0.00017679669, 0.0, -0.06530566, 7.621189, 0.49000004, 37.74498
1046, 837, -0.0011999999405816197, -0.8035999602288939, False, 19.63816, 0.0, 0.0, 0.0, 7.62118, 0.49000004, 37.74498
1046, 838, -0.0011999999405816197, -0.8047999601694755, False, 19.518158, 0.0, 0.0, 0.0, 7.62118, 0.49000004, 37.74498
1046, 839, -0.0011999999405816197, -0.8059999601100571, False, 19.398155, 0.0, 0.0, 0.0, 7.62118, 0.49000004, 37.74498
1046, 840, -0.0011999999405816197, -0.8071999600506388, False, 19.278152, 0.0, 0.0, 0.0, 7.62118, 0.49000004, 37.74498
1046, 841, -0.0011999999405816197, -0.8083999599912204, False, 19.15815, -2.9802322e-08, 0.0, 2.4810274, 7.7205205, 0.49000004, 37.73102
1046, 842, -0.0011999999405816197, -0.809599959931802, False, 19.038147, -1.4901161e-08, 0.0, -0.66480434, 7.7373624, 0.49000004, 37.728653
1046, 843, -0.0011999999405816197, -0.8107999598723836, False, 18.918144, -1.8626451e-09, 0.0, -0.13987172, 7.719608, 0.49000004, 37.731148
1046, 844, -0.0011999999405816197, -0.8119999598129652, False, 18.798141, 3.435681e-18, 0.0, 4.828646e-19, 7.7194505, 0.49000004, 37.73117
1046, 845, -0.0011999999405816197, -0.8131999597535469, False, 18.678139, 0.0, 0.0, 0.0, 7.7194505, 0.49000004, 37.73117
1046, 846, -0.0011999999405816197, -0.8143999596941285, False, 18.558136, 0.0, 0.0, 0.0, 7.7194505, 0.49000004, 37.73117
1046, 847, -0.0011999999405816197, -0.8155999596347101, False, 18.438133, 0.0, 0.0, 0.0, 7.7194505, 0.49000004, 37.73117
1046, 848, -0.0011999999405816197, -0.8167999595752917, False, 18.31813, 0.0, 0.0, 0.0, 7.7194505, 0.49000004, 37.73117
1046, 849, -0.0011999999405816197, -0.8179999595158733, False, 18.198128, 0.0, 0.0, 0.0, 7.7194505, 0.49000004, 37.73117
1046, 850, -0.0011999999405816197, -0.819199959456455, False, 18.078125, 0.0, 0.0, 0.0, 7.7194505, 0.49000004, 37.73117
1046, 851, -0.0011999999405816197, -0.8203999593970366, False, 17.958122, 0.0, 0.0, 0.0, 7.7194505, 0.49000004, 37.73117
1046, 852, -0.0011999999405816197, -0.8215999593376182, False, 17.83812, 0.0, 0.0, 0.0, 7.7194505, 0.49000004, 37.73117
1046, 853, -0.0011999999405816197, -0.8227999592781998, False, 17.718117, 0.0, 0.0, 0.0, 7.7194505, 0.49000004, 37.73117
1046, 854, -0.0011999999405816197, -0.8239999592187814, False, 17.598114, 0.0, 0.0, 0.0, 7.7194505, 0.49000004, 37.73117
1046, 855, -0.0011999999405816197, -0.8251999591593631, False, 17.478111, 0.0, 0.0, 0.0, 7.7194505, 0.49000004, 37.73117
1046, 856, -0.0011999999405816197, -0.8263999590999447, False, 17.358109, 0.0, 0.0, 0.0, 7.7194505, 0.49000004, 37.73117
1046, 857, -0.0011999999405816197, -0.8275999590405263, False, 17.238106, 0.0, 0.0, 0.0, 7.7194505, 0.49000004, 37.73117
1046, 858, -0.0011999999405816197, -0.8287999589811079, False, 17.118103, 0.0, 0.0, 0.0, 7.7194505, 0.49000004, 37.73117
1046, 859, -0.0011999999405816197, -0.8299999589216895, False, 16.9981, 0.0, 0.0, 0.0, 7.7194505, 0.49000004, 37.73117
1046, 860, -0.0011999999405816197, -0.8311999588622712, False, 16.878098, 0.0, 0.0, 0.0, 7.7194505, 0.49000004, 37.73117
1046, 861, -0.0011999999405816197, -0.8323999588028528, False, 16.758095, 0.0, 0.0, 0.0, 7.7194505, 0.49000004, 37.73117
1046, 862, -0.0011999999405816197, -0.8335999587434344, False, 16.638092, 0.0, 0.0, 0.0, 7.7194505, 0.49000004, 37.73117
1046, 863, -0.0011999999405816197, -0.834799958684016, False, 16.51809, 0.0, 0.0, 0.0, 7.7194505, 0.49000004, 37.73117
1046, 864, -0.0011999999405816197, -0.8359999586245976, False, 16.398087, 0.0, 0.0, 0.0, 7.7194505, 0.49000004, 37.73117
1046, 865, -0.0011999999405816197, -0.8371999585651793, False, 16.278084, 0.0, 0.0, 0.0, 7.7194505, 0.49000004, 37.73117
1046, 866, -0.0011999999405816197, -0.8383999585057609, False, 16.158081, 0.0, 0.0, 0.0, 7.7194505, 0.49000004, 37.73117
1046, 867, -0.0011999999405816197, -0.8395999584463425, False, 16.038078, 0.0, 0.0, 0.0, 7.7194505, 0.49000004, 37.73117
1046, 868, -0.0011999999405816197, -0.8407999583869241, False, 15.918078, 0.0, 0.0, 0.0, 7.7194505, 0.49000004, 37.73117
1046, 869, -0.0011999999405816197, -0.8419999583275057, False, 15.798079, 0.0, 0.0, 0.0, 7.7194505, 0.49000004, 37.73117
1046, 870, -0.0011999999405816197, -0.8431999582680874, False, 15.678079, 0.16571882, 0.0, -2.474432, 7.6193504, 0.49000004, 37.737175
1046, 871, -0.0011999999405816197, -0.844399958208669, False, 15.558079, 0.08955057, 0.0, -1.3371245, 7.518502, 0.49000004, 37.744526
1046, 872, -0.0011999999405816197, -0.8455999581492506, False, 15.438079, 0.042479932, 0.0, 1.4785193, 7.555869, 0.49000004, 37.736305
1046, 873, -0.0011999999405816197, -0.8467999580898322, False, 15.318079, 0.09025011, 0.0, 0.6722986, 7.610336, 0.49000004, 37.727047
1046, 874, -0.0011999999405816197, -0.8479999580304138, False, 15.198079, 0.0042738877, 0.0, 0.14875333, 7.628622, 0.49000004, 37.723938
1046, 875, -0.0011999999405816197, -0.8491999579709955, False, 15.078079, -1.1931851e-17, 0.0, -5.5961707e-17, 7.628934, 0.49000004, 37.723885
1046, 876, -0.0011999999405816197, -0.8503999579115771, False, 14.958079, -1.636009e-39, 0.0, 1.164054e-38, 7.628934, 0.49000004, 37.723885
1046, 877, -0.0011999999405816197, -0.8515999578521587, False, 14.838079, 0.0, 0.0, 0.0, 7.628934, 0.49000004, 37.723885
1046, 878, -0.0011999999405816197, -0.8527999577927403, False, 14.71808, 0.0, 0.0, 0.0, 7.628934, 0.49000004, 37.723885
1046, 879, -0.0011999999405816197, -0.8539999577333219, False, 14.59808, 0.0, 0.0, 0.0, 7.628934, 0.49000004, 37.723885
1046, 880, -0.0011999999405816197, -0.8551999576739036, False, 14.47808, 0.0, 0.0, 0.0, 7.628934, 0.49000004, 37.723885
1046, 881, -0.0011999999405816197, -0.8563999576144852, False, 14.35808, 0.0, 0.0, 0.0, 7.628934, 0.49000004, 37.723885
1046, 882, -0.0011999999405816197, -0.8575999575550668, False, 14.23808, 0.0, 0.0, 0.0, 7.628934, 0.49000004, 37.723885
1046, 883, -0.0011999999405816197, -0.8587999574956484, False, 14.11808, 0.0, 0.0, 0.0, 7.628934, 0.49000004, 37.723885
1046, 884, -0.0011999999405816197, -0.85999995743623, False, 13.99808, 0.0, 0.0, 0.0, 7.628934, 0.49000004, 37.723885
1046, 885, -0.0011999999405816197, -0.8611999573768117, False, 13.87808, 0.0, 0.0, 0.0, 7.628934, 0.49000004, 37.723885
1046, 886, -0.0011999999405816197, -0.8623999573173933, False, 13.7580805, 0.0, 0.0, 0.0, 7.628934, 0.49000004, 37.723885
1046, 887, -0.0011999999405816197, -0.8635999572579749, False, 13.638081, 0.0, 0.0, 0.0, 7.628934, 0.49000004, 37.723885
1046, 888, -0.0011999999405816197, -0.8647999571985565, False, 13.518081, 0.0, 0.0, 0.0, 7.628934, 0.49000004, 37.723885
1046, 889, -0.0011999999405816197, -0.8659999571391381, False, 13.398081, 0.0, 0.0, 0.0, 7.628934, 0.49000004, 37.723885
1046, 890, -0.0011999999405816197, -0.8671999570797198, False, 13.278081, 0.0, 0.0, 0.0, 7.628934, 0.49000004, 37.723885
1046, 891, -0.0011999999405816197, -0.8683999570203014, False, 13.158081, 0.0, 0.0, 0.0, 7.628934, 0.49000004, 37.723885
1046, 892, -0.0011999999405816197, -0.869599956960883, False, 13.038081, 0.0, 0.0, 0.0, 7.628934, 0.49000004, 37.723885
1046, 893, -0.0011999999405816197, -0.8707999569014646, False, 12.918081, 0.0, 0.0, 0.0, 7.628934, 0.49000004, 37.723885
1046, 894, -0.0011999999405816197, -0.8719999568420462, False, 12.798081, 0.0, 0.0, 0.0, 7.628934, 0.49000004, 37.723885
1046, 895, -0.0011999999405816197, -0.8731999567826279, False, 12.6780815, -0.16571933, 0.0, 2.474432, 7.7291136, 0.49000004, 37.728374
1046, 896, -0.0011999999405816197, -0.8743999567232095, False, 12.558082, -0.22882794, 0.0, 1.3204389, 7.8301773, 0.49000004, 37.73161
1046, 897, -0.0011999999405816197, -0.8755999566637911, False, 12.438082, -0.039185748, 0.0, 0.5851008, 7.8790298, 0.49000004, 37.733173
1046, 898, -0.0011999999405816197, -0.8767999566043727, False, 12.318082, -0.015032296, 0.0, 0.08674305, 7.893359, 0.49000004, 37.733635
1046, 899, -0.0011999999405816197, -0.8779999565449543, False, 12.198082, -1.7505401e-24, 0.0, 2.6424785e-23, 7.8933716, 0.49000004, 37.733635
1046, 900, -0.0011999999405816197, -0.879199956485536, False, 12.078082, 0.0, 0.0, 0.0, 7.8933716, 0.49000004, 37.733635
1046, 901, -0.0011999999405816197, -0.8803999564261176, False, 11.958082, 0.0, 0.0, 0.0, 7.8933716, 0.49000004, 37.733635
1046, 902, -0.0011999999405816197, -0.8815999563666992, False, 11.838082, 0.0, 0.0, 0.0, 7.8933716, 0.49000004, 37.733635
1046, 903, -0.0011999999405816197, -0.8827999563072808, False, 11.718082, 0.0, 0.0, 0.0, 7.8933716, 0.49000004, 37.733635
1046, 904, -0.0011999999405816197, -0.8839999562478624, False, 11.598083, 0.0, 0.0, 0.0, 7.8933716, 0.49000004, 37.733635
1046, 905, -0.0011999999405816197, -0.885199956188444, False, 11.478083, 0.0, 0.0, 0.0, 7.8933716, 0.49000004, 37.733635
1046, 906, -0.0011999999405816197, -0.8863999561290257, False, 11.358083, 0.0, 0.0, 0.0, 7.8933716, 0.49000004, 37.733635
1046, 907, -0.0011999999405816197, -0.8875999560696073, False, 11.238083, 0.0, 0.0, 0.0, 7.8933716, 0.49000004, 37.733635
1046, 908, -0.0011999999405816197, -0.8887999560101889, False, 11.118083, 0.0, 0.0, 0.0, 7.8933716, 0.49000004, 37.733635
1046, 909, -0.0011999999405816197, -0.8899999559507705, False, 10.998083, 0.0, 0.0, 0.0, 7.8933716, 0.49000004, 37.733635
1046, 910, -0.0011999999405816197, -0.8911999558913521, False, 10.878083, 0.0, 0.0, 0.0, 7.8933716, 0.49000004, 37.733635
1046, 911, -0.0011999999405816197, -0.8923999558319338, False, 10.758083, 0.0, 0.0, 0.0, 7.8933716, 0.49000004, 37.733635
1046, 912, -0.0011999999405816197, -0.8935999557725154, False, 10.638083, 0.0, 0.0, 0.0, 7.8933716, 0.49000004, 37.733635
1046, 913, -0.0011999999405816197, -0.894799955713097, False, 10.518084, 0.0, 0.0, 0.0, 7.8933716, 0.49000004, 37.733635
1046, 914, -0.0011999999405816197, -0.8959999556536786, False, 10.398084, 0.0, 0.0, 0.0, 7.8933716, 0.49000004, 37.733635
1046, 915, -0.0011999999405816197, -0.8971999555942602, False, 10.278084, 0.0, 0.0, 0.0, 7.8933716, 0.49000004, 37.733635
1046, 916, -0.0011999999405816197, -0.8983999555348419, False, 10.158084, 0.0, 0.0, 0.0, 7.8933716, 0.49000004, 37.733635
1046, 917, -0.0011999999405816197, -0.8995999554754235, False, 10.038084, 0.0, 0.0, 0.0, 7.8933716, 0.49000004, 37.733635
1046, 918, -0.0011999999405816197, -0.9007999554160051, False, 9.918084, 0.0, 0.0, 0.0, 7.8933716, 0.49000004, 37.733635
1046, 919, -0.0011999999405816197, -0.9019999553565867, False, 9.798084, 0.0, 0.0, 0.0, 7.8933716, 0.49000004, 37.733635
1046, 920, -0.0011999999405816197, -0.9031999552971683, False, 9.678084, 0.0, 0.0, 0.0, 7.8933716, 0.49000004, 37.733635
1046, 921, -0.0011999999405816197, -0.90439995523775, False, 9.5580845, -0.16571903, 0.0, -2.4744325, 7.7937493, 0.49000004, 37.745102
1046, 922, -0.0011999999405816197, -0.9055999551783316, False, 9.438085, -0.08955069, 0.0, -1.3371246, 7.693157, 0.49000004, 37.755375
1046, 923, -0.0011999999405816197, -0.9067999551189132, False, 9.318085, 0.022188708, 0.0, -0.5859918, 7.644532, 0.49000004, 37.760338
1046, 924, -0.0011999999405816197, -0.9079999550594948, False, 9.198085, 0.012370408, 0.0, 1.9496726, 7.711131, 0.49000004, 37.750145
1046, 925, -0.0011999999405816197, -0.9091999550000764, False, 9.078085, 0.006278023, 0.0, 0.9894732, 7.7871284, 0.49000004, 37.73897
1046, 926, -0.0011999999405816197, -0.9103999549406581, False, 8.958085, 0.03929885, 0.0, 0.35238162, 7.819588, 0.49000004, 37.7342
1046, 927, -0.0011999999405816197, -0.9115999548812397, False, 8.838085, 0.0, 0.0, 0.0, 7.824559, 0.49000004, 37.733467
1046, 928, -0.0011999999405816197, -0.9127999548218213, False, 8.718085, 0.0, 0.0, 0.0, 7.824559, 0.49000004, 37.733467
1046, 929, -0.0011999999405816197, -0.9139999547624029, False, 8.598085, 0.0, 0.0, 0.0, 7.824559, 0.49000004, 37.733467
1046, 930, -0.0011999999405816197, -0.9151999547029845, False, 8.4780855, 0.0, 0.0, 0.0, 7.824559, 0.49000004, 37.733467
1046, 931, -0.0011999999405816197, -0.9163999546435662, False, 8.358086, 0.0, 0.0, 0.0, 7.824559, 0.49000004, 37.733467
1046, 932, -0.0011999999405816197, -0.9175999545841478, False, 8.238086, -0.16571903, 0.0, -2.4744325, 7.724937, 0.49000004, 37.744934
1046, 933, -0.0011999999405816197, -0.9187999545247294, False, 8.118086, 0.050707594, 0.0, -1.3391603, 7.624345, 0.49000004, 37.755207
1046, 934, -0.0011999999405816197, -0.919999954465311, False, 7.998086, -0.03918571, 0.0, -0.585101, 7.57572, 0.49000004, 37.76017
1046, 935, -0.0011999999405816197, -0.9211999544058926, False, 7.878086, 0.003331121, 0.0, -0.08797302, 7.561458, 0.49000004, 37.761627
1046, 936, -0.0011999999405816197, -0.9223999543464743, False, 7.758086, 0.002345115, 0.0, 2.401233, 7.6558776, 0.49000004, 37.748203
1046, 937, -0.0011999999405816197, -0.9235999542870559, False, 7.6380863, 0.13588937, 0.0, 1.2808657, 7.7524223, 0.49000004, 37.734543
1046, 938, -0.0011999999405816197, -0.9247999542276375, False, 7.5180864, 0.0005390346, 0.0, 0.5519837, 7.7984548, 0.49000004, 37.728024
1046, 939, -0.0011999999405816197, -0.9259999541682191, False, 7.3980865, 0.006886108, 0.0, 0.06490709, 7.8110876, 0.49000004, 37.726234
1046, 940, -0.0011999999405816197, -0.9271999541088007, False, 7.2780867, -4.074439e-25, 0.0, 2.6672662e-23, 7.8110967, 0.49000004, 37.726234
1046, 941, -0.0011999999405816197, -0.9283999540493824, False, 7.158087, 0.0, 0.0, 0.0, 7.8110967, 0.49000004, 37.726234
1046, 942, -0.0011999999405816197, -0.929599953989964, False, 7.038087, 0.0, 0.0, 0.0, 7.8110967, 0.49000004, 37.726234
1046, 943, -0.0011999999405816197, -0.9307999539305456, False, 6.918087, 0.0, 0.0, 0.0, 7.8110967, 0.49000004, 37.726234
1046, 944, -0.0011999999405816197, -0.9319999538711272, False, 6.798087, -0.16571903, 0.0, -2.4744325, 7.7114744, 0.49000004, 37.7377
1046, 945, -0.0011999999405816197, -0.9331999538117088, False, 6.678087, 0.050707594, 0.0, -1.3391603, 7.6108823, 0.49000004, 37.747974
1046, 946, -0.0011999999405816197, -0.9343999537522905, False, 6.5580873, 0.023839131, 0.0, 1.4788438, 7.648454, 0.49000004, 37.741024
1046, 947, -0.0011999999405816197, -0.9355999536928721, False, 6.4380875, 0.010932364, 0.0, 0.67817926, 7.703029, 0.49000004, 37.732452
1046, 948, -0.0011999999405816197, -0.9367999536334537, False, 6.3180876, 0.0023979377, 0.0, 0.14875455, 7.7213507, 0.49000004, 37.729576
1046, 949, -0.0011999999405816197, -0.9379999535740353, False, 6.1980877, -7.725834e-18, 0.0, 5.4970896e-17, 7.7216625, 0.49000004, 37.729527
1046, 950, -0.0011999999405816197, -0.9391999535146169, False, 6.078088, 1.636009e-39, 0.0, -1.164054e-38, 7.7216625, 0.49000004, 37.729527
1046, 951, -0.0011999999405816197, -0.9403999534551986, False, 5.958088, 0.0, 0.0, 0.0, 7.7216625, 0.49000004, 37.729527
1046, 952, -0.0011999999405816197, -0.9415999533957802, False, 5.838088, 0.0, 0.0, 0.0, 7.7216625, 0.49000004, 37.729527
1046, 953, -0.0011999999405816197, -0.9427999533363618, False, 5.718088, 0.0, 0.0, 0.0, 7.7216625, 0.49000004, 37.729527
1046, 954, -0.0011999999405816197, -0.9439999532769434, False, 5.5980883, 0.0, 0.0, 0.0, 7.7216625, 0.49000004, 37.729527
1046, 955, -0.0011999999405816197, -0.945199953217525, False, 5.4780884, -0.16571903, 0.0, -2.4744325, 7.6220403, 0.49000004, 37.740993
1046, 956, -0.0011999999405816197, -0.9463999531581067, False, 5.3580885, 0.050707594, 0.0, -1.3391603, 7.521448, 0.49000004, 37.751266
1046, 957, -0.0011999999405816197, -0.9475999530986883, False, 5.2380886, -0.03918571, 0.0, -0.585101, 7.472823, 0.49000004, 37.75623
1046, 958, -0.0011999999405816197, -0.9487999530392699, False, 5.1180887, 0.003331121, 0.0, -0.08797302, 7.4585614, 0.49000004, 37.757687
1046, 959, -0.0011999999405816197, -0.9499999529798515, False, 4.998089, 0.0, 0.0, 0.0, 7.458549, 0.49000004, 37.757687
1046, 960, -0.0011999999405816197, -0.9511999529204331, False, 4.878089, 0.0, 0.0, 0.0, 7.458549, 0.49000004, 37.757687
1046, 961, -0.0011999999405816197, -0.9523999528610148, False, 4.758089, 0.0, 0.0, 0.0, 7.458549, 0.49000004, 37.757687
1046, 962, -0.0011999999405816197, -0.9535999528015964, False, 4.638089, 0.0, 0.0, 0.0, 7.458549, 0.49000004, 37.757687
1046, 963, -0.0011999999405816197, -0.954799952742178, False, 4.5180893, 0.16571906, 0.0, 2.4744325, 7.558378, 0.49000004, 37.76718
1046, 964, -0.0011999999405816197, -0.9559999526827596, False, 4.3980894, -0.050707787, 0.0, 1.3391604, 7.6589084, 0.49000004, 37.778046
1046, 965, -0.0011999999405816197, -0.9571999526233412, False, 4.2780895, 0.039185714, 0.0, 0.58510095, 7.707503, 0.49000004, 37.7833
1046, 966, -0.0011999999405816197, -0.9583999525639229, False, 4.1580896, -0.19000882, 0.0, 3.005589, 7.83942, 0.49000004, 37.801994
1046, 967, -0.0011999999405816197, -0.9595999525045045, False, 4.0380898, -0.28261772, 0.0, 1.667864, 7.9637904, 0.49000004, 37.818626
1046, 968, -0.0011999999405816197, -0.9607999524450861, False, 3.9180899, -0.18805401, 0.0, -1.1660584, 7.9445868, 0.49000004, 37.82806
1046, 969, -0.0011999999405816197, -0.9619999523856677, False, 3.79809, -0.026541773, 0.0, -0.48054683, 7.9031644, 0.49000004, 37.831802
1046, 970, -0.0011999999405816197, -0.9631999523262493, False, 3.67809, 0.0009171249, 0.0, -0.018496374, 7.8936844, 0.49000004, 37.83266
1046, 971, -0.0011999999405816197, -0.964399952266831, False, 3.5580902, -5.9571083e-25, 0.0, -6.6422846e-24, 7.893682, 0.49000004, 37.83266
1046, 972, -0.0011999999405816197, -0.9655999522074126, False, 3.4380903, 0.0, 0.0, 0.0, 7.893682, 0.49000004, 37.83266
1046, 973, -0.0011999999405816197, -0.9667999521479942, False, 3.3180904, 0.0, 0.0, 0.0, 7.893682, 0.49000004, 37.83266
1046, 974, -0.0011999999405816197, -0.9679999520885758, False, 3.1980906, 0.0, 0.0, 0.0, 7.893682, 0.49000004, 37.83266
1046, 975, -0.0011999999405816197, -0.9691999520291574, False, 3.0780907, 0.0, 0.0, 0.0, 7.893682, 0.49000004, 37.83266
1046, 976, -0.0011999999405816197, -0.970399951969739, False, 2.9580908, 0.0, 0.0, 0.0, 7.893682, 0.49000004, 37.83266
1046, 977, -0.0011999999405816197, -0.9715999519103207, False, 2.838091, 0.0, 0.0, 0.0, 7.893682, 0.49000004, 37.83266
1046, 978, -0.0011999999405816197, -0.9727999518509023, False, 2.718091, 0.0, 0.0, 0.0, 7.893682, 0.49000004, 37.83266
1046, 979, -0.0011999999405816197, -0.9739999517914839, False, 2.5980911, 0.0, 0.0, 0.0, 7.893682, 0.49000004, 37.83266
1046, 980, -0.0011999999405816197, -0.9751999517320655, False, 2.4780912, 0.0, 0.0, 0.0, 7.893682, 0.49000004, 37.83266
1046, 981, -0.0011999999405816197, -0.9763999516726471, False, 2.3580914, 0.0, 0.0, 0.0, 7.893682, 0.49000004, 37.83266
1046, 982, -0.0011999999405816197, -0.9775999516132288, False, 2.2380915, 0.0, 0.0, 0.0, 7.893682, 0.49000004, 37.83266
1046, 983, -0.0011999999405816197, -0.9787999515538104, False, 2.1180916, 0.0, 0.0, 0.0, 7.893682, 0.49000004, 37.83266
1046, 984, -0.0011999999405816197, -0.979999951494392, False, 1.9980917, 0.0, 0.0, 0.0, 7.893682, 0.49000004, 37.83266
1046, 985, -0.0011999999405816197, -0.9811999514349736, False, 1.8780918, -0.16571903, 0.0, -2.4744325, 7.7940598, 0.49000004, 37.844128
1046, 986, -0.0011999999405816197, -0.9823999513755552, False, 1.7580919, 0.050707594, 0.0, -1.3391603, 7.6934676, 0.49000004, 37.8544
1046, 987, -0.0011999999405816197, -0.9835999513161369, False, 1.638092, 0.023839131, 0.0, 1.4788438, 7.7310395, 0.49000004, 37.84745
1046, 988, -0.0011999999405816197, -0.9847999512567185, False, 1.5180922, 0.08176157, 0.0, 0.67332137, 7.7856145, 0.49000004, 37.83888
1046, 989, -0.0011999999405816197, -0.9859999511973001, False, 1.3980923, 0.0023979377, 0.0, 0.14875455, 7.803936, 0.49000004, 37.836002
1046, 990, -0.0011999999405816197, -0.9871999511378817, False, 1.2780924, -1.937482e-18, 0.0, 5.5477333e-17, 7.804248, 0.49000004, 37.835953
1046, 991, -0.0011999999405816197, -0.9883999510784633, False, 1.1580925, 1.636009e-39, 0.0, -1.164054e-38, 7.804248, 0.49000004, 37.835953
1046, 992, -0.0011999999405816197, -0.989599951019045, False, 1.0380926, -2.9802322e-08, 0.0, 2.4810274, 7.9035883, 0.49000004, 37.821995
1046, 993, -0.0011999999405816197, -0.9907999509596266, False, 0.91809255, 0.14015347, 0.0, 1.3334703, 8.003767, 0.49000004, 37.80792
1046, 994, -0.0011999999405816197, -0.9919999509002082, False, 0.7980925, 0.06771877, 0.0, -1.4775964, 7.965549, 0.49000004, 37.80456
1046, 995, -0.0011999999405816197, -0.9931999508407898, False, 0.6780924, 0.10171757, 0.0, -0.6706715, 7.910303, 0.49000004, 37.80396
1046, 996, -0.0011999999405816197, -0.9943999507813714, False, 0.55809236, 0.0068134516, 0.0, -0.14866668, 7.891755, 0.49000004, 37.80376
1046, 997, -0.0011999999405816197, -0.9955999507219531, False, 0.43809235, 7.725834e-18, 0.0, -5.4970896e-17, 7.8914385, 0.49000004, 37.803757
1046, 998, -0.0011999999405816197, -0.9967999506625347, False, 0.31809238, -4.10278e-40, 0.0, 1.1747783e-38, 7.8914385, 0.49000004, 37.803757
1046, 999, -0.0011999999405816197, -0.9979999506031163, False, 0.1980924, 0.0, 0.0, 0.0, 7.8914385, 0.49000004, 37.803757
1046, 1000, -0.0011999999405816197, -0.9991999505436979, False, 0.07809241, 0.0, 0.0, 0.0, 7.8914385, 0.49000004, 37.803757
1046, 1001, -0.0007999999797903001, -0.9999999505234882, True, 0.0, 0.05957551, 0.0, -0.85196656, 7.874368, 0.49000004, 37.80435
