episode, step, reward, cumulative reward, done, health, vx, vy, vz, px, py, pz
1628, 1, 0.0, 0.0, False, 99.96, 0.0, -0.1899216, 0.0, 20.0, 0.50620157, 5.0
1628, 2, -0.0011999999405816197, -0.0011999999405816197, False, 99.84, -0.07695181, -0.06980896, 1.510284, 20.002218, 0.49034908, 5.0471187
1628, 3, -0.0011999999405816197, -0.0023999998811632395, False, 99.71999, -0.36367092, -0.0005579144, 3.7931688, 20.020002, 0.4900028, 5.229301
1628, 4, -0.0011999999405816197, -0.0035999998217448592, False, 99.59999, -0.8288605, -4.7683716e-06, 5.864388, 20.068632, 0.49000004, 5.53956
1628, 5, -0.0011999999405816197, -0.004799999762326479, False, 99.47999, -1.430614, 0.0, 7.691596, 20.16112, 0.49000004, 5.961789
1628, 6, -0.0011999999405816197, -0.005999999702908099, False, 99.359985, -1.3871033, 0.0, 4.6718626, 20.241678, 0.49000004, 6.298281
1628, 7, -0.0011999999405816197, -0.0071999996434897184, False, 99.23998, -1.7892648, 0.0, 6.5713196, 20.360535, 0.49000004, 6.649168
1628, 8, -0.0011999999405816197, -0.008399999584071338, False, 99.11998, -2.331594, 0.0, 8.246734, 20.559895, 0.49000004, 7.0854335
1628, 9, -0.0011999999405816197, -0.009599999524652958, False, 98.99998, -2.9738145, 0.0, 9.708535, 20.84435, 0.49000004, 7.588789
1628, 10, -0.0011999999405816197, -0.010799999465234578, False, 98.879974, -3.6837947, 0.0, 10.969063, 21.217066, 0.49000004, 8.141319
1628, 11, -0.0011999999405816197, -0.011999999405816197, False, 98.75997, -4.4349947, 0.0, 12.04216, 21.679672, 0.49000004, 8.725603
1628, 12, -0.0011999999405816197, -0.013199999346397817, False, 98.63997, -4.7810955, 0.0, 7.3528113, 22.033783, 0.49000004, 9.215
1628, 13, -0.0011999999405816197, -0.014399999286979437, False, 98.519966, -5.0248384, 0.0, 8.705627, 22.39882, 0.49000004, 9.662105
1628, 14, -0.0011999999405816197, -0.015599999227561057, False, 98.39996, -5.382299, 0.0, 9.896961, 22.876375, 0.49000004, 10.105494
1628, 15, -0.0011999999405816197, -0.016799999168142676, False, 98.27996, -5.8215823, 0.0, 10.935403, 23.45889, 0.49000004, 10.530293
1628, 16, -0.0011999999405816197, -0.017999999108724296, False, 98.15996, -6.316781, 0.0, 11.830196, 24.138102, 0.49000004, 10.922583
1628, 17, -0.0011999999405816197, -0.019199999049305916, False, 98.039955, -6.846674, 0.0, 12.591356, 24.90495, 0.49000004, 11.269515
1628, 18, -0.0011999999405816197, -0.020399998989887536, False, 97.91995, -7.393868, 0.0, 13.229486, 25.749594, 0.49000004, 11.559426
1628, 19, -0.0011999999405816197, -0.021599998930469155, False, 97.79995, -7.9441876, 0.0, 13.755541, 26.661459, 0.49000004, 11.78193
1628, 20, -0.0011999999405816197, -0.022799998871050775, False, 97.67995, -8.061602, 0.0, 8.599496, 27.415165, 0.49000004, 12.001852
1628, 21, -0.0011999999405816197, -0.023999998811632395, False, 97.559944, -8.055876, 0.0, 9.55533, 28.131151, 0.49000004, 12.167422
1628, 22, -0.0011999999405816197, -0.025199998752214015, False, 97.43994, -8.151445, 0.0, 10.408981, 28.906845, 0.49000004, 12.230658
1628, 23, -0.0011999999405816197, -0.026399998692795634, False, 97.31994, -8.325524, 0.0, 11.164131, 29.726908, 0.49000004, 12.188977
1628, 24, -0.0011999999405816197, -0.027599998633377254, False, 97.199936, -8.125916, 0.0, 6.259557, 30.410809, 0.49000004, 12.194926
1628, 25, -0.0011999999405816197, -0.028799998573958874, False, 97.07993, -7.4214926, 0.0, 1.9544711, 30.898958, 0.49000004, 12.322331
1628, 26, -0.0011999999405816197, -0.029999998514540493, False, 96.95993, -6.3596945, 0.0, -1.7048473, 31.22561, 0.49000004, 12.564774
1628, 27, -0.0011999999405816197, -0.031199998455122113, False, 96.83993, -5.115671, 0.0, -4.7502327, 31.425844, 0.49000004, 12.915109
1628, 28, -0.0011999999405816197, -0.03239999839570373, False, 96.719925, -3.7984023, 0.0, -7.292074, 31.532845, 0.49000004, 13.368166
1628, 29, -0.0011999999405816197, -0.03359999833628535, False, 96.59992, -2.4473684, 0.0, -9.4249735, 31.57552, 0.49000004, 13.919795
1628, 30, -0.0011999999405816197, -0.03479999827686697, False, 96.47992, -0.9133867, 0.0, -6.070724, 31.594868, 0.49000004, 14.353081
1628, 31, -0.0011999999405816197, -0.03599999821744859, False, 96.35992, -0.049867768, 0.0, -8.036044, 31.600836, 0.49000004, 14.797911
1628, 32, -0.0011999999405816197, -0.03719999815803021, False, 96.239914, -0.04358881, 0.0, -9.770039, 31.603575, 0.49000004, 15.350185
1628, 33, -0.0011999999405816197, -0.03839999809861183, False, 96.11991, 0.6578702, 0.0, -5.6840167, 31.603336, 0.49000004, 15.772649
1628, 34, -0.0011999999405816197, -0.03959999803919345, False, 95.99991, 0.835655, 0.0, -1.9468954, 31.586468, 0.49000004, 15.968391
1628, 35, -0.0011999999405816197, -0.04079999797977507, False, 95.879906, 0.5116595, 0.0, 1.0620639, 31.54633, 0.49000004, 15.970583
1628, 36, -0.0011999999405816197, -0.04199999792035669, False, 95.7599, 0.14009988, 0.0, 3.4811227, 31.46945, 0.49000004, 15.827052
1628, 37, -0.0011999999405816197, -0.04319999786093831, False, 95.6399, -0.00014793966, 0.0, 0.018425176, 31.437557, 0.49000004, 15.765942
1628, 38, -0.0011999999405816197, -0.04439999780151993, False, 95.5199, -0.000106692314, 0.0, 2.497739, 31.386885, 0.49000004, 15.678165
1628, 39, -0.0011999999405816197, -0.04559999774210155, False, 95.399895, -0.39947462, 0.0, 4.7278166, 31.264278, 0.49000004, 15.47099
1628, 40, -0.0011999999405816197, -0.04679999768268317, False, 95.27989, -0.95067215, 0.0, 6.70426, 31.06442, 0.49000004, 15.163585
1628, 41, -0.0011999999405816197, -0.04799999762326479, False, 95.15989, -1.6187587, 0.0, 8.437953, 30.781633, 0.49000004, 14.775822
1628, 42, -0.0011999999405816197, -0.04919999756384641, False, 95.03989, -2.371046, 0.0, 9.941998, 30.412071, 0.49000004, 14.326977
1628, 43, -0.0011999999405816197, -0.05039999750442803, False, 94.91988, -3.1787057, 0.0, 11.23126, 29.953638, 0.49000004, 13.835669
1628, 44, -0.0011999999405816197, -0.05159999744500965, False, 94.79988, -3.5953202, 0.0, 6.7274494, 29.604551, 0.49000004, 13.429574
1628, 45, -0.0011999999405816197, -0.05279999738559127, False, 94.67988, -2.6611767, 0.0, 3.9274096, 29.39761, 0.49000004, 13.163549
1628, 46, -0.0011999999405816197, -0.05399999732617289, False, 94.559875, -1.9704429, 0.0, 0.7895057, 29.345566, 0.49000004, 13.002922
1628, 47, -0.0011999999405816197, -0.05519999726675451, False, 94.43987, -1.3424811, 0.0, 3.421009, 29.253162, 0.49000004, 12.84687
1628, 48, -0.0011999999405816197, -0.05639999720733613, False, 94.31987, -0.5666524, 0.0, 2.053556, 29.155966, 0.49000004, 12.725003
1628, 49, -0.0011999999405816197, -0.05759999714791775, False, 94.19987, -0.10683942, 0.0, 4.3798194, 29.000326, 0.49000004, 12.57188
1628, 50, -0.0011999999405816197, -0.05879999708849937, False, 94.079865, 0.09578684, 0.0, 0.8271252, 28.913668, 0.49000004, 12.489808
1628, 51, -0.0011999999405816197, -0.05999999702908099, False, 93.95986, 0.31721318, 0.0, 3.2129464, 28.813755, 0.49000004, 12.382265
1628, 52, -0.0011999999405816197, -0.06119999696966261, False, 93.83986, 0.22195789, 0.0, -0.095576376, 28.767315, 0.49000004, 12.3456545
1628, 53, -0.0011999999405816197, -0.062399996910244226, False, 93.71986, -0.013595164, 0.0, -2.5809388, 28.808865, 0.49000004, 12.443827
1628, 54, -0.0011999999405816197, -0.06359999685082585, False, 93.59985, -0.41849542, 0.0, -4.8016915, 28.906967, 0.49000004, 12.668776
1628, 55, -0.0011999999405816197, -0.06479999679140747, False, 93.47985, -0.9741124, 0.0, -6.7692113, 29.04047, 0.49000004, 13.014781
1628, 56, -0.0011999999405816197, -0.06599999673198909, False, 93.35985, -1.645455, 0.0, -8.49445, 29.189993, 0.49000004, 13.474786
1628, 57, -0.0011999999405816197, -0.0671999966725707, False, 93.239845, -1.9764535, 0.0, -4.3938723, 29.318155, 0.49000004, 13.814384
1628, 58, -0.0011999999405816197, -0.06839999661315233, False, 93.11984, -2.2651029, 0.0, -6.27563, 29.422522, 0.49000004, 14.162408
1628, 59, -0.0011999999405816197, -0.06959999655373394, False, 92.99984, -2.7136674, 0.0, -7.9416313, 29.495514, 0.49000004, 14.626283
1628, 60, -0.0011999999405816197, -0.07079999649431556, False, 92.87984, -3.2762778, 0.0, -9.401888, 29.524847, 0.49000004, 15.192139
1628, 61, -0.0011999999405816197, -0.07199999643489718, False, 92.759834, -3.917992, 0.0, -10.667444, 29.499416, 0.49000004, 15.845839
1628, 62, -0.0011999999405816197, -0.0731999963754788, False, 92.63983, -4.181333, 0.0, -6.1636553, 29.505377, 0.49000004, 16.367453
1628, 63, -0.0011999999405816197, -0.07439999631606042, False, 92.51983, -3.1694567, 0.0, -2.900331, 29.587082, 0.49000004, 16.672539
1628, 64, -0.0011999999405816197, -0.07559999625664204, False, 92.399826, -2.475715, 0.0, -0.008639097, 29.717892, 0.49000004, 16.78021
1628, 65, -0.0011999999405816197, -0.07679999619722366, False, 92.27982, -2.1562047, 0.0, 2.3858016, 29.870129, 0.49000004, 16.718283
1628, 66, -0.0011999999405816197, -0.07799999613780528, False, 92.15982, -2.1910353, 0.0, 4.471957, 30.029066, 0.49000004, 16.510754
1628, 67, -0.0011999999405816197, -0.0791999960783869, False, 92.03982, -2.4579923, 0.0, 6.329291, 30.181356, 0.49000004, 16.172281
1628, 68, -0.0011999999405816197, -0.08039999601896852, False, 91.919815, -2.8866594, 0.0, 7.9741764, 30.313015, 0.49000004, 15.71548
1628, 69, -0.0011999999405816197, -0.08159999595955014, False, 91.79981, -3.4307175, 0.0, 9.416696, 30.410603, 0.49000004, 15.152915
1628, 70, -0.0011999999405816197, -0.08279999590013176, False, 91.67981, -3.6199582, 0.0, 5.0837216, 30.512589, 0.49000004, 14.718412
1628, 71, -0.0011999999405816197, -0.08399999584071338, False, 91.55981, -2.5334766, 0.0, 2.8682632, 30.594608, 0.49000004, 14.457531
1628, 72, -0.0011999999405816197, -0.085199995781295, False, 91.439804, -2.570743, 0.0, 4.8752275, 30.609295, 0.49000004, 14.162784
1628, 73, -0.0011999999405816197, -0.08639999572187662, False, 91.3198, -2.3339496, 0.0, 1.1446841, 30.654078, 0.49000004, 13.963101
1628, 74, -0.0011999999405816197, -0.08759999566245824, False, 91.1998, -2.1870203, 0.0, 3.3736835, 30.652555, 0.49000004, 13.756734
1628, 75, -0.0011999999405816197, -0.08879999560303986, False, 91.079796, -2.332538, 0.0, 5.347972, 30.543242, 0.49000004, 13.463437
1628, 76, -0.0011999999405816197, -0.08999999554362148, False, 90.95979, -2.1909218, 0.0, 1.5621343, 30.496908, 0.49000004, 13.251624
1628, 77, -0.0011999999405816197, -0.0911999954842031, False, 90.83979, -2.1189446, 0.0, 3.7445428, 30.409225, 0.49000004, 13.048196
1628, 78, -0.0011999999405816197, -0.09239999542478472, False, 90.71979, -1.2784226, 0.0, 6.063102, 30.19763, 0.49000004, 12.791064
1628, 79, -0.0011999999405816197, -0.09359999536536634, False, 90.599785, -0.39079165, 0.0, 3.7773871, 30.015676, 0.49000004, 12.589648
1628, 80, -0.0011999999405816197, -0.09479999530594796, False, 90.47978, 0.18997383, 0.0, 5.9178486, 29.799076, 0.49000004, 12.362835
1628, 81, -0.0011999999405816197, -0.09599999524652958, False, 90.35978, 0.4808569, 0.0, 2.190261, 29.651985, 0.49000004, 12.218295
1628, 82, -0.0011999999405816197, -0.0971999951871112, False, 90.23978, 0.25464553, 0.0, -0.85883766, 29.631285, 0.49000004, 12.22708
1628, 83, -0.0011999999405816197, -0.09839999512769282, False, 90.119774, 0.20769471, 0.0, 1.7425404, 29.598955, 0.49000004, 12.181799
1628, 84, -0.0011999999405816197, -0.09959999506827444, False, 89.99977, 0.07126638, 0.0, -1.1350876, 29.59614, 0.49000004, 12.200334
1628, 85, -0.0011999999405816197, -0.10079999500885606, False, 89.87977, -0.2148968, 0.0, -3.5046341, 29.640938, 0.49000004, 12.358316
1628, 86, -0.0011999999405816197, -0.10199999494943768, False, 89.759766, -0.6752519, 0.0, -5.6173186, 29.711485, 0.49000004, 12.6473255
1628, 87, -0.0011999999405816197, -0.1031999948900193, False, 89.63976, -1.2740637, 0.0, -7.482203, 29.788916, 0.49000004, 13.057705
1628, 88, -0.0011999999405816197, -0.10439999483060092, False, 89.51976, -1.976126, 0.0, -9.110879, 29.856085, 0.49000004, 13.578884
1628, 89, -0.0011999999405816197, -0.10559999477118254, False, 89.39976, -2.7500758, 0.0, -10.517085, 29.897524, 0.49000004, 14.199483
1628, 90, -0.0011999999405816197, -0.10679999471176416, False, 89.279755, -3.5687013, 0.0, -11.716135, 29.899456, 0.49000004, 14.907417
1628, 91, -0.0011999999405816197, -0.10799999465234578, False, 89.15975, -4.4088078, 0.0, -12.724357, 29.849806, 0.49000004, 15.69
1628, 92, -0.0011999999405816197, -0.1091999945929274, False, 89.03975, -3.6515608, 0.0, -7.7915363, 29.798275, 0.49000004, 16.29241
1628, 93, -0.0011999999405816197, -0.11039999453350902, False, 88.91975, -4.0807004, 0.0, -9.1896, 29.699993, 0.49000004, 16.858446
1628, 94, -0.0011999999405816197, -0.11159999447409064, False, 88.79974, -2.8701787, 0.0, -5.5698767, 29.648212, 0.49000004, 17.304707
1628, 95, -0.0011999999405816197, -0.11279999441467226, False, 88.67974, -2.0703578, 0.0, -2.2204764, 29.684195, 0.49000004, 17.543755
1628, 96, -0.0011999999405816197, -0.11399999435525388, False, 88.55974, -1.5512747, 0.0, 0.64354885, 29.77346, 0.49000004, 17.592999
1628, 97, -0.0011999999405816197, -0.1151999942958355, False, 88.439735, -1.4599011, 0.0, 2.9754186, 29.889688, 0.49000004, 17.484667
1628, 98, -0.0011999999405816197, -0.11639999423641711, False, 88.31973, -1.6691933, 0.0, 5.04339, 30.019241, 0.49000004, 17.237997
1628, 99, -0.0011999999405816197, -0.11759999417699873, False, 88.19973, -2.0701733, 0.0, 6.8826184, 30.14693, 0.49000004, 16.865013
1628, 100, -0.0011999999405816197, -0.11879999411758035, False, 88.07973, -2.6071796, 0.0, 8.503328, 30.257559, 0.49000004, 16.377308
1628, 101, -0.0011999999405816197, -0.11999999405816197, False, 87.959724, -3.2405982, 0.0, 9.916009, 30.336933, 0.49000004, 15.786877
1628, 102, -0.0011999999405816197, -0.1211999939987436, False, 87.83972, -3.5089262, 0.0, 5.544348, 30.42319, 0.49000004, 15.327245
1628, 103, -0.0011999999405816197, -0.12239999393932521, False, 87.71972, -3.2356982, 0.0, 1.6663389, 30.546457, 0.49000004, 15.088935
1628, 104, -0.0011999999405816197, -0.12359999387990683, False, 87.59972, -1.9636543, 0.0, 0.76353765, 30.643013, 0.49000004, 14.968634
1628, 105, -0.0011999999405816197, -0.12479999382048845, False, 87.47971, -1.8219134, 0.0, 3.0618596, 30.65588, 0.49000004, 14.792194
1628, 106, -0.0011999999405816197, -0.12599999376107007, False, 87.35971, -1.9857452, 0.0, 5.0952, 30.572058, 0.49000004, 14.515203
1628, 107, -0.0011999999405816197, -0.1271999937016517, False, 87.23971, -2.3481379, 0.0, 6.903979, 30.391096, 0.49000004, 14.156915
1628, 108, -0.0011999999405816197, -0.1283999936422333, False, 87.119705, -2.8509498, 0.0, 8.49948, 30.11192, 0.49000004, 13.736161
1628, 109, -0.0011999999405816197, -0.12959999358281493, False, 86.9997, -3.4533615, 0.0, 9.891941, 29.734253, 0.49000004, 13.271327
1628, 110, -0.0011999999405816197, -0.13079999352339655, False, 86.8797, -4.1232915, 0.0, 11.093075, 29.259022, 0.49000004, 12.780177
1628, 111, -0.0011999999405816197, -0.13199999346397817, False, 86.7597, -1.8703008, 0.0, 7.2895856, 28.88041, 0.49000004, 12.409549
1628, 112, -0.0011999999405816197, -0.1331999934045598, False, 86.639694, -0.68235683, 0.0, 4.626457, 28.642908, 0.49000004, 12.177058
1628, 113, -0.0011999999405816197, -0.1343999933451414, False, 86.51969, -0.11645496, 0.0, 2.7901073, 28.498714, 0.49000004, 12.035908
1628, 114, -0.0011999999405816197, -0.13559999328572303, False, 86.39969, -0.02908349, 0.0, -0.37968302, 28.47508, 0.49000004, 12.010593
1628, 115, -0.0011999999405816197, -0.13679999322630465, False, 86.279686, 0.11229664, 0.0, 2.1340187, 28.42504, 0.49000004, 11.9494705
1628, 116, -0.0011999999405816197, -0.13799999316688627, False, 86.15968, -0.017295837, 0.0, -0.8566235, 28.420534, 0.49000004, 11.949556
1628, 117, -0.0011999999405816197, -0.1391999931074679, False, 86.03968, -0.25882626, 0.0, -3.2458594, 28.493294, 0.49000004, 12.078936
1628, 118, -0.0011999999405816197, -0.1403999930480495, False, 85.91968, -0.6870464, 0.0, -5.3802004, 28.618591, 0.49000004, 12.332729
1628, 119, -0.0011999999405816197, -0.14159999298863113, False, 85.799675, -1.2608339, 0.0, -7.267462, 28.776104, 0.49000004, 12.705179
1628, 120, -0.0011999999405816197, -0.14279999292921275, False, 85.67967, -1.9433266, 0.0, -8.918541, 28.946905, 0.49000004, 13.189352
1628, 121, -0.0011999999405816197, -0.14399999286979437, False, 85.55967, -2.7022314, 0.0, -10.3467, 29.113503, 0.49000004, 13.777208
1628, 122, -0.0011999999405816197, -0.145199992810376, False, 85.43967, -3.509656, 0.0, -11.566891, 29.259897, 0.49000004, 14.459686
1628, 123, -0.0011999999405816197, -0.1463999927509576, False, 85.319664, -3.9198568, 0.0, -7.001692, 29.39954, 0.49000004, 15.001574
1628, 124, -0.0011999999405816197, -0.14759999269153923, False, 85.19966, -4.2322006, 0.0, -8.459964, 29.504238, 0.49000004, 15.530104
1628, 125, -0.0011999999405816197, -0.14879999263212085, False, 85.07966, -4.6596794, 0.0, -9.741672, 29.544863, 0.49000004, 16.150074
1628, 126, -0.0011999999405816197, -0.14999999257270247, False, 84.959656, -5.1686583, 0.0, -10.856326, 29.513214, 0.49000004, 16.846527
1628, 127, -0.0011999999405816197, -0.1511999925132841, False, 84.83965, -5.2991242, 0.0, -6.2346144, 29.518867, 0.49000004, 17.410206
1628, 128, -0.0011999999405816197, -0.1523999924538657, False, 84.71965, -4.145325, 0.0, -3.094214, 29.615326, 0.49000004, 17.762604
1628, 129, -0.0011999999405816197, -0.15359999239444733, False, 84.59965, -3.333086, 0.0, -0.27481365, 29.775871, 0.49000004, 17.920374
1628, 130, -0.0011999999405816197, -0.15479999233502895, False, 84.479645, -2.8748515, 0.0, 2.1186976, 29.971489, 0.49000004, 17.905571
1628, 131, -0.0011999999405816197, -0.15599999227561057, False, 84.35964, -2.7739465, 0.0, 4.193023, 30.183706, 0.49000004, 17.7409
1628, 132, -0.0011999999405816197, -0.15719999221619219, False, 84.23964, -2.9295824, 0.0, 6.036844, 30.398254, 0.49000004, 17.441605
1628, 133, -0.0011999999405816197, -0.1583999921567738, False, 84.11964, -3.265462, 0.0, 7.6741147, 30.600805, 0.49000004, 17.019829
1628, 134, -0.0011999999405816197, -0.15959999209735543, False, 83.99963, -3.279761, 0.0, 3.5458612, 30.780592, 0.49000004, 16.713497
1628, 135, -0.0011999999405816197, -0.16079999203793705, False, 83.87963, -3.293459, 0.0, 5.425723, 30.922773, 0.49000004, 16.395145
1628, 136, -0.0011999999405816197, -0.16199999197851866, False, 83.75963, -2.3593717, 0.0, 3.1018205, 31.014574, 0.49000004, 16.132383
1628, 137, -0.0011999999405816197, -0.16319999191910028, False, 83.639626, -1.9238552, 0.0, -0.30690795, 31.115612, 0.49000004, 16.041967
1628, 138, -0.0011999999405816197, -0.1643999918596819, False, 83.51962, -1.6402142, 0.0, 2.1615658, 31.166033, 0.49000004, 15.921998
1628, 139, -0.0011999999405816197, -0.16559999180026352, False, 83.39962, -1.7275801, 0.0, 4.3052225, 31.127573, 0.49000004, 15.686775
1628, 140, -0.0011999999405816197, -0.16679999174084514, False, 83.27962, -2.0421507, 0.0, 6.215207, 30.999474, 0.49000004, 15.355991
1628, 141, -0.0011999999405816197, -0.16799999168142676, False, 83.159615, -1.0113511, 0.0, 8.276866, 30.783009, 0.49000004, 14.945034
1628, 142, -0.0011999999405816197, -0.16919999162200838, False, 83.03961, -1.8258443, 0.0, 9.850117, 30.493208, 0.49000004, 14.456202
1628, 143, -0.0011999999405816197, -0.17039999156259, False, 82.91961, -2.6919127, 0.0, 11.196178, 30.128115, 0.49000004, 13.904362
1628, 144, -0.0011999999405816197, -0.17159999150317162, False, 82.79961, -3.5853019, 0.0, 12.332732, 29.68315, 0.49000004, 13.307258
1628, 145, -0.0011999999405816197, -0.17279999144375324, False, 82.6796, -3.0968442, 0.0, 7.584831, 29.330156, 0.49000004, 12.852032
1628, 146, -0.0011999999405816197, -0.17399999138433486, False, 82.5596, -3.5740585, 0.0, 9.049505, 28.956947, 0.49000004, 12.443416
1628, 147, -0.0011999999405816197, -0.17519999132491648, False, 82.4396, -4.143161, 0.0, 10.325567, 28.478743, 0.49000004, 12.018017
1628, 148, -0.0011999999405816197, -0.1763999912654981, False, 82.319595, -2.4914613, 0.0, 12.188602, 27.901863, 0.49000004, 11.587384
1628, 149, -0.0011999999405816197, -0.17759999120607972, False, 82.19959, -0.8740649, 0.0, 13.705251, 27.240952, 0.49000004, 11.139442
1628, 150, -0.0011999999405816197, -0.17879999114666134, False, 82.07959, 0.30576372, 0.0, 9.310906, 26.706154, 0.49000004, 10.778102
1628, 151, -0.0011999999405816197, -0.17999999108724296, False, 81.95959, 0.9133339, 0.0, 5.2388725, 26.373924, 0.49000004, 10.560546
1628, 152, -0.0011999999405816197, -0.18119999102782458, False, 81.839584, 0.7288381, 0.0, 1.6254275, 26.217033, 0.49000004, 10.483605
1628, 153, -0.0011999999405816197, -0.1823999909684062, False, 81.71958, 0.41246986, 0.0, -1.2860134, 26.210451, 0.49000004, 10.52354
1628, 154, -0.0011999999405816197, -0.18359999090898782, False, 81.59958, 0.043866634, 0.0, -3.6727102, 26.308315, 0.49000004, 10.667859
1628, 155, -0.0011999999405816197, -0.18479999084956944, False, 81.479576, -0.4731772, 0.0, -5.7917037, 26.484634, 0.49000004, 10.918989
1628, 156, -0.0011999999405816197, -0.18599999079015106, False, 81.35957, -1.1173408, 0.0, -7.657074, 26.717672, 0.49000004, 11.276352
1628, 157, -0.0011999999405816197, -0.18719999073073268, False, 81.23957, -1.8572335, 0.0, -9.282125, 26.987185, 0.49000004, 11.737588
1628, 158, -0.0011999999405816197, -0.1883999906713143, False, 81.11957, -2.6631455, 0.0, -10.681694, 27.274237, 0.49000004, 12.29882
1628, 159, -0.0011999999405816197, -0.18959999061189592, False, 80.999565, -3.5087981, 0.0, -11.871928, 27.561203, 0.49000004, 12.954783
1628, 160, -0.0011999999405816197, -0.19079999055247754, False, 80.87956, -4.3716383, 0.0, -12.869797, 27.831806, 0.49000004, 13.698933
1628, 161, -0.0011999999405816197, -0.19199999049305916, False, 80.75956, -5.232745, 0.0, -13.692716, 28.07117, 0.49000004, 14.523552
1628, 162, -0.0011999999405816197, -0.19319999043364078, False, 80.63956, -5.6562924, 0.0, -8.766565, 28.293818, 0.49000004, 15.194721
1628, 163, -0.0011999999405816197, -0.1943999903742224, False, 80.519554, -5.945128, 0.0, -9.899994, 28.47247, 0.49000004, 15.840882
1628, 164, -0.0011999999405816197, -0.19559999031480402, False, 80.39955, -5.879235, 0.0, -5.3237123, 28.651878, 0.49000004, 16.353807
1628, 165, -0.0011999999405816197, -0.19679999025538564, False, 80.27955, -5.309945, 0.0, -1.3163433, 28.873213, 0.49000004, 16.648191
1628, 166, -0.0011999999405816197, -0.19799999019596726, False, 80.159546, -4.5327787, 0.0, 1.1001085, 29.137394, 0.49000004, 16.756138
1628, 167, -0.0011999999405816197, -0.19919999013654888, False, 80.03954, -4.099961, 0.0, 3.2084823, 29.426054, 0.49000004, 16.700148
1628, 168, -0.0011999999405816197, -0.2003999900771305, False, 79.91954, -3.9681273, 0.0, 5.07197, 29.72237, 0.49000004, 16.49796
1628, 169, -0.0011999999405816197, -0.20159999001771212, False, 79.79954, -4.064921, 0.0, 6.732467, 30.011967, 0.49000004, 16.163506
1628, 170, -0.0011999999405816197, -0.20279998995829374, False, 79.679535, -4.33042, 0.0, 8.207494, 30.281092, 0.49000004, 15.708923
1628, 171, -0.0011999999405816197, -0.20399998989887536, False, 79.55953, -4.7194905, 0.0, 9.507244, 30.51661, 0.49000004, 15.145954
1628, 172, -0.0011999999405816197, -0.20519998983945698, False, 79.43953, -4.756802, 0.0, 5.067672, 30.733461, 0.49000004, 14.711222
1628, 173, -0.0011999999405816197, -0.2063999897800386, False, 79.31953, -3.2515414, 0.0, 2.807879, 30.89191, 0.49000004, 14.449453
1628, 174, -0.0011999999405816197, -0.20759998972062021, False, 79.199524, -2.686463, 0.0, -0.6091393, 31.044092, 0.49000004, 14.357575
1628, 175, -0.0011999999405816197, -0.20879998966120183, False, 79.07952, -1.9588363, 0.0, -3.360643, 31.231972, 0.49000004, 14.42663
1628, 176, -0.0011999999405816197, -0.20999998960178345, False, 78.95952, -1.3860339, 0.0, -0.2345419, 31.35002, 0.49000004, 14.436579
1628, 177, -0.0011999999405816197, -0.21119998954236507, False, 78.839516, -1.19666, 0.0, 2.23672, 31.349646, 0.49000004, 14.3237705
1628, 178, -0.0011999999405816197, -0.2123999894829467, False, 78.71951, -1.3647943, 0.0, 4.400941, 31.243105, 0.49000004, 14.11471
1628, 179, -0.0011999999405816197, -0.2135999894235283, False, 78.59951, -1.7418895, 0.0, 6.329563, 31.032053, 0.49000004, 13.828901
1628, 180, -0.0011999999405816197, -0.21479998936410993, False, 78.47951, -2.2658582, 0.0, 8.033175, 30.717062, 0.49000004, 13.485749
1628, 181, -0.0011999999405816197, -0.21599998930469155, False, 78.359505, -2.894805, 0.0, 9.521946, 30.299545, 0.49000004, 13.104127
1628, 182, -0.0011999999405816197, -0.21719998924527317, False, 78.2395, -3.165544, 0.0, 5.2184715, 29.990927, 0.49000004, 12.790766
1628, 183, -0.0011999999405816197, -0.2183999891858548, False, 78.1195, -1.5931947, 0.0, 3.3794084, 29.816488, 0.49000004, 12.588391
1628, 184, -0.0011999999405816197, -0.2195999891264364, False, 77.9995, -0.7153524, 0.0, 2.0494723, 29.712887, 0.49000004, 12.468196
1628, 185, -0.0011999999405816197, -0.22079998906701803, False, 77.87949, -0.2293315, 0.0, 4.391093, 29.546127, 0.49000004, 12.325457
1628, 186, -0.0011999999405816197, -0.22199998900759965, False, 77.75949, 0.00799942, 0.0, 0.847666, 29.454453, 0.49000004, 12.247502
1628, 187, -0.0011999999405816197, -0.22319998894818127, False, 77.63949, 0.250731, 0.0, 3.238547, 29.345963, 0.49000004, 12.146927
1628, 188, -0.0011999999405816197, -0.2243999888887629, False, 77.519485, 0.17304686, 0.0, -0.07114221, 29.29752, 0.49000004, 12.112203
1628, 189, -0.0011999999405816197, -0.2255999888293445, False, 77.39948, 0.0, 0.0, 0.0, 29.297, 0.49000004, 12.113044
1628, 190, -0.0011999999405816197, -0.22679998876992613, False, 77.27948, 0.0, 0.0, 0.0, 29.297, 0.49000004, 12.113044
1628, 191, -0.0011999999405816197, -0.22799998871050775, False, 77.15948, 0.16571927, 0.0, 2.474433, 29.258516, 0.49000004, 12.020441
1628, 192, -0.0011999999405816197, -0.22919998865108937, False, 77.039474, 0.08737388, 0.0, -0.6682057, 29.245108, 0.49000004, 12.006616
1628, 193, -0.0011999999405816197, -0.230399988591671, False, 76.91947, -0.16044077, 0.0, -3.0847323, 29.266996, 0.49000004, 12.142887
1628, 194, -0.0011999999405816197, -0.2315999885322526, False, 76.79947, -0.5889613, 0.0, -5.2433486, 29.301538, 0.49000004, 12.414507
1628, 195, -0.0011999999405816197, -0.23279998847283423, False, 76.67947, -1.1632189, 0.0, -7.1525826, 29.330898, 0.49000004, 12.809691
1628, 196, -0.0011999999405816197, -0.23399998841341585, False, 76.55946, -1.8472328, 0.0, -8.823495, 29.33906, 0.49000004, 13.315945
1628, 197, -0.0011999999405816197, -0.23519998835399747, False, 76.43946, -2.6088092, 0.0, -10.269436, 29.311768, 0.49000004, 13.920163
1628, 198, -0.0011999999405816197, -0.2363999882945791, False, 76.31946, -3.4199362, 0.0, -11.505435, 29.236528, 0.49000004, 14.608728
1628, 199, -0.0011999999405816197, -0.2375999882351607, False, 76.199455, -4.2566757, 0.0, -12.547645, 29.102615, 0.49000004, 15.3676195
1628, 200, -0.0011999999405816197, -0.23879998817574233, False, 76.07945, -3.73567, 0.0, -8.262888, 29.01592, 0.49000004, 15.986768
1628, 201, -0.0011999999405816197, -0.23999998811632395, False, 75.95945, -2.6397734, 0.0, -4.70459, 29.020065, 0.49000004, 16.381157
1628, 202, -0.0011999999405816197, -0.24119998805690557, False, 75.83945, -1.9168458, 0.0, -1.4421833, 29.087646, 0.49000004, 16.565807
1628, 203, -0.0011999999405816197, -0.2423999879974872, False, 75.719444, -1.49091, 0.0, 1.257527, 29.185507, 0.49000004, 16.565126
1628, 204, -0.0011999999405816197, -0.2435999879380688, False, 75.59944, -1.4913654, 0.0, 3.5139124, 29.294804, 0.49000004, 16.411963
1628, 205, -0.0011999999405816197, -0.24479998787865043, False, 75.47944, -1.755153, 0.0, 5.523453, 29.403093, 0.49000004, 16.1233
1628, 206, -0.0011999999405816197, -0.24599998781923205, False, 75.359436, -1.7234445, 0.0, 1.7437549, 29.498604, 0.49000004, 15.938222
1628, 207, -0.0011999999405816197, -0.24719998775981367, False, 75.23943, -1.7468448, 0.0, 3.9300132, 29.565441, 0.49000004, 15.73027
1628, 208, -0.0011999999405816197, -0.24839998770039529, False, 75.11943, -2.0181332, 0.0, 5.8772893, 29.588123, 0.49000004, 15.396371
1628, 209, -0.0011999999405816197, -0.2495999876409769, False, 74.99943, -1.9911449, 0.0, 2.0396113, 29.629478, 0.49000004, 15.167321
1628, 210, -0.0011999999405816197, -0.2507999875815585, False, 74.879425, -2.0090168, 0.0, 4.175804, 29.63545, 0.49000004, 14.927554
1628, 211, -0.0011999999405816197, -0.25199998752214015, False, 74.75942, -2.2693586, 0.0, 6.0777926, 29.559322, 0.49000004, 14.583724
1628, 212, -0.0011999999405816197, -0.25319998746272177, False, 74.63942, -2.6967027, 0.0, 7.763572, 29.397232, 0.49000004, 14.154398
1628, 213, -0.0011999999405816197, -0.2543999874033034, False, 74.51942, -3.243184, 0.0, 9.243233, 29.14565, 0.49000004, 13.657791
1628, 214, -0.0011999999405816197, -0.255599987343885, False, 74.399414, -3.8727956, 0.0, 10.527588, 28.80214, 0.49000004, 13.111754
1628, 215, -0.0011999999405816197, -0.2567999872844666, False, 74.27941, -4.556609, 0.0, 11.628893, 28.365606, 0.49000004, 12.533663
1628, 216, -0.0011999999405816197, -0.25799998722504824, False, 74.15941, -4.8440657, 0.0, 6.973098, 28.034761, 0.49000004, 12.050166
1628, 217, -0.0011999999405816197, -0.25919998716562986, False, 74.039406, -3.6952658, 0.0, 3.6887085, 27.89526, 0.49000004, 11.702711
1628, 218, -0.0011999999405816197, -0.2603999871062115, False, 73.9194, -1.9862605, 0.0, 2.44838, 27.836767, 0.49000004, 11.483642
1628, 219, -0.0011999999405816197, -0.2615999870467931, False, 73.7994, -0.973496, 0.0, 1.4961433, 27.802729, 0.49000004, 11.35616
1628, 220, -0.0011999999405816197, -0.2627999869873747, False, 73.6794, -0.6900182, 0.0, -1.2663958, 27.851244, 0.49000004, 11.343817
1628, 221, -0.0011999999405816197, -0.26399998692795634, False, 73.559395, -0.83658075, 0.0, -3.5664177, 27.990805, 0.49000004, 11.449411
1628, 222, -0.0011999999405816197, -0.26519998686853796, False, 73.43939, -1.2058816, 0.0, -5.621216, 28.20195, 0.49000004, 11.668051
1628, 223, -0.0011999999405816197, -0.2663999868091196, False, 73.31939, -1.0883701, 0.0, -3.3283422, 28.37021, 0.49000004, 11.854214
1628, 224, -0.0011999999405816197, -0.2675999867497012, False, 73.19939, -1.3937252, 0.0, -5.387381, 28.538153, 0.49000004, 12.094416
1628, 225, -0.0011999999405816197, -0.2687999866902828, False, 73.079384, -1.8688334, 0.0, -7.214343, 28.732414, 0.49000004, 12.455549
1628, 226, -0.0011999999405816197, -0.26999998663086444, False, 72.95938, -2.4660501, 0.0, -8.81869, 28.935207, 0.49000004, 12.930026
1628, 227, -0.0011999999405816197, -0.27119998657144606, False, 72.83938, -3.1491537, 0.0, -10.211782, 29.129827, 0.49000004, 13.509427
1628, 228, -0.0011999999405816197, -0.2723999865120277, False, 72.719376, -3.8885012, 0.0, -11.406828, 29.300867, 0.49000004, 14.184437
1628, 229, -0.0011999999405816197, -0.2735999864526093, False, 72.59937, -4.6594276, 0.0, -12.41834, 29.434345, 0.49000004, 14.944882
1628, 230, -0.0011999999405816197, -0.2747999863931909, False, 72.47937, -3.7883656, 0.0, -7.576293, 29.523027, 0.49000004, 15.533556
1628, 231, -0.0011999999405816197, -0.27599998633377254, False, 72.35937, -4.1778927, 0.0, -8.9854145, 29.555365, 0.49000004, 16.09854
1628, 232, -0.0011999999405816197, -0.27719998627435416, False, 72.239365, -4.6666503, 0.0, -10.217629, 29.516449, 0.49000004, 16.745123
1628, 233, -0.0011999999405816197, -0.2783999862149358, False, 72.11936, -4.7885404, 0.0, -5.704035, 29.515772, 0.49000004, 17.26358
1628, 234, -0.0011999999405816197, -0.2795999861555174, False, 71.99936, -4.07888, 0.0, -2.1665392, 29.608543, 0.49000004, 17.576553
1628, 235, -0.0011999999405816197, -0.280799986096099, False, 71.87936, -3.3468854, 0.0, 0.50056744, 29.777376, 0.49000004, 17.707684
1628, 236, -0.0011999999405816197, -0.28199998603668064, False, 71.75935, -2.9818373, 0.0, 2.7695103, 29.995773, 0.49000004, 17.67834
1628, 237, -0.0011999999405816197, -0.28319998597726226, False, 71.63935, -2.9447982, 0.0, 4.758891, 30.244802, 0.49000004, 17.50645
1628, 238, -0.0011999999405816197, -0.2843999859178439, False, 71.51935, -3.1402144, 0.0, 6.529355, 30.508553, 0.49000004, 17.204039
1628, 239, -0.0011999999405816197, -0.2855999858584255, False, 71.399345, -3.5011463, 0.0, 8.098887, 30.7714, 0.49000004, 16.781096
1628, 240, -0.0011999999405816197, -0.2867999857990071, False, 71.27934, -2.7151265, 0.0, 4.8227396, 30.963615, 0.49000004, 16.439665
1628, 241, -0.0011999999405816197, -0.28799998573958874, False, 71.15934, -2.4522734, 0.0, 1.0927106, 31.110023, 0.49000004, 16.291773
1628, 242, -0.0011999999405816197, -0.28919998568017036, False, 71.03934, -2.2814412, 0.0, 3.322823, 31.218452, 0.49000004, 16.114244
1628, 243, -0.0011999999405816197, -0.290399985620752, False, 70.919334, -1.8810169, 0.0, -0.12542987, 31.322168, 0.49000004, 16.024408
1628, 244, -0.0011999999405816197, -0.2915999855613336, False, 70.79933, -1.6288815, 0.0, 2.3126996, 31.380106, 0.49000004, 15.901991
1628, 245, -0.0011999999405816197, -0.2927999855019152, False, 70.67933, -1.7359201, 0.0, 4.440338, 31.362629, 0.49000004, 15.656531
1628, 246, -0.0011999999405816197, -0.29399998544249684, False, 70.559326, -2.063749, 0.0, 6.3357987, 31.266472, 0.49000004, 15.307339
1628, 247, -0.0011999999405816197, -0.29519998538307846, False, 70.43932, -2.545322, 0.0, 8.012163, 31.086906, 0.49000004, 14.872916
1628, 248, -0.0011999999405816197, -0.2963999853236601, False, 70.31932, -2.107502, 0.0, 4.818347, 30.93307, 0.49000004, 14.533415
1628, 249, -0.0011999999405816197, -0.2975999852642417, False, 70.19932, -2.4235156, 0.0, 6.6460867, 30.731468, 0.49000004, 14.20153
1628, 250, -0.0011999999405816197, -0.2987999852048233, False, 70.079315, -1.9215386, 0.0, 3.9337144, 30.557343, 0.49000004, 13.943049
1628, 251, -0.0011999999405816197, -0.29999998514540493, False, 69.95931, -1.095382, 0.0, 6.211816, 30.33143, 0.49000004, 13.68985
1628, 252, -0.0011999999405816197, -0.30119998508598655, False, 69.83931, -0.27007627, 0.0, 3.861669, 30.139336, 0.49000004, 13.49093
1628, 253, -0.0011999999405816197, -0.3023999850265682, False, 69.71931, 0.0788486, 0.0, 2.2586014, 30.024809, 0.49000004, 13.372334
1628, 254, -0.0011999999405816197, -0.3035999849671498, False, 69.599304, 0.4417994, 0.0, 4.505278, 29.871565, 0.49000004, 13.204487
1628, 255, -0.0011999999405816197, -0.3047999849077314, False, 69.4793, -0.2127471, 0.0, 6.579299, 29.642237, 0.49000004, 12.933947
1628, 256, -0.0011999999405816197, -0.30599998484831303, False, 69.3593, 0.29316223, 0.0, 4.0423794, 29.455807, 0.49000004, 12.712936
1628, 257, -0.0011999999405816197, -0.30719998478889465, False, 69.239296, -0.29671383, 0.0, 6.1478806, 29.24834, 0.49000004, 12.4587145
1628, 258, -0.0011999999405816197, -0.3083999847294763, False, 69.11929, -0.999805, 0.0, 7.993922, 28.959957, 0.49000004, 12.118197
1628, 259, -0.0011999999405816197, -0.3095999846700579, False, 68.99929, -1.3725436, 0.0, 3.9946604, 28.758028, 0.49000004, 11.860099
1628, 260, -0.0011999999405816197, -0.3107999846106395, False, 68.87929, -1.7056894, 0.0, 5.963917, 28.536829, 0.49000004, 11.611141
1628, 261, -0.0011999999405816197, -0.31199998455122113, False, 68.759285, -1.0648887, 0.0, 2.423571, 28.399565, 0.49000004, 11.430043
1628, 262, -0.0011999999405816197, -0.31319998449180275, False, 68.63928, -0.6818395, 0.0, -0.57849914, 28.413103, 0.49000004, 11.381307
1628, 263, -0.0011999999405816197, -0.31439998443238437, False, 68.51928, -0.74683523, 0.0, -2.9538827, 28.533485, 0.49000004, 11.447077
1628, 264, -0.0011999999405816197, -0.315599984372966, False, 68.39928, -0.53136957, 0.0, 0.32007444, 28.590574, 0.49000004, 11.454837
1628, 265, -0.0011999999405816197, -0.3167999843135476, False, 68.279274, -0.5041507, 0.0, -2.1740746, 28.657406, 0.49000004, 11.509877
1628, 266, -0.0011999999405816197, -0.31799998425412923, False, 68.15927, -0.78372896, 0.0, -4.394497, 28.789494, 0.49000004, 11.690691
1628, 267, -0.0011999999405816197, -0.31919998419471085, False, 68.03927, -1.245339, 0.0, -6.3710923, 28.967134, 0.49000004, 11.991992
1628, 268, -0.0011999999405816197, -0.32039998413529247, False, 67.919266, -1.8404857, 0.0, -8.112394, 29.171041, 0.49000004, 12.408062
1628, 269, -0.0011999999405816197, -0.3215999840758741, False, 67.79926, -2.5318809, 0.0, -9.629593, 29.383038, 0.49000004, 12.932161
1628, 270, -0.0011999999405816197, -0.3227999840164557, False, 67.67926, -3.288404, 0.0, -10.936028, 29.586239, 0.49000004, 13.556485
1628, 271, -0.0011999999405816197, -0.32399998395703733, False, 67.55926, -4.0837936, 0.0, -12.046568, 29.765162, 0.49000004, 14.272214
1628, 272, -0.0011999999405816197, -0.32519998389761895, False, 67.439255, -4.896011, 0.0, -12.977005, 29.905798, 0.49000004, 15.0695915
1628, 273, -0.0011999999405816197, -0.32639998383820057, False, 67.31925, -5.2848454, 0.0, -8.152797, 30.046932, 0.49000004, 15.717042
1628, 274, -0.0011999999405816197, -0.3275999837787822, False, 67.19925, -5.552973, 0.0, -9.380849, 30.147905, 0.49000004, 16.339045
1628, 275, -0.0011999999405816197, -0.3287999837193638, False, 67.07925, -5.918403, 0.0, -10.458599, 30.169365, 0.49000004, 17.037401
1628, 276, -0.0011999999405816197, -0.32999998365994543, False, 66.95924, -5.916664, 0.0, -5.8221235, 30.221645, 0.49000004, 17.60283
1628, 277, -0.0011999999405816197, -0.33119998360052705, False, 66.83924, -4.719884, 0.0, -2.8057866, 30.358578, 0.49000004, 17.957256
1628, 278, -0.0011999999405816197, -0.33239998354110867, False, 66.71924, -3.8699872, 0.0, -0.094439745, 30.55435, 0.49000004, 18.117947
1628, 279, -0.0011999999405816197, -0.3335999834816903, False, 66.599236, -3.3722467, 0.0, 2.2359304, 30.781618, 0.49000004, 18.106043
1628, 280, -0.0011999999405816197, -0.3347999834222719, False, 66.47923, -3.2185762, 0.0, 4.2654533, 31.022026, 0.49000004, 17.943048
1628, 281, -0.0011999999405816197, -0.3359999833628535, False, 66.35923, -3.3224878, 0.0, 6.069271, 31.261309, 0.49000004, 17.644505
1628, 282, -0.0011999999405816197, -0.33719998330343515, False, 66.23923, -2.433779, 0.0, 3.5151463, 31.434673, 0.49000004, 17.394106
1628, 283, -0.0011999999405816197, -0.33839998324401677, False, 66.119225, -2.560122, 0.0, 5.456821, 31.563208, 0.49000004, 17.094877
1628, 284, -0.0011999999405816197, -0.3395999831845984, False, 65.99922, -2.8828964, 0.0, 7.183264, 31.656624, 0.49000004, 16.67488
1628, 285, -0.0011999999405816197, -0.34079998312518, False, 65.87922, -3.3455584, 0.0, 8.706447, 31.703594, 0.49000004, 16.148718
1628, 286, -0.0011999999405816197, -0.3419999830657616, False, 65.75922, -2.6656778, 0.0, 5.2271996, 31.725449, 0.49000004, 15.7343855
1628, 287, -0.0011999999405816197, -0.34319998300634325, False, 65.63921, -2.949608, 0.0, 6.9693565, 31.694862, 0.49000004, 15.315478
1628, 288, -0.0011999999405816197, -0.34439998294692487, False, 65.51921, -3.3813796, 0.0, 8.508957, 31.58602, 0.49000004, 14.809135
1628, 289, -0.0011999999405816197, -0.3455999828875065, False, 65.39921, -3.9186177, 0.0, 9.856007, 31.3937, 0.49000004, 14.232588
1628, 290, -0.0011999999405816197, -0.3467999828280881, False, 65.279205, -4.528442, 0.0, 11.021292, 31.113838, 0.49000004, 13.602822
1628, 291, -0.0011999999405816197, -0.3479999827686697, False, 65.1592, -3.5974493, 0.0, 6.670903, 30.882772, 0.49000004, 13.121931
1628, 292, -0.0011999999405816197, -0.34919998270925134, False, 65.0392, -3.915091, 0.0, 8.189356, 30.611507, 0.49000004, 12.684593
1628, 293, -0.0011999999405816197, -0.35039998264983296, False, 64.9192, -4.3531756, 0.0, 9.524942, 30.231297, 0.49000004, 12.2196
1628, 294, -0.0011999999405816197, -0.3515999825904146, False, 64.799194, -4.437574, 0.0, 5.110893, 29.954334, 0.49000004, 11.832574
1628, 295, -0.0011999999405816197, -0.3527999825309962, False, 64.67919, -3.0523634, 0.0, 2.8497193, 29.800877, 0.49000004, 11.577526
1628, 296, -0.0011999999405816197, -0.3539999824715778, False, 64.55919, -1.6137966, 0.0, 1.8586586, 29.708677, 0.49000004, 11.42429
1628, 297, -0.0011999999405816197, -0.35519998241215944, False, 64.439186, -0.76101434, 0.0, 1.088198, 29.656982, 0.49000004, 11.338374
1628, 298, -0.0011999999405816197, -0.35639998235274106, False, 64.31918, -0.33709025, 0.0, 3.531771, 29.525908, 0.49000004, 11.234407
1628, 299, -0.0011999999405816197, -0.3575999822933227, False, 64.19918, 0.21303487, 0.0, 5.691262, 29.277388, 0.49000004, 11.067034
1628, 300, -0.0011999999405816197, -0.3587999822339043, False, 64.07918, 0.4762175, 0.0, 1.9844623, 29.113077, 0.49000004, 10.964662
1628, 301, -0.0011999999405816197, -0.3599999821744859, False, 63.959175, 0.35030663, 0.0, 0.98954916, 29.041906, 0.49000004, 10.926011
1628, 302, -0.0011999999405816197, -0.36119998211506754, False, 63.839172, 0.08790028, 0.0, -1.7075706, 29.06554, 0.49000004, 10.97361
1628, 303, -0.0011999999405816197, -0.36239998205564916, False, 63.71917, -0.2537911, 0.0, -4.0226564, 29.175121, 0.49000004, 11.136622
1628, 304, -0.0011999999405816197, -0.3635999819962308, False, 63.599167, -0.30825782, 0.0, -0.4921819, 29.237648, 0.49000004, 11.215446
1628, 305, -0.0011999999405816197, -0.3647999819368124, False, 63.479164, -0.44621038, 0.0, -2.8966742, 29.301394, 0.49000004, 11.327276
1628, 306, -0.0011999999405816197, -0.365999981877394, False, 63.35916, -0.8093993, 0.0, -5.049787, 29.402872, 0.49000004, 11.571071
1628, 307, -0.0011999999405816197, -0.36719998181797564, False, 63.23916, -1.3329642, 0.0, -6.959241, 29.52317, 0.49000004, 11.938433
1628, 308, -0.0011999999405816197, -0.36839998175855726, False, 63.119156, -1.9752026, 0.0, -8.634653, 29.644482, 0.49000004, 12.420186
1628, 309, -0.0011999999405816197, -0.3695999816991389, False, 62.999153, -2.7017174, 0.0, -10.088276, 29.75041, 0.49000004, 13.00629
1628, 310, -0.0011999999405816197, -0.3707999816397205, False, 62.87915, -3.483323, 0.0, -11.334273, 29.826097, 0.49000004, 13.685882
1628, 311, -0.0011999999405816197, -0.3719999815803021, False, 62.759148, -4.295309, 0.0, -12.388096, 29.85828, 0.49000004, 14.447362
1628, 312, -0.0011999999405816197, -0.37319998152088374, False, 62.639145, -5.116972, 0.0, -13.265932, 29.83534, 0.49000004, 15.278496
1628, 313, -0.0011999999405816197, -0.37439998146146536, False, 62.519142, -4.145377, 0.0, -8.103295, 29.802933, 0.49000004, 15.916751
1628, 314, -0.0011999999405816197, -0.375599981402047, False, 62.39914, -4.546154, 0.0, -9.428919, 29.719503, 0.49000004, 16.511799
1628, 315, -0.0011999999405816197, -0.3767999813426286, False, 62.279137, -4.5960584, 0.0, -5.0110226, 29.684807, 0.49000004, 16.987434
1628, 316, -0.0011999999405816197, -0.3779999812832102, False, 62.159134, -3.6061652, 0.0, -1.9500127, 29.759426, 0.49000004, 17.270636
1628, 317, -0.0011999999405816197, -0.37919998122379184, False, 62.03913, -2.9415567, 0.0, 0.72191095, 29.913578, 0.49000004, 17.376783
1628, 318, -0.0011999999405816197, -0.38039998116437346, False, 61.91913, -2.65571, 0.0, 2.9797547, 30.118593, 0.49000004, 17.326641
1628, 319, -0.0011999999405816197, -0.3815999811049551, False, 61.799126, -2.688801, 0.0, 4.966014, 30.356213, 0.49000004, 17.137297
1628, 320, -0.0011999999405816197, -0.3827999810455367, False, 61.679123, -2.941293, 0.0, 6.73379, 30.610317, 0.49000004, 16.819754
1628, 321, -0.0011999999405816197, -0.3839999809861183, False, 61.55912, -3.3494217, 0.0, 8.298219, 30.86494, 0.49000004, 16.383444
1628, 322, -0.0011999999405816197, -0.38519998092669994, False, 61.439117, -2.6355443, 0.0, 4.960798, 31.051462, 0.49000004, 16.032347
1628, 323, -0.0011999999405816197, -0.38639998086728156, False, 61.319115, -2.4012268, 0.0, 1.2143469, 31.193747, 0.49000004, 15.877021
1628, 324, -0.0011999999405816197, -0.3875999808078632, False, 61.199112, -1.3828675, 0.0, 0.52603686, 31.286835, 0.49000004, 15.816966
1628, 325, -0.0011999999405816197, -0.3887999807484448, False, 61.07911, -0.6560061, 0.0, 0.17364997, 31.333275, 0.49000004, 15.787004
1628, 326, -0.0011999999405816197, -0.3899999806890264, False, 60.959106, -0.67259175, 0.0, 2.5981054, 31.327007, 0.49000004, 15.672295
1628, 327, -0.0011999999405816197, -0.39119998062960804, False, 60.839104, -0.9676149, 0.0, 4.7629795, 31.256975, 0.49000004, 15.433612
1628, 328, -0.0011999999405816197, -0.39239998057018965, False, 60.7191, -1.4395638, 0.0, 6.687611, 31.115957, 0.49000004, 15.089788
1628, 329, -0.0011999999405816197, -0.3935999805107713, False, 60.5991, -2.040359, 0.0, 8.3809, 30.897362, 0.49000004, 14.65955
1628, 330, -0.0011999999405816197, -0.3947999804513529, False, 60.479095, -2.7331505, 0.0, 9.854179, 30.596033, 0.49000004, 14.161346
1628, 331, -0.0011999999405816197, -0.3959999803919345, False, 60.359093, -2.3685865, 0.0, 6.0124316, 30.350971, 0.49000004, 13.776662
1628, 332, -0.0011999999405816197, -0.39719998033251613, False, 60.23909, -2.7758627, 0.0, 7.6968813, 30.070248, 0.49000004, 13.416198
1628, 333, -0.0011999999405816197, -0.39839998027309775, False, 60.119087, -3.3054051, 0.0, 9.176699, 29.682898, 0.49000004, 13.019752
1628, 334, -0.0011999999405816197, -0.3995999802136794, False, 59.999084, -3.4844377, 0.0, 4.878973, 29.400803, 0.49000004, 12.693764
1628, 335, -0.0011999999405816197, -0.400799980154261, False, 59.87908, -2.3672366, 0.0, 7.227408, 29.10238, 0.49000004, 12.394601
1628, 336, -0.0011999999405816197, -0.4019999800948426, False, 59.75908, -0.99416876, 0.0, 4.623407, 28.853214, 0.49000004, 12.1691885
1628, 337, -0.0011999999405816197, -0.40319998003542423, False, 59.639076, -0.24747801, 0.0, 6.738551, 28.56927, 0.49000004, 11.940094
1628, 338, -0.0011999999405816197, -0.40439997997600585, False, 59.519073, 0.5861008, 0.0, 8.576136, 28.191051, 0.49000004, 11.645338
1628, 339, -0.0011999999405816197, -0.40559997991658747, False, 59.39907, 1.080338, 0.0, 4.5524864, 27.903923, 0.49000004, 11.4331255
1628, 340, -0.0011999999405816197, -0.4067999798571691, False, 59.279068, 1.030545, 0.0, 0.92998654, 27.77353, 0.49000004, 11.3752165
1628, 341, -0.0011999999405816197, -0.4079999797977507, False, 59.159065, 0.6192481, 0.0, -1.8462136, 27.765532, 0.49000004, 11.449527
1628, 342, -0.0011999999405816197, -0.40919997973833233, False, 59.039062, 0.1666677, 0.0, -4.198248, 27.837355, 0.49000004, 11.643984
1628, 343, -0.0011999999405816197, -0.41039997967891395, False, 58.91906, -0.41836822, 0.0, -6.2769246, 27.963568, 0.49000004, 11.955992
1628, 344, -0.0011999999405816197, -0.41159997961949557, False, 58.799057, -1.1171311, 0.0, -8.099464, 28.12285, 0.49000004, 12.38085
1628, 345, -0.0011999999405816197, -0.4127999795600772, False, 58.679054, -1.9005578, 0.0, -9.680868, 28.29581, 0.49000004, 12.912357
1628, 346, -0.0011999999405816197, -0.4139999795006588, False, 58.55905, -2.7405877, 0.0, -11.037132, 28.4647, 0.49000004, 13.543048
1628, 347, -0.0011999999405816197, -0.41519997944124043, False, 58.43905, -3.6122632, 0.0, -12.185244, 28.61337, 0.49000004, 14.264331
1628, 348, -0.0011999999405816197, -0.41639997938182205, False, 58.319046, -4.4941587, 0.0, -13.142811, 28.72727, 0.49000004, 15.066617
1628, 349, -0.0011999999405816197, -0.41759997932240367, False, 58.199043, -4.948548, 0.0, -8.334505, 28.844826, 0.49000004, 15.718402
1628, 350, -0.0011999999405816197, -0.4187999792629853, False, 58.07904, -5.2761393, 0.0, -9.570741, 28.925104, 0.49000004, 16.344208
1628, 351, -0.0011999999405816197, -0.4199999792035669, False, 57.959038, -5.253153, 0.0, -5.0822325, 29.02355, 0.49000004, 16.840765
1628, 352, -0.0011999999405816197, -0.42119997914414853, False, 57.839035, -4.182806, 0.0, -2.088407, 29.18482, 0.49000004, 17.124493
1628, 353, -0.0011999999405816197, -0.42239997908473015, False, 57.719032, -3.4470527, 0.0, 0.555416, 29.384214, 0.49000004, 17.216244
1628, 354, -0.0011999999405816197, -0.42359997902531177, False, 57.59903, -3.0765786, 0.0, 2.8103545, 29.598038, 0.49000004, 17.14092
1628, 355, -0.0011999999405816197, -0.4247999789658934, False, 57.479027, -3.0314765, 0.0, 4.788826, 29.811481, 0.49000004, 16.919773
1628, 356, -0.0011999999405816197, -0.425999978906475, False, 57.359024, -3.2186296, 0.0, 6.549625, 30.01151, 0.49000004, 16.567905
1628, 357, -0.0011999999405816197, -0.4271999788470566, False, 57.23902, -3.571639, 0.0, 8.110806, 30.184996, 0.49000004, 16.09838
1628, 358, -0.0011999999405816197, -0.42839997878763825, False, 57.11902, -4.044023, 0.0, 9.482681, 30.319313, 0.49000004, 15.523974
1628, 359, -0.0011999999405816197, -0.42959997872821987, False, 56.999016, -4.16237, 0.0, 5.0964603, 30.45348, 0.49000004, 15.078469
1628, 360, -0.0011999999405816197, -0.4307999786688015, False, 56.879013, -2.876654, 0.0, 2.8527408, 30.558178, 0.49000004, 14.809076
1628, 361, -0.0011999999405816197, -0.4319999786093831, False, 56.75901, -2.863966, 0.0, 4.839178, 30.590092, 0.49000004, 14.50718
1628, 362, -0.0011999999405816197, -0.4331999785499647, False, 56.639008, -2.039067, 0.0, 2.743775, 30.592733, 0.49000004, 14.262032
1628, 363, -0.0011999999405816197, -0.43439997849054635, False, 56.519005, -2.1337454, 0.0, 4.7971044, 30.528442, 0.49000004, 13.992525
1628, 364, -0.0011999999405816197, -0.43559997843112797, False, 56.399002, -1.5849695, 0.0, 2.747524, 30.457882, 0.49000004, 13.775641
1628, 365, -0.0011999999405816197, -0.4367999783717096, False, 56.279, -1.3321373, 0.0, 4.990966, 30.32447, 0.49000004, 13.541721
1628, 366, -0.0011999999405816197, -0.4379999783122912, False, 56.158997, -1.7751775, 0.0, 6.862756, 30.087786, 0.49000004, 13.234888
1628, 367, -0.0011999999405816197, -0.4391999782528728, False, 56.038994, -1.9049509, 0.0, 2.925668, 29.935211, 0.49000004, 13.002929
1628, 368, -0.0011999999405816197, -0.44039997819345444, False, 55.91899, -2.0407665, 0.0, 4.96801, 29.754665, 0.49000004, 12.783976
1628, 369, -0.0011999999405816197, -0.44159997813403606, False, 55.79899, -2.3820333, 0.0, 6.785516, 29.4513, 0.49000004, 12.53048
1628, 370, -0.0011999999405816197, -0.4427999780746177, False, 55.678986, -1.2571392, 0.0, 8.824604, 29.033604, 0.49000004, 12.254957
1628, 371, -0.0011999999405816197, -0.4439999780151993, False, 55.558983, -0.20574975, 0.0, 5.590515, 28.698198, 0.49000004, 12.044503
1628, 372, -0.0011999999405816197, -0.4451999779557809, False, 55.43898, 0.1301372, 0.0, 1.9279171, 28.54004, 0.49000004, 11.943615
1628, 373, -0.0011999999405816197, -0.44639997789636254, False, 55.318977, 0.4520253, 0.0, 4.2027035, 28.36872, 0.49000004, 11.824385
1628, 374, -0.0011999999405816197, -0.44759997783694416, False, 55.198975, 0.48233008, 0.0, 0.6448734, 28.270351, 0.49000004, 11.769466
1628, 375, -0.0011999999405816197, -0.4487999777775258, False, 55.07897, 0.18988264, 0.0, -1.9748847, 28.298307, 0.49000004, 11.834363
1628, 376, -0.0011999999405816197, -0.4499999777181074, False, 54.95897, -0.008973509, 0.0, -1.0121205, 28.338102, 0.49000004, 11.901896
1628, 377, -0.0011999999405816197, -0.451199977658689, False, 54.838966, -0.26693058, 0.0, -3.386827, 28.414867, 0.49000004, 12.039061
1628, 378, -0.0011999999405816197, -0.45239997759927064, False, 54.718964, -0.7075995, 0.0, -5.506612, 28.543804, 0.49000004, 12.299911
1628, 379, -0.0011999999405816197, -0.45359997753985226, False, 54.59896, -1.2909559, 0.0, -7.3796196, 28.704601, 0.49000004, 12.67877
1628, 380, -0.0011999999405816197, -0.4547999774804339, False, 54.47896, -1.9806173, 0.0, -9.016984, 28.878355, 0.49000004, 13.168767
1628, 381, -0.0011999999405816197, -0.4559999774210155, False, 54.358955, -2.744641, 0.0, -10.432126, 29.047598, 0.49000004, 13.761917
1628, 382, -0.0011999999405816197, -0.4571999773615971, False, 54.238953, -3.5554328, 0.0, -11.640119, 29.19636, 0.49000004, 14.449204
1628, 383, -0.0011999999405816197, -0.45839997730217874, False, 54.11895, -4.3894973, 0.0, -12.657092, 29.31021, 0.49000004, 15.220677
1628, 384, -0.0011999999405816197, -0.45959997724276036, False, 53.998947, -3.6341367, 0.0, -7.7486744, 29.384829, 0.49000004, 15.817438
1628, 385, -0.0011999999405816197, -0.460799977183342, False, 53.878944, -4.0609612, 0.0, -9.152568, 29.406197, 0.49000004, 16.388945
1628, 386, -0.0011999999405816197, -0.4619999771239236, False, 53.75894, -4.5812206, 0.0, -10.377421, 29.357649, 0.49000004, 17.041454
1628, 387, -0.0011999999405816197, -0.4631999770645052, False, 53.63894, -4.730994, 0.0, -5.853083, 29.348526, 0.49000004, 17.565294
1628, 388, -0.0011999999405816197, -0.46439997700508684, False, 53.518936, -3.6707294, 0.0, -2.6949477, 29.431894, 0.49000004, 17.881529
1628, 389, -0.0011999999405816197, -0.46559997694566846, False, 53.398933, -2.937984, 0.0, 0.10585499, 29.580019, 0.49000004, 18.007128
1628, 390, -0.0011999999405816197, -0.4667999768862501, False, 53.27893, -2.5739079, 0.0, 2.4588175, 29.764126, 0.49000004, 17.965595
1628, 391, -0.0011999999405816197, -0.4679999768268317, False, 53.158928, -2.5566432, 0.0, 4.5105267, 29.966887, 0.49000004, 17.778488
1628, 392, -0.0011999999405816197, -0.4691999767674133, False, 53.038925, -2.7772346, 0.0, 6.336354, 30.17373, 0.49000004, 17.459578
1628, 393, -0.0011999999405816197, -0.47039997670799494, False, 52.918922, -2.1159365, 0.0, 3.7144606, 30.324455, 0.49000004, 17.19498
1628, 394, -0.0011999999405816197, -0.47159997664857656, False, 52.79892, -2.310083, 0.0, 5.6572037, 30.435905, 0.49000004, 16.884892
1628, 395, -0.0011999999405816197, -0.4727999765891582, False, 52.678917, -2.687748, 0.0, 7.3826942, 30.514675, 0.49000004, 16.455273
1628, 396, -0.0011999999405816197, -0.4739999765297398, False, 52.558914, -3.19611, 0.0, 8.901656, 30.548925, 0.49000004, 15.920455
1628, 397, -0.0011999999405816197, -0.4751999764703214, False, 52.43891, -3.358947, 0.0, 4.641787, 30.601332, 0.49000004, 15.509296
1628, 398, -0.0011999999405816197, -0.47639997641090304, False, 52.31891, -2.3295789, 0.0, 2.5972033, 30.652847, 0.49000004, 15.264619
1628, 399, -0.0011999999405816197, -0.47759997635148466, False, 52.198906, -2.3641157, 0.0, 4.6482353, 30.634453, 0.49000004, 14.988881
1628, 400, -0.0011999999405816197, -0.4787999762920663, False, 52.078903, -1.9147005, 0.0, 1.173495, 30.654167, 0.49000004, 14.804394
1628, 401, -0.0011999999405816197, -0.4799999762326479, False, 51.9589, -1.8351014, 0.0, 3.419324, 30.63392, 0.49000004, 14.610615
1628, 402, -0.0011999999405816197, -0.4811999761732295, False, 51.838898, -2.037205, 0.0, 5.413627, 30.508974, 0.49000004, 14.328363
1628, 403, -0.0011999999405816197, -0.48239997611381114, False, 51.718895, -1.7601027, 0.0, 7.4033914, 30.28194, 0.49000004, 13.974771
1628, 404, -0.0011999999405816197, -0.48359997605439276, False, 51.598892, -2.3906422, 0.0, 8.998089, 29.960592, 0.49000004, 13.559223
1628, 405, -0.0011999999405816197, -0.4847999759949744, False, 51.47889, -0.90392256, 0.0, 5.786335, 29.699284, 0.49000004, 13.237936
1628, 406, -0.0011999999405816197, -0.485999975935556, False, 51.358887, -0.17943656, 0.0, 3.5682852, 29.537842, 0.49000004, 13.039443
1628, 407, -0.0011999999405816197, -0.4871999758761376, False, 51.238884, 0.34916282, 0.0, 5.7097273, 29.345564, 0.49000004, 12.807612
1628, 408, -0.0011999999405816197, -0.48839997581671923, False, 51.11888, 0.58809316, 0.0, 1.9910054, 29.21448, 0.49000004, 12.662825
1628, 409, -0.0011999999405816197, -0.48959997575730085, False, 50.99888, 0.3230607, 0.0, -1.0030378, 29.193087, 0.49000004, 12.679984
1628, 410, -0.0011999999405816197, -0.4907999756978825, False, 50.878876, -0.0046215057, 0.0, -3.408796, 29.239464, 0.49000004, 12.830957
1628, 411, -0.0011999999405816197, -0.4919999756384641, False, 50.758873, -0.48916256, 0.0, -5.549297, 29.327442, 0.49000004, 13.109359
1628, 412, -0.0011999999405816197, -0.4931999755790457, False, 50.63887, -1.1075022, 0.0, -7.4371023, 29.436634, 0.49000004, 13.507736
1628, 413, -0.0011999999405816197, -0.49439997551962733, False, 50.518867, -1.8270055, 0.0, -9.084738, 29.548563, 0.49000004, 14.017441
1628, 414, -0.0011999999405816197, -0.49559997546020895, False, 50.398865, -2.6171196, 0.0, -10.506522, 29.646437, 0.49000004, 14.628807
1628, 415, -0.0011999999405816197, -0.49679997540079057, False, 50.278862, -3.4509065, 0.0, -11.718192, 29.715124, 0.49000004, 15.331274
1628, 416, -0.0011999999405816197, -0.4979999753413722, False, 50.15886, -2.965024, 0.0, -7.190389, 29.757208, 0.49000004, 15.876945
1628, 417, -0.0011999999405816197, -0.4991999752819538, False, 50.038857, -3.4179215, 0.0, -8.70613, 29.753096, 0.49000004, 16.406942
1628, 418, -0.0011999999405816197, -0.5003999752225354, False, 49.918854, -3.9709473, 0.0, -10.03011, 29.682266, 0.49000004, 17.021849
1628, 419, -0.0011999999405816197, -0.501599975163117, False, 49.79885, -2.7094285, 0.0, -6.310223, 29.649174, 0.49000004, 17.508963
1628, 420, -0.0011999999405816197, -0.5027999751036987, False, 49.67885, -1.889926, 0.0, -2.8512418, 29.68621, 0.49000004, 17.77701
1628, 421, -0.0011999999405816197, -0.5039999750442803, False, 49.558846, -1.3505454, 0.0, 0.17356285, 29.76157, 0.49000004, 17.844494
1628, 422, -0.0011999999405816197, -0.5051999749848619, False, 49.438843, -1.227525, 0.0, 2.5793002, 29.84892, 0.49000004, 17.747519
1628, 423, -0.0011999999405816197, -0.5063999749254435, False, 49.31884, -1.42929, 0.0, 4.7052803, 29.936937, 0.49000004, 17.509565
1628, 424, -0.0011999999405816197, -0.5075999748660251, False, 49.198837, -1.8288927, 0.0, 6.5979767, 30.011745, 0.49000004, 17.144363
1628, 425, -0.0011999999405816197, -0.5087999748066068, False, 49.078835, -2.3686676, 0.0, 8.267407, 30.059229, 0.49000004, 16.665134
1628, 426, -0.0011999999405816197, -0.5099999747471884, False, 48.95883, -3.0082774, 0.0, 9.723989, 30.066309, 0.49000004, 16.085417
1628, 427, -0.0011999999405816197, -0.51119997468777, False, 48.83883, -3.2860272, 0.0, 5.3904996, 30.09518, 0.49000004, 15.633609
1628, 428, -0.0011999999405816197, -0.5123999746283516, False, 48.718826, -3.5056748, 0.0, 7.0679417, 30.091833, 0.49000004, 15.192135
1628, 429, -0.0011999999405816197, -0.5135999745689332, False, 48.598824, -3.4173558, 0.0, 2.994739, 30.122044, 0.49000004, 14.859676
1628, 430, -0.0011999999405816197, -0.5147999745095149, False, 48.47882, -3.3484464, 0.0, 4.9292297, 30.109528, 0.49000004, 14.53343
1628, 431, -0.0011999999405816197, -0.5159999744500965, False, 48.358818, -3.5092852, 0.0, 6.651331, 29.989452, 0.49000004, 14.13165
1628, 432, -0.0011999999405816197, -0.5171999743906781, False, 48.238815, -2.18059, 0.0, 4.132985, 29.87486, 0.49000004, 13.819939
1628, 433, -0.0011999999405816197, -0.5183999743312597, False, 48.118813, -2.411917, 0.0, 6.0266685, 29.704115, 0.49000004, 13.511083
1628, 434, -0.0011999999405816197, -0.5195999742718413, False, 47.99881, -1.0878844, 0.0, 3.8415217, 29.552317, 0.49000004, 13.26993
1628, 435, -0.0011999999405816197, -0.520799974212423, False, 47.878807, -1.4473901, 0.0, 5.8486433, 29.35451, 0.49000004, 13.016539
1628, 436, -0.0011999999405816197, -0.5219999741530046, False, 47.758804, -1.2540443, 0.0, 3.464261, 29.184727, 0.49000004, 12.814922
1628, 437, -0.0011999999405816197, -0.5231999740935862, False, 47.6388, -0.5658932, 0.0, 5.720027, 28.963787, 0.49000004, 12.606612
1628, 438, -0.0011999999405816197, -0.5243999740341678, False, 47.5188, -0.14817357, 0.0, 2.0786443, 28.822235, 0.49000004, 12.470005
1628, 439, -0.0011999999405816197, -0.5255999739747494, False, 47.398796, -0.02980581, 0.0, -0.85352683, 28.82199, 0.49000004, 12.467925
1628, 440, -0.0011999999405816197, -0.5267999739153311, False, 47.278793, 0.083654046, 0.0, 1.7069316, 28.788967, 0.49000004, 12.427171
1628, 441, -0.0011999999405816197, -0.5279999738559127, False, 47.15879, 0.0049679875, 0.0, -1.1532006, 28.794998, 0.49000004, 12.444516
1628, 442, -0.0011999999405816197, -0.5291999737964943, False, 47.038788, -0.046394885, 0.0, -0.46049055, 28.815002, 0.49000004, 12.479513
1628, 443, -0.0011999999405816197, -0.5303999737370759, False, 46.918785, -0.2435264, 0.0, -2.886216, 28.866089, 0.49000004, 12.594855
1628, 444, -0.0011999999405816197, -0.5315999736776575, False, 46.798782, -0.63912547, 0.0, -5.0572343, 28.957096, 0.49000004, 12.841386
1628, 445, -0.0011999999405816197, -0.5327999736182392, False, 46.67878, -1.1878699, 0.0, -6.980497, 29.06844, 0.49000004, 13.211043
1628, 446, -0.0011999999405816197, -0.5339999735588208, False, 46.558777, -1.8515356, 0.0, -8.666306, 29.181978, 0.49000004, 13.694784
1628, 447, -0.0011999999405816197, -0.5351999734994024, False, 46.438774, -2.5969005, 0.0, -10.1274805, 29.281113, 0.49000004, 14.282638
1628, 448, -0.0011999999405816197, -0.536399973439984, False, 46.31877, -3.395294, 0.0, -11.378656, 29.35083, 0.49000004, 14.963791
1628, 449, -0.0011999999405816197, -0.5375999733805656, False, 46.19877, -2.9039915, 0.0, -6.9713616, 29.393612, 0.49000004, 15.493715
1628, 450, -0.0011999999405816197, -0.5387999733211473, False, 46.078766, -3.3418307, 0.0, -8.514465, 29.390026, 0.49000004, 16.010937
1628, 451, -0.0011999999405816197, -0.5399999732617289, False, 45.958763, -3.884544, 0.0, -9.864256, 29.319687, 0.49000004, 16.614256
1628, 452, -0.0011999999405816197, -0.5411999732023105, False, 45.83876, -4.064953, 0.0, -5.448718, 29.291609, 0.49000004, 17.09354
1628, 453, -0.0011999999405816197, -0.5423999731428921, False, 45.718758, -3.1122408, 0.0, -2.263832, 29.358328, 0.49000004, 17.369314
1628, 454, -0.0011999999405816197, -0.5435999730834737, False, 45.598755, -2.4722517, 0.0, 0.51258254, 29.490719, 0.49000004, 17.459152
1628, 455, -0.0011999999405816197, -0.5447999730240554, False, 45.478752, -2.22228, 0.0, 2.8247368, 29.660639, 0.49000004, 17.388334
1628, 456, -0.0011999999405816197, -0.545999972964637, False, 45.35875, -2.2993524, 0.0, 4.856997, 29.85184, 0.49000004, 17.176521
1628, 457, -0.0011999999405816197, -0.5471999729052186, False, 45.238747, -2.5930305, 0.0, 6.665935, 30.049181, 0.49000004, 16.835934
1628, 458, -0.0011999999405816197, -0.5483999728458002, False, 45.118744, -3.0391893, 0.0, 8.265525, 30.237354, 0.49000004, 16.377342
1628, 459, -0.0011999999405816197, -0.5495999727863818, False, 44.99874, -3.1514308, 0.0, 4.0866013, 30.405216, 0.49000004, 16.038176
1628, 460, -0.0011999999405816197, -0.5507999727269635, False, 44.87874, -2.1480312, 0.0, 2.2526574, 30.522696, 0.49000004, 15.847495
1628, 461, -0.0011999999405816197, -0.5519999726675451, False, 44.758736, -2.168047, 0.0, 4.354659, 30.584427, 0.49000004, 15.60063
1628, 462, -0.0011999999405816197, -0.5531999726081267, False, 44.638733, -2.425439, 0.0, 6.2259955, 30.586653, 0.49000004, 15.23615
1628, 463, -0.0011999999405816197, -0.5543999725487083, False, 44.51873, -1.8879251, 0.0, 3.6602588, 30.572731, 0.49000004, 14.942804
1628, 464, -0.0011999999405816197, -0.5555999724892899, False, 44.398727, -2.109055, 0.0, 5.625287, 30.505075, 0.49000004, 14.62751
1628, 465, -0.0011999999405816197, -0.5567999724298716, False, 44.278725, -2.5105002, 0.0, 7.370089, 30.350693, 0.49000004, 14.224056
1628, 466, -0.0011999999405816197, -0.5579999723704532, False, 44.158722, -3.0403323, 0.0, 8.905014, 30.106226, 0.49000004, 13.750859
1628, 467, -0.0011999999405816197, -0.5591999723110348, False, 44.03872, -1.3171945, 0.0, 5.77395, 29.902279, 0.49000004, 13.385194
1628, 468, -0.0011999999405816197, -0.5603999722516164, False, 43.918716, -0.7555247, 0.0, 2.2085428, 29.819468, 0.49000004, 13.192767
1628, 469, -0.0011999999405816197, -0.561599972192198, False, 43.798714, -0.24979496, 0.0, 4.538445, 29.72173, 0.49000004, 12.985986
1628, 470, -0.0011999999405816197, -0.5627999721327797, False, 43.67871, 0.004717499, 0.0, 0.98250556, 29.6665, 0.49000004, 12.869751
1628, 471, -0.0011999999405816197, -0.5639999720733613, False, 43.55871, 0.038250834, 0.0, 0.3478565, 29.653141, 0.49000004, 12.840135
1628, 472, -0.0011999999405816197, -0.5651999720139429, False, 43.438705, -0.10900894, 0.0, -2.1634896, 29.674154, 0.49000004, 12.918162
1628, 473, -0.0011999999405816197, -0.5663999719545245, False, 43.318703, 0.0, 0.0, 0.854047, 29.676685, 0.49000004, 12.920873
1628, 474, -0.0011999999405816197, -0.5675999718951061, False, 43.1987, 0.088139415, 0.0, -1.7037885, 29.689898, 0.49000004, 12.971451
1628, 475, -0.0011999999405816197, -0.5687999718356878, False, 43.078697, 0.39617825, 0.0, -4.004092, 29.748573, 0.49000004, 13.15855
1628, 476, -0.0011999999405816197, -0.5699999717762694, False, 42.958694, 0.47675782, 0.0, -2.3122032, 29.802681, 0.49000004, 13.321671
1628, 477, -0.0011999999405816197, -0.571199971716851, False, 42.83869, 0.3824563, 0.0, -1.2019657, 29.832796, 0.49000004, 13.412462
1628, 478, -0.0011999999405816197, -0.5723999716574326, False, 42.71869, 0.13062847, 0.0, 1.575145, 29.794445, 0.49000004, 13.387598
1628, 479, -0.0011999999405816197, -0.5735999715980142, False, 42.598686, -0.20719075, 0.0, 3.9069686, 29.661116, 0.49000004, 13.253526
1628, 480, -0.0011999999405816197, -0.5747999715385959, False, 42.478683, -0.7076099, 0.0, 5.980819, 29.429026, 0.49000004, 13.033073
1628, 481, -0.0011999999405816197, -0.5759999714791775, False, 42.35868, -1.3376431, 0.0, 7.8070498, 29.096865, 0.49000004, 12.747345
1628, 482, -0.0011999999405816197, -0.5771999714197591, False, 42.238678, -1.639637, 0.0, 3.8007572, 28.86376, 0.49000004, 12.526266
1628, 483, -0.0011999999405816197, -0.5783999713603407, False, 42.118675, -1.9125705, 0.0, 5.769495, 28.611248, 0.49000004, 12.320009
1628, 484, -0.0011999999405816197, -0.5795999713009223, False, 41.998672, -0.7948959, 0.0, 3.6334715, 28.396963, 0.49000004, 12.162376
1628, 485, -0.0011999999405816197, -0.580799971241504, False, 41.87867, -0.23849583, 0.0, 2.146461, 28.269758, 0.49000004, 12.068801
1628, 486, -0.0011999999405816197, -0.5819999711820856, False, 41.758667, -0.07507104, 0.0, -0.8488603, 28.269703, 0.49000004, 12.063067
1628, 487, -0.0011999999405816197, -0.5831999711226672, False, 41.638664, 0.072651625, 0.0, 1.721518, 28.228754, 0.49000004, 12.028905
1628, 488, -0.0011999999405816197, -0.5843999710632488, False, 41.51866, 6.93202e-05, 0.0, -1.139226, 28.237947, 0.49000004, 12.043739
1628, 489, -0.0011999999405816197, -0.5855999710038304, False, 41.39866, -0.047384143, 0.0, -0.4510923, 28.26449, 0.49000004, 12.073221
1628, 490, -0.0011999999405816197, -0.586799970944412, False, 41.278656, -0.24336934, 0.0, -2.8776627, 28.33817, 0.49000004, 12.174966
1628, 491, -0.0011999999405816197, -0.5879999708849937, False, 41.158653, -0.63815904, 0.0, -5.049538, 28.478197, 0.49000004, 12.396776
1628, 492, -0.0011999999405816197, -0.5891999708255753, False, 41.03865, -0.70021635, 0.0, -2.9847188, 28.592548, 0.49000004, 12.585561
1628, 493, -0.0011999999405816197, -0.5903999707661569, False, 40.918648, -1.0309564, 0.0, -5.108635, 28.708504, 0.49000004, 12.829947
1628, 494, -0.0011999999405816197, -0.5915999707067385, False, 40.798645, -1.5287921, 0.0, -6.9935727, 28.841288, 0.49000004, 13.198095
1628, 495, -0.0011999999405816197, -0.5927999706473202, False, 40.678642, -2.148484, 0.0, -8.64881, 28.973476, 0.49000004, 13.680694
1628, 496, -0.0011999999405816197, -0.5939999705879018, False, 40.55864, -2.854477, 0.0, -10.086094, 29.088943, 0.49000004, 14.267635
1628, 497, -0.0011999999405816197, -0.5951999705284834, False, 40.438637, -3.6171436, 0.0, -11.319101, 29.173025, 0.49000004, 14.948023
1628, 498, -0.0011999999405816197, -0.596399970469065, False, 40.318634, -3.0404413, 0.0, -6.9191446, 29.226076, 0.49000004, 15.477413
1628, 499, -0.0011999999405816197, -0.5975999704096466, False, 40.19863, -3.4553003, 0.0, -8.456529, 29.230482, 0.49000004, 15.994216
1628, 500, -0.0011999999405816197, -0.5987999703502283, False, 40.07863, -3.9779582, 0.0, -9.802758, 29.167143, 0.49000004, 16.59714
1628, 501, -0.0011999999405816197, -0.5999999702908099, False, 39.958626, -4.139857, 0.0, -5.3867397, 29.14518, 0.49000004, 17.076044
1628, 502, -0.0011999999405816197, -0.6011999702313915, False, 39.838623, -3.1815765, 0.0, -2.2192922, 29.21713, 0.49000004, 17.351526
1628, 503, -0.0011999999405816197, -0.6023999701719731, False, 39.71862, -2.5379148, 0.0, 0.54198146, 29.35401, 0.49000004, 17.441298
1628, 504, -0.0011999999405816197, -0.6035999701125547, False, 39.598618, -2.2827635, 0.0, 2.8466494, 29.52795, 0.49000004, 17.370398
1628, 505, -0.0011999999405816197, -0.6047999700531363, False, 39.478615, -2.3535736, 0.0, 4.8724794, 29.722683, 0.49000004, 17.15838
1628, 506, -0.0011999999405816197, -0.605999969993718, False, 39.358612, -2.6414797, 0.0, 6.6756434, 29.923113, 0.49000004, 16.81753
1628, 507, -0.0011999999405816197, -0.6071999699342996, False, 39.23861, -3.0823433, 0.0, 8.270303, 30.113989, 0.49000004, 16.358652
1628, 508, -0.0011999999405816197, -0.6083999698748812, False, 39.118607, -3.1893647, 0.0, 4.087774, 30.284218, 0.49000004, 16.019186
1628, 509, -0.0011999999405816197, -0.6095999698154628, False, 38.998604, -2.1718338, 0.0, 2.2519789, 30.403358, 0.49000004, 15.828233
1628, 510, -0.0011999999405816197, -0.6107999697560444, False, 38.8786, -2.1882105, 0.0, 4.352607, 30.466347, 0.49000004, 15.581108
1628, 511, -0.0011999999405816197, -0.6119999696966261, False, 38.7586, -1.9337473, 0.0, 0.72139406, 30.54007, 0.49000004, 15.429515
1628, 512, -0.0011999999405816197, -0.6131999696372077, False, 38.638596, -1.7909505, 0.0, 3.0268784, 30.570715, 0.49000004, 15.258226
1628, 513, -0.0011999999405816197, -0.6143999695777893, False, 38.518593, -1.9554651, 0.0, 5.0661197, 30.515821, 0.49000004, 14.97656
1628, 514, -0.0011999999405816197, -0.6155999695183709, False, 38.39859, -2.3189688, 0.0, 6.880267, 30.372921, 0.49000004, 14.603629
1628, 515, -0.0011999999405816197, -0.6167999694589525, False, 38.278587, -2.8231387, 0.0, 8.480575, 30.138954, 0.49000004, 14.158074
1628, 516, -0.0011999999405816197, -0.6179999693995342, False, 38.158585, -3.4271054, 0.0, 9.877285, 29.811708, 0.49000004, 13.658171
1628, 517, -0.0011999999405816197, -0.6191999693401158, False, 38.03858, -4.0987425, 0.0, 11.08213, 29.390232, 0.49000004, 13.121705
1628, 518, -0.0011999999405816197, -0.6203999692806974, False, 37.91858, -2.6062493, 0.0, 7.046746, 29.052319, 0.49000004, 12.714746
1628, 519, -0.0011999999405816197, -0.621599969221279, False, 37.798576, -2.6366613, 0.0, 3.034638, 28.889433, 0.49000004, 12.455318
1628, 520, -0.0011999999405816197, -0.6227999691618606, False, 37.678574, -1.3522955, 0.0, 1.9322892, 28.816828, 0.49000004, 12.299728
1628, 521, -0.0011999999405816197, -0.6239999691024423, False, 37.55857, -0.76360655, 0.0, 4.3547335, 28.672009, 0.49000004, 12.13083
1628, 522, -0.0011999999405816197, -0.6251999690430239, False, 37.43857, -0.18054163, 0.0, 2.6174834, 28.539839, 0.49000004, 11.994227
1628, 523, -0.0011999999405816197, -0.6263999689836055, False, 37.318565, -0.07367702, 0.0, -0.5285977, 28.524937, 0.49000004, 11.973477
1628, 524, -0.0011999999405816197, -0.6275999689241871, False, 37.198563, -0.27087724, 0.0, -2.9455218, 28.612745, 0.49000004, 12.069326
1628, 525, -0.0011999999405816197, -0.6287999688647687, False, 37.07856, -0.19142169, 0.0, 0.28135955, 28.64934, 0.49000004, 12.095887
1628, 526, -0.0011999999405816197, -0.6299999688053504, False, 36.958557, -0.2682615, 0.0, -2.210897, 28.696869, 0.49000004, 12.166202
1628, 527, -0.0011999999405816197, -0.631199968745932, False, 36.838554, -0.59311914, 0.0, -4.4464035, 28.798786, 0.49000004, 12.366702
1628, 528, -0.0011999999405816197, -0.6323999686865136, False, 36.71855, -1.0881295, 0.0, -6.4339213, 28.93506, 0.49000004, 12.690832
1628, 529, -0.0011999999405816197, -0.6335999686270952, False, 36.59855, -1.7108548, 0.0, -8.182457, 29.086704, 0.49000004, 13.131138
1628, 530, -0.0011999999405816197, -0.6347999685676768, False, 36.478546, -2.4259002, 0.0, -9.703863, 29.2361, 0.49000004, 13.679154
1628, 531, -0.0011999999405816197, -0.6359999685082585, False, 36.358543, -3.2029834, 0.0, -11.012069, 29.367104, 0.49000004, 14.325445
1628, 532, -0.0011999999405816197, -0.6371999684488401, False, 36.23854, -4.016298, 0.0, -12.122407, 29.465115, 0.49000004, 15.0596895
1628, 533, -0.0011999999405816197, -0.6383999683894217, False, 36.118538, -4.4220705, 0.0, -7.458661, 29.568392, 0.49000004, 15.64974
1628, 534, -0.0011999999405816197, -0.6395999683300033, False, 35.998535, -4.264006, 0.0, -3.2766743, 29.708366, 0.49000004, 16.005775
1628, 535, -0.0011999999405816197, -0.6407999682705849, False, 35.878532, -4.119544, 0.0, -5.1208425, 29.8, 0.49000004, 16.361605
1628, 536, -0.0011999999405816197, -0.6419999682111666, False, 35.75853, -3.1799593, 0.0, -1.9872289, 29.906399, 0.49000004, 16.614706
1628, 537, -0.0011999999405816197, -0.6431999681517482, False, 35.638527, -2.5564387, 0.0, 0.72960514, 30.056694, 0.49000004, 16.678486
1628, 538, -0.0011999999405816197, -0.6443999680923298, False, 35.518524, -2.323418, 0.0, 3.00569, 30.226696, 0.49000004, 16.580544
1628, 539, -0.0011999999405816197, -0.6455999680329114, False, 35.39852, -2.4069018, 0.0, 5.0110607, 30.402365, 0.49000004, 16.34112
1628, 540, -0.0011999999405816197, -0.646799967973493, False, 35.27852, -2.7024817, 0.0, 6.7956934, 30.569859, 0.49000004, 15.973746
1628, 541, -0.0011999999405816197, -0.6479999679140747, False, 35.158516, -2.6895072, 0.0, 2.8067057, 30.718088, 0.49000004, 15.716863
1628, 542, -0.0011999999405816197, -0.6491999678546563, False, 35.038513, -2.6974363, 0.0, 4.810587, 30.831837, 0.49000004, 15.443427
1628, 543, -0.0011999999405816197, -0.6503999677952379, False, 34.91851, -2.9317942, 0.0, 6.594103, 30.89529, 0.49000004, 15.0498
1628, 544, -0.0011999999405816197, -0.6515999677358195, False, 34.798508, -2.234019, 0.0, 3.8740616, 30.928381, 0.49000004, 14.733343
1628, 545, -0.0011999999405816197, -0.6527999676764011, False, 34.678505, -1.9092312, 0.0, 0.3233441, 30.997793, 0.49000004, 14.59777
1628, 546, -0.0011999999405816197, -0.6539999676169828, False, 34.558502, -1.715561, 0.0, 2.6879163, 31.019253, 0.49000004, 14.44397
1628, 547, -0.0011999999405816197, -0.6551999675575644, False, 34.4385, -1.8527702, 0.0, 4.7688656, 30.942844, 0.49000004, 14.187531
1628, 548, -0.0011999999405816197, -0.656399967498146, False, 34.318497, -2.199054, 0.0, 6.621529, 30.768665, 0.49000004, 13.847856
1628, 549, -0.0011999999405816197, -0.6575999674387276, False, 34.198494, -2.692237, 0.0, 8.257885, 30.495771, 0.49000004, 13.443906
1628, 550, -0.0011999999405816197, -0.6587999673793092, False, 34.07849, -3.2899313, 0.0, 9.688055, 30.123936, 0.49000004, 12.994211
1628, 551, -0.0011999999405816197, -0.6599999673198909, False, 33.95849, -1.798284, 0.0, 11.529397, 29.65675, 0.49000004, 12.512085
1628, 552, -0.0011999999405816197, -0.6611999672604725, False, 33.838486, -0.37070155, 0.0, 7.406789, 29.286606, 0.49000004, 12.143694
1628, 553, -0.0011999999405816197, -0.6623999672010541, False, 33.718483, 0.15914667, 0.0, 3.5816612, 29.083027, 0.49000004, 11.937027
1628, 554, -0.0011999999405816197, -0.6635999671416357, False, 33.59848, 0.3076827, 0.0, 2.0479424, 28.976566, 0.49000004, 11.828864
1628, 555, -0.0011999999405816197, -0.6647999670822173, False, 33.478477, 0.12116292, 0.0, -0.9279179, 28.96653, 0.49000004, 11.837695
1628, 556, -0.0011999999405816197, -0.665999967022799, False, 33.358475, 0.008014061, 0.0, -0.31895858, 28.978174, 0.49000004, 11.865721
1628, 557, -0.0011999999405816197, -0.6671999669633806, False, 33.238472, -0.18926662, 0.0, -2.7628558, 29.023579, 0.49000004, 11.974877
1628, 558, -0.0011999999405816197, -0.6683999669039622, False, 33.11847, -0.5818798, 0.0, -4.950613, 29.109678, 0.49000004, 12.2157
1628, 559, -0.0011999999405816197, -0.6695999668445438, False, 32.998466, -1.1283612, 0.0, -6.8893213, 29.216715, 0.49000004, 12.580133
1628, 560, -0.0011999999405816197, -0.6707999667851254, False, 32.878464, -1.7909162, 0.0, -8.589301, 29.32646, 0.49000004, 13.059107
1628, 561, -0.0011999999405816197, -0.671999966725707, False, 32.75846, -2.5363073, 0.0, -10.063381, 29.422245, 0.49000004, 13.64262
1628, 562, -0.0011999999405816197, -0.6731999666662887, False, 32.63846, -3.3357332, 0.0, -11.3262, 29.489002, 0.49000004, 14.319826
1628, 563, -0.0011999999405816197, -0.6743999666068703, False, 32.518456, -4.164589, 0.0, -12.393636, 29.513304, 0.49000004, 15.079129
1628, 564, -0.0011999999405816197, -0.6755999665474519, False, 32.398453, -5.0021706, 0.0, -13.282268, 29.483395, 0.49000004, 15.908291
1628, 565, -0.0011999999405816197, -0.6767999664880335, False, 32.27845, -4.0731397, 0.0, -8.120894, 29.445982, 0.49000004, 16.545094
1628, 566, -0.0011999999405816197, -0.6779999664286152, False, 32.158447, -4.4846244, 0.0, -9.450596, 29.358633, 0.49000004, 17.138979
1628, 567, -0.0011999999405816197, -0.6791999663691968, False, 32.038445, -4.5445194, 0.0, -5.034899, 29.320518, 0.49000004, 17.613575
1628, 568, -0.0011999999405816197, -0.6803999663097784, False, 31.918442, -3.5591717, 0.0, -1.964428, 29.392199, 0.49000004, 17.895811
1628, 569, -0.0011999999405816197, -0.68159996625036, False, 31.798439, -2.8981228, 0.0, 0.7143426, 29.543781, 0.49000004, 18.001022
1628, 570, -0.0011999999405816197, -0.6827999661909416, False, 31.678436, -2.6170015, 0.0, 2.9755597, 29.74648, 0.49000004, 17.950098
1628, 571, -0.0011999999405816197, -0.6839999661315233, False, 31.558434, -2.6550512, 0.0, 4.9648466, 29.982061, 0.49000004, 17.760145
1628, 572, -0.0011999999405816197, -0.6851999660721049, False, 31.43843, -2.9119668, 0.0, 6.735313, 30.234383, 0.49000004, 17.442114
1628, 573, -0.0011999999405816197, -0.6863999660126865, False, 31.318428, -3.3240368, 0.0, 8.301952, 30.487446, 0.49000004, 17.0054
1628, 574, -0.0011999999405816197, -0.6875999659532681, False, 31.198425, -2.619848, 0.0, 4.9646153, 30.67286, 0.49000004, 16.654028
1628, 575, -0.0011999999405816197, -0.6887999658938497, False, 31.078423, -2.881495, 0.0, 6.737788, 30.812632, 0.49000004, 16.273626
1628, 576, -0.0011999999405816197, -0.6899999658344314, False, 30.95842, -2.8368633, 0.0, 2.7443907, 30.943161, 0.49000004, 16.004667
1628, 577, -0.0011999999405816197, -0.691199965775013, False, 30.838417, -1.8192163, 0.0, 1.4239254, 31.037176, 0.49000004, 15.865013
1628, 578, -0.0011999999405816197, -0.6923999657155946, False, 30.718414, -1.0407172, 0.0, 0.651595, 31.089298, 0.49000004, 15.787587
1628, 579, -0.0011999999405816197, -0.6935999656561762, False, 30.598412, -1.0427027, 0.0, 3.0026731, 31.078989, 0.49000004, 15.640851
1628, 580, -0.0011999999405816197, -0.6947999655967578, False, 30.478409, -1.3204262, 0.0, 5.0983644, 30.99023, 0.49000004, 15.380965
1628, 581, -0.0011999999405816197, -0.6959999655373394, False, 30.358406, -1.7761698, 0.0, 6.9603386, 30.818485, 0.49000004, 15.0271015
1628, 582, -0.0011999999405816197, -0.6971999654779211, False, 30.238403, -0.7166562, 0.0, 8.921856, 30.563457, 0.49000004, 14.594687
1628, 583, -0.0011999999405816197, -0.6983999654185027, False, 30.1184, -1.631681, 0.0, 10.457936, 30.239307, 0.49000004, 14.0860195
1628, 584, -0.0011999999405816197, -0.6995999653590843, False, 29.998398, -2.5816069, 0.0, 11.761093, 29.843481, 0.49000004, 13.515912
1628, 585, -0.0011999999405816197, -0.7007999652996659, False, 29.878395, -3.5443115, 0.0, 12.851276, 29.370924, 0.49000004, 12.902033
1628, 586, -0.0011999999405816197, -0.7019999652402475, False, 29.758392, -4.5006666, 0.0, 13.748389, 28.818512, 0.49000004, 12.261513
1628, 587, -0.0011999999405816197, -0.7031999651808292, False, 29.63839, -5.017134, 0.0, 8.877324, 28.383648, 0.49000004, 11.720549
1628, 588, -0.0011999999405816197, -0.7043999651214108, False, 29.518387, -2.5663483, 0.0, 5.909669, 28.11296, 0.49000004, 11.355106
1628, 589, -0.0011999999405816197, -0.7055999650619924, False, 29.398384, -1.9486499, 0.0, 3.4479444, 27.94468, 0.49000004, 11.127914
1628, 590, -0.0011999999405816197, -0.706799965002574, False, 29.278381, -0.92375124, 0.0, 2.127171, 27.84411, 0.49000004, 10.992139
1628, 591, -0.0011999999405816197, -0.7079999649431556, False, 29.158379, -0.5899874, 0.0, -0.8070266, 27.861378, 0.49000004, 10.956562
1628, 592, -0.0011999999405816197, -0.7091999648837373, False, 29.038376, -0.26817048, 0.0, 1.8704796, 27.828957, 0.49000004, 10.899348
1628, 593, -0.0011999999405816197, -0.7103999648243189, False, 28.918373, -0.14785069, 0.0, -1.0012172, 27.840704, 0.49000004, 10.899514
1628, 594, -0.0011999999405816197, -0.7115999647649005, False, 28.79837, -0.37527442, 0.0, -3.3658152, 27.949175, 0.49000004, 11.012543
1628, 595, -0.0011999999405816197, -0.7127999647054821, False, 28.678368, -0.7966552, 0.0, -5.4784575, 28.13354, 0.49000004, 11.236533
1628, 596, -0.0011999999405816197, -0.7139999646460637, False, 28.558365, -1.3646815, 0.0, -7.3465824, 28.373003, 0.49000004, 11.569906
1628, 597, -0.0011999999405816197, -0.7151999645866454, False, 28.438362, -1.3199649, 0.0, -4.4495163, 28.559978, 0.49000004, 11.841709
1628, 598, -0.0011999999405816197, -0.716399964527227, False, 28.31836, -1.7086413, 0.0, -6.3768053, 28.733793, 0.49000004, 12.154077
1628, 599, -0.0011999999405816197, -0.7175999644678086, False, 28.198357, -2.2418966, 0.0, -8.078453, 28.91796, 0.49000004, 12.584361
1628, 600, -0.0011999999405816197, -0.7187999644083902, False, 28.078354, -2.878488, 0.0, -9.564723, 29.095757, 0.49000004, 13.123653
1628, 601, -0.0011999999405816197, -0.7199999643489718, False, 27.958351, -3.58567, 0.0, -10.84783, 29.251686, 0.49000004, 13.762242
1628, 602, -0.0011999999405816197, -0.7211999642895535, False, 27.838348, -2.9844513, 0.0, -6.6126156, 29.360487, 0.49000004, 14.261581
1628, 603, -0.0011999999405816197, -0.7223999642301351, False, 27.718346, -3.3742542, 0.0, -8.186028, 29.419321, 0.49000004, 14.7575865
1628, 604, -0.0011999999405816197, -0.7235999641707167, False, 27.598343, -3.8790066, 0.0, -9.566525, 29.419704, 0.49000004, 15.347951
1628, 605, -0.0011999999405816197, -0.7247999641112983, False, 27.47834, -4.463973, 0.0, -10.764502, 29.352695, 0.49000004, 16.017593
1628, 606, -0.0011999999405816197, -0.7259999640518799, False, 27.358337, -4.6700945, 0.0, -6.207681, 29.32736, 0.49000004, 16.557005
1628, 607, -0.0011999999405816197, -0.7271999639924616, False, 27.238335, -3.9868655, 0.0, -2.6034098, 29.399027, 0.49000004, 16.888754
1628, 608, -0.0011999999405816197, -0.7283999639330432, False, 27.118332, -3.228251, 0.0, 0.14882731, 29.550215, 0.49000004, 17.035736
1628, 609, -0.0011999999405816197, -0.7295999638736248, False, 26.99833, -2.833964, 0.0, 2.4791374, 29.752972, 0.49000004, 17.01937
1628, 610, -0.0011999999405816197, -0.7307999638142064, False, 26.878326, -2.7825494, 0.0, 4.512259, 29.987707, 0.49000004, 16.858917
1628, 611, -0.0011999999405816197, -0.731999963754788, False, 26.758324, -2.9725492, 0.0, 6.321134, 30.238556, 0.49000004, 16.566935
1628, 612, -0.0011999999405816197, -0.7331999636953697, False, 26.63832, -3.3330636, 0.0, 7.9255633, 30.489851, 0.49000004, 16.153555
1628, 613, -0.0011999999405816197, -0.7343999636359513, False, 26.518318, -2.5952175, 0.0, 4.7189264, 30.673681, 0.49000004, 15.819278
1628, 614, -0.0011999999405816197, -0.7355999635765329, False, 26.398315, -2.3346496, 0.0, 1.0107057, 30.813387, 0.49000004, 15.677244
1628, 615, -0.0011999999405816197, -0.7367999635171145, False, 26.278313, -1.3191556, 0.0, 0.41361344, 30.904028, 0.49000004, 15.626149
1628, 616, -0.0011999999405816197, -0.7379999634576961, False, 26.15831, -1.2362227, 0.0, 2.7855756, 30.940704, 0.49000004, 15.489652
1628, 617, -0.0011999999405816197, -0.7391999633982778, False, 26.038307, -0.8559359, 0.0, 1.4866325, 30.953838, 0.49000004, 15.363205
1628, 618, -0.0011999999405816197, -0.7403999633388594, False, 25.918304, -0.9968891, 0.0, 3.7528574, 30.917173, 0.49000004, 15.177724
1628, 619, -0.0011999999405816197, -0.741599963279441, False, 25.798302, -1.3609262, 0.0, 5.776136, 30.805576, 0.49000004, 14.882427
1628, 620, -0.0011999999405816197, -0.7427999632200226, False, 25.678299, -1.8802509, 0.0, 7.5669246, 30.61341, 0.49000004, 14.496319
1628, 621, -0.0011999999405816197, -0.7439999631606042, False, 25.558296, -0.75369024, 0.0, 9.478842, 30.339933, 0.49000004, 14.034621
1628, 622, -0.0011999999405816197, -0.7451999631011859, False, 25.438293, 0.4011507, 0.0, 11.095431, 30.003332, 0.49000004, 13.496272
1628, 623, -0.0011999999405816197, -0.7463999630417675, False, 25.31829, -0.4825499, 0.0, 7.025172, 29.739817, 0.49000004, 13.075732
1628, 624, -0.0011999999405816197, -0.7475999629823491, False, 25.198288, -0.8358345, 0.0, 3.1641788, 29.605228, 0.49000004, 12.842051
1628, 625, -0.0011999999405816197, -0.7487999629229307, False, 25.078285, -1.1635132, 0.0, 5.259404, 29.450218, 0.49000004, 12.606999
1628, 626, -0.0011999999405816197, -0.7499999628635123, False, 24.958282, -1.6578479, 0.0, 7.1182494, 29.196297, 0.49000004, 12.296859
1628, 627, -0.0011999999405816197, -0.751199962804094, False, 24.83828, -2.2730517, 0.0, 8.75008, 28.842915, 0.49000004, 11.9312105
1628, 628, -0.0011999999405816197, -0.7523999627446756, False, 24.718277, -2.5434978, 0.0, 4.5751386, 28.589273, 0.49000004, 11.638939
1628, 629, -0.0011999999405816197, -0.7535999626852572, False, 24.598274, -1.8402226, 0.0, 1.3188171, 28.52031, 0.49000004, 11.464419
1628, 630, -0.0011999999405816197, -0.7547999626258388, False, 24.478271, -1.4381377, 0.0, -1.3578247, 28.59676, 0.49000004, 11.406142
1628, 631, -0.0011999999405816197, -0.7559999625664204, False, 24.358269, -1.4603078, 0.0, -3.605023, 28.78334, 0.49000004, 11.452167
1628, 632, -0.0011999999405816197, -0.7571999625070021, False, 24.238266, -1.205296, 0.0, -0.13877034, 28.893522, 0.49000004, 11.448821
1628, 633, -0.0011999999405816197, -0.7583999624475837, False, 24.118263, -0.5025023, 0.0, -0.004979551, 28.92861, 0.49000004, 11.423854
1628, 634, -0.0011999999405816197, -0.7595999623881653, False, 23.99826, -0.032422476, 0.0, 0.0030832402, 28.937159, 0.49000004, 11.417771
1628, 635, -0.0011999999405816197, -0.7607999623287469, False, 23.878258, -0.1885286, 0.0, -2.469226, 28.986343, 0.49000004, 11.504935
1628, 636, -0.0011999999405816197, -0.7619999622693285, False, 23.758255, -0.55270314, 0.0, -4.685907, 29.090357, 0.49000004, 11.7203865
1628, 637, -0.0011999999405816197, -0.7631999622099102, False, 23.638252, -1.0773463, 0.0, -6.6532335, 29.228752, 0.49000004, 12.057977
1628, 638, -0.0011999999405816197, -0.7643999621504918, False, 23.51825, -1.7233214, 0.0, -8.380989, 29.382427, 0.49000004, 12.510452
1628, 639, -0.0011999999405816197, -0.7655999620910734, False, 23.398247, -2.4565713, 0.0, -9.881604, 29.533716, 0.49000004, 13.06949
1628, 640, -0.0011999999405816197, -0.766799962031655, False, 23.278244, -3.2476437, 0.0, -11.169448, 29.666456, 0.49000004, 13.725776
1628, 641, -0.0011999999405816197, -0.7679999619722366, False, 23.158241, -4.0713634, 0.0, -12.260193, 29.766035, 0.49000004, 14.469088
1628, 642, -0.0011999999405816197, -0.7691999619128183, False, 23.038239, -4.906517, 0.0, -13.170293, 29.819443, 0.49000004, 15.288398
1628, 643, -0.0011999999405816197, -0.7703999618533999, False, 22.918236, -4.003453, 0.0, -8.053392, 29.84626, 0.49000004, 15.919388
1628, 644, -0.0011999999405816197, -0.7715999617939815, False, 22.798233, -4.4164367, 0.0, -9.395747, 29.819483, 0.49000004, 16.514088
1628, 645, -0.0011999999405816197, -0.7727999617345631, False, 22.67823, -4.9188385, 0.0, -10.5661125, 29.7132, 0.49000004, 17.179745
1628, 646, -0.0011999999405816197, -0.7739999616751447, False, 22.558228, -5.0479794, 0.0, -5.9952483, 29.658228, 0.49000004, 17.719475
1628, 647, -0.0011999999405816197, -0.7751999616157264, False, 22.438225, -5.112671, 0.0, -7.473114, 29.56761, 0.49000004, 18.229456
1628, 648, -0.0011999999405816197, -0.776399961556308, False, 22.318222, -3.8959305, 0.0, -4.160377, 29.531784, 0.49000004, 18.633078
1628, 649, -0.0011999999405816197, -0.7775999614968896, False, 22.19822, -3.0409603, 0.0, -1.1399245, 29.60832, 0.49000004, 18.854666
1628, 650, -0.0011999999405816197, -0.7787999614374712, False, 22.078217, -2.516156, 0.0, 1.4258933, 29.761927, 0.49000004, 18.907959
1628, 651, -0.0011999999405816197, -0.7799999613780528, False, 21.958214, -2.379101, 0.0, 3.6083086, 29.966648, 0.49000004, 18.814209
1628, 652, -0.0011999999405816197, -0.7811999613186345, False, 21.838211, -2.5237668, 0.0, 5.543682, 30.205235, 0.49000004, 18.587248
1628, 653, -0.0011999999405816197, -0.7823999612592161, False, 21.718208, -2.860695, 0.0, 7.263978, 30.461054, 0.49000004, 18.236345
1628, 654, -0.0011999999405816197, -0.7835999611997977, False, 21.598206, -3.3345973, 0.0, 8.780752, 30.717749, 0.49000004, 17.77011
1628, 655, -0.0011999999405816197, -0.7847999611403793, False, 21.478203, -3.9055989, 0.0, 10.104141, 30.959734, 0.49000004, 17.19755
1628, 656, -0.0011999999405816197, -0.7859999610809609, False, 21.3582, -3.1300435, 0.0, 6.107898, 31.134192, 0.49000004, 16.746185
1628, 657, -0.0011999999405816197, -0.7871999610215425, False, 21.238197, -2.3166869, 0.0, 3.549285, 31.243067, 0.49000004, 16.4645
1628, 658, -0.0011999999405816197, -0.7883999609621242, False, 21.118195, -2.4635315, 0.0, 5.495455, 31.300013, 0.49000004, 16.144642
1628, 659, -0.0011999999405816197, -0.7895999609027058, False, 20.998192, -1.8493543, 0.0, 3.1844072, 31.328213, 0.49000004, 15.882699
1628, 660, -0.0011999999405816197, -0.7907999608432874, False, 20.87819, -2.0229619, 0.0, 5.202699, 31.302465, 0.49000004, 15.587407
1628, 661, -0.0011999999405816197, -0.791999960783869, False, 20.758186, -1.5526954, 0.0, 3.0150604, 31.26544, 0.49000004, 15.346958
1628, 662, -0.0011999999405816197, -0.7931999607244506, False, 20.638184, -1.7521117, 0.0, 5.07226, 31.171524, 0.49000004, 15.080821
1628, 663, -0.0011999999405816197, -0.7943999606650323, False, 20.51818, -2.1445298, 0.0, 6.9019246, 30.982033, 0.49000004, 14.732098
1628, 664, -0.0011999999405816197, -0.7955999606056139, False, 20.398178, -2.6737585, 0.0, 8.514502, 30.695522, 0.49000004, 14.319773
1628, 665, -0.0011999999405816197, -0.7967999605461955, False, 20.278175, -3.299941, 0.0, 9.920421, 30.311483, 0.49000004, 13.862369
1628, 666, -0.0011999999405816197, -0.7979999604867771, False, 20.158173, -1.4200382, 0.0, 6.459118, 30.001688, 0.49000004, 13.513462
1628, 667, -0.0011999999405816197, -0.7991999604273587, False, 20.03817, -0.45246983, 0.0, 8.435165, 29.673655, 0.49000004, 13.1760235
1628, 668, -0.0011999999405816197, -0.8003999603679404, False, 19.918167, 0.2701528, 0.0, 5.27899, 29.409101, 0.49000004, 12.9108305
1628, 669, -0.0011999999405816197, -0.801599960308522, False, 19.798164, 0.89342546, 0.0, 7.2126465, 29.134396, 0.49000004, 12.623754
1628, 670, -0.0011999999405816197, -0.8027999602491036, False, 19.678162, 1.1999146, 0.0, 3.3008504, 28.929527, 0.49000004, 12.427938
1628, 671, -0.0011999999405816197, -0.8039999601896852, False, 19.558159, 0.88594246, 0.0, 1.8182976, 28.815868, 0.49000004, 12.332493
1628, 672, -0.0011999999405816197, -0.8051999601302668, False, 19.438156, 0.5440433, 0.0, -1.1613587, 28.782337, 0.49000004, 12.361018
1628, 673, -0.0011999999405816197, -0.8063999600708485, False, 19.318153, 0.15856475, 0.0, -3.5738692, 28.804556, 0.49000004, 12.528194
1628, 674, -0.0011999999405816197, -0.8075999600114301, False, 19.19815, -0.3672626, 0.0, -5.7128673, 28.856318, 0.49000004, 12.825176
1628, 675, -0.0011999999405816197, -0.8087999599520117, False, 19.078148, -1.0186222, 0.0, -7.595332, 28.917654, 0.49000004, 13.242611
1628, 676, -0.0011999999405816197, -0.8099999598925933, False, 18.958145, -1.7653894, 0.0, -9.235134, 28.970848, 0.49000004, 13.770103
1628, 677, -0.0011999999405816197, -0.8111999598331749, False, 18.838142, -2.5781775, 0.0, -10.647395, 29.000055, 0.49000004, 14.396397
1628, 678, -0.0011999999405816197, -0.8123999597737566, False, 18.71814, -3.4307604, 0.0, -11.848452, 28.991222, 0.49000004, 15.1094885
1628, 679, -0.0011999999405816197, -0.8135999597143382, False, 18.598137, -4.300543, 0.0, -12.855469, 28.932066, 0.49000004, 15.896761
1628, 680, -0.0011999999405816197, -0.8147999596549198, False, 18.478134, -4.7483735, 0.0, -8.092743, 28.908249, 0.49000004, 16.539557
1628, 681, -0.0011999999405816197, -0.8159999595955014, False, 18.358131, -3.5331192, 0.0, -4.6672783, 28.96488, 0.49000004, 16.954235
1628, 682, -0.0011999999405816197, -0.817199959536083, False, 18.238129, -2.6927795, 0.0, -1.5257077, 29.077429, 0.49000004, 17.158138
1628, 683, -0.0011999999405816197, -0.8183999594766647, False, 18.118126, -2.165705, 0.0, 1.1397705, 29.21507, 0.49000004, 17.174562
1628, 684, -0.0011999999405816197, -0.8195999594172463, False, 17.998123, -2.0430944, 0.0, 3.3777432, 29.358389, 0.49000004, 17.034008
1628, 685, -0.0011999999405816197, -0.8207999593578279, False, 17.87812, -2.2099748, 0.0, 5.3616877, 29.495464, 0.49000004, 16.755604
1628, 686, -0.0011999999405816197, -0.8219999592984095, False, 17.758118, -2.5698807, 0.0, 7.1254396, 29.613089, 0.49000004, 16.353195
1628, 687, -0.0011999999405816197, -0.8231999592389911, False, 17.638115, -3.0668015, 0.0, 8.680215, 29.69803, 0.49000004, 15.839979
1628, 688, -0.0011999999405816197, -0.8243999591795728, False, 17.518112, -3.2220273, 0.0, 4.453887, 29.788643, 0.49000004, 15.450253
1628, 689, -0.0011999999405816197, -0.8255999591201544, False, 17.39811, -2.8488255, 0.0, 0.753176, 29.914045, 0.49000004, 15.274333
1628, 690, -0.0011999999405816197, -0.826799959060736, False, 17.278107, -2.5792136, 0.0, 3.0112443, 29.988758, 0.49000004, 15.079643
1628, 691, -0.0011999999405816197, -0.8279999590013176, False, 17.158104, -2.6267834, 0.0, 4.9989815, 29.970839, 0.49000004, 14.776726
1628, 692, -0.0011999999405816197, -0.8291999589418992, False, 17.038101, -2.8912277, 0.0, 6.768019, 29.85951, 0.49000004, 14.385023
1628, 693, -0.0011999999405816197, -0.8303999588824809, False, 16.918098, -3.3094058, 0.0, 8.332982, 29.652891, 0.49000004, 13.922995
1628, 694, -0.0011999999405816197, -0.8315999588230625, False, 16.798096, -2.6131136, 0.0, 4.9856415, 29.476131, 0.49000004, 13.565994
1628, 695, -0.0011999999405816197, -0.8327999587636441, False, 16.678093, -2.8779564, 0.0, 6.75712, 29.249378, 0.49000004, 13.228921
1628, 696, -0.0011999999405816197, -0.8339999587042257, False, 16.55809, -3.2967072, 0.0, 8.32427, 28.910263, 0.49000004, 12.854299
1628, 697, -0.0011999999405816197, -0.8351999586448073, False, 16.438087, -2.2556252, 0.0, 4.7105603, 28.669188, 0.49000004, 12.5534935
1628, 698, -0.0011999999405816197, -0.836399958585389, False, 16.318085, -2.5395045, 0.0, 6.5380898, 28.412144, 0.49000004, 12.266823
1628, 699, -0.0011999999405816197, -0.8375999585259706, False, 16.198082, -1.7308971, 0.0, 3.0328035, 28.245241, 0.49000004, 12.045981
1628, 700, -0.0011999999405816197, -0.8387999584665522, False, 16.07808, -0.8080932, 0.0, 1.8396256, 28.170856, 0.49000004, 11.918619
1628, 701, -0.0011999999405816197, -0.8399999584071338, False, 15.958078, -0.31306297, 0.0, 0.9801017, 28.130741, 0.49000004, 11.849932
1628, 702, -0.0011999999405816197, -0.8411999583477154, False, 15.8380785, -0.23309273, 0.0, -1.6752515, 28.173986, 0.49000004, 11.878686
1628, 703, -0.0011999999405816197, -0.8423999582882971, False, 15.718079, -0.083835006, 0.0, 1.1946846, 28.169365, 0.49000004, 11.856737
1628, 704, -0.0011999999405816197, -0.8435999582288787, False, 15.598079, -0.105389476, 0.0, -1.597139, 28.195858, 0.49000004, 11.894052
1628, 705, -0.0011999999405816197, -0.8447999581694603, False, 15.478079, -0.39984906, 0.0, -3.906478, 28.293415, 0.49000004, 12.05721
1628, 706, -0.0011999999405816197, -0.8459999581100419, False, 15.358079, -0.870646, 0.0, -5.963738, 28.440842, 0.49000004, 12.341837
1628, 707, -0.0011999999405816197, -0.8471999580506235, False, 15.238079, -0.91068465, 0.0, -3.571208, 28.557695, 0.49000004, 12.5781975
1628, 708, -0.0011999999405816197, -0.8483999579912052, False, 15.118079, -1.2690408, 0.0, -5.6196036, 28.665623, 0.49000004, 12.863279
1628, 709, -0.0011999999405816197, -0.8495999579317868, False, 14.998079, -1.7851757, 0.0, -7.4337015, 28.775242, 0.49000004, 13.270546
1628, 710, -0.0011999999405816197, -0.8507999578723684, False, 14.878079, -2.4154997, 0.0, -9.023243, 28.870434, 0.49000004, 13.789117
1628, 711, -0.0011999999405816197, -0.85199995781295, False, 14.75808, -3.125563, 0.0, -10.400222, 28.936426, 0.49000004, 14.407448
1628, 712, -0.0011999999405816197, -0.8531999577535316, False, 14.63808, -3.8867686, 0.0, -11.578434, 28.959967, 0.49000004, 15.113355
1628, 713, -0.0011999999405816197, -0.8543999576941133, False, 14.51808, -4.675198, 0.0, -12.572873, 28.929401, 0.49000004, 15.894085
1628, 714, -0.0011999999405816197, -0.8555999576346949, False, 14.39808, -5.0481358, 0.0, -7.8087254, 28.930788, 0.49000004, 16.530918
1628, 715, -0.0011999999405816197, -0.8567999575752765, False, 14.27808, -3.8156204, 0.0, -4.4496255, 29.009315, 0.49000004, 16.940296
1628, 716, -0.0011999999405816197, -0.8579999575158581, False, 14.15808, -2.9529428, 0.0, -1.3753748, 29.14051, 0.49000004, 17.139956
1628, 717, -0.0011999999405816197, -0.8591999574564397, False, 14.03808, -2.4126923, 0.0, 1.2415028, 29.294464, 0.49000004, 17.153366
1628, 718, -0.0011999999405816197, -0.8603999573970214, False, 13.91808, -2.2668605, 0.0, 3.4536, 29.45227, 0.49000004, 17.009758
1628, 719, -0.0011999999405816197, -0.861599957337603, False, 13.79808, -2.4099686, 0.0, 5.4136405, 29.601934, 0.49000004, 16.728216
1628, 720, -0.0011999999405816197, -0.8627999572781846, False, 13.678081, -1.8091502, 0.0, 3.1339178, 29.707277, 0.49000004, 16.491568
1628, 721, -0.0011999999405816197, -0.8639999572187662, False, 13.558081, -1.9830589, 0.0, 5.1604276, 29.772137, 0.49000004, 16.205847
1628, 722, -0.0011999999405816197, -0.8651999571593478, False, 13.438081, -2.3527281, 0.0, 6.9627457, 29.793688, 0.49000004, 15.801523
1628, 723, -0.0011999999405816197, -0.8663999570999295, False, 13.318081, -1.903324, 0.0, 4.1437907, 29.797474, 0.49000004, 15.477267
1628, 724, -0.0011999999405816197, -0.8675999570405111, False, 13.198081, -2.1752658, 0.0, 6.057069, 29.753197, 0.49000004, 15.131408
1628, 725, -0.0011999999405816197, -0.8687999569810927, False, 13.078081, -1.7188926, 0.0, 3.5628896, 29.70296, 0.49000004, 14.853506
1628, 726, -0.0011999999405816197, -0.8699999569216743, False, 12.958081, -1.9541066, 0.0, 5.5505114, 29.598537, 0.49000004, 14.55694
1628, 727, -0.0011999999405816197, -0.8711999568622559, False, 12.838081, -2.3687835, 0.0, 7.3153706, 29.39937, 0.49000004, 14.180688
1628, 728, -0.0011999999405816197, -0.8723999568028376, False, 12.718081, -1.2001939, 0.0, 9.300468, 29.107399, 0.49000004, 13.739587
1628, 729, -0.0011999999405816197, -0.8735999567434192, False, 12.598082, -2.0906267, 0.0, 10.756107, 28.73737, 0.49000004, 13.233902
1628, 730, -0.0011999999405816197, -0.8747999566840008, False, 12.478082, -2.5984228, 0.0, 6.3894377, 28.460331, 0.49000004, 12.826795
1628, 731, -0.0011999999405816197, -0.8759999566245824, False, 12.358082, -1.790447, 0.0, 2.9080052, 28.351418, 0.49000004, 12.578441
1628, 732, -0.0011999999405816197, -0.877199956565164, False, 12.238082, -0.8468198, 0.0, 1.7658342, 28.310818, 0.49000004, 12.440319
1628, 733, -0.0011999999405816197, -0.8783999565057456, False, 12.118082, -0.5622903, 0.0, -1.072728, 28.346779, 0.49000004, 12.4277315
1628, 734, -0.0011999999405816197, -0.8795999564463273, False, 11.998082, -0.2777799, 0.0, -0.41711032, 28.385286, 0.49000004, 12.4467945
1628, 735, -0.0011999999405816197, -0.8807999563869089, False, 11.878082, -0.4144652, 0.0, -2.8311915, 28.456877, 0.49000004, 12.548472
1628, 736, -0.0011999999405816197, -0.8819999563274905, False, 11.758082, -0.77631617, 0.0, -4.9933915, 28.58022, 0.49000004, 12.777648
1628, 737, -0.0011999999405816197, -0.8831999562680721, False, 11.6380825, -1.2990047, 0.0, -6.911239, 28.73556, 0.49000004, 13.127957
1628, 738, -0.0011999999405816197, -0.8843999562086537, False, 11.518083, -1.2460752, 0.0, -4.1679506, 28.85482, 0.49000004, 13.413816
1628, 739, -0.0011999999405816197, -0.8855999561492354, False, 11.398083, -1.6161405, 0.0, -6.1295705, 28.954132, 0.49000004, 13.740173
1628, 740, -0.0011999999405816197, -0.886799956089817, False, 11.278083, -2.1366236, 0.0, -7.8637085, 29.039677, 0.49000004, 14.185428
1628, 741, -0.0011999999405816197, -0.8879999560303986, False, 11.158083, -2.764937, 0.0, -9.380414, 29.096912, 0.49000004, 14.737262
1628, 742, -0.0011999999405816197, -0.8891999559709802, False, 11.038083, -3.4675279, 0.0, -10.6917095, 29.11265, 0.49000004, 15.382847
1628, 743, -0.0011999999405816197, -0.8903999559115618, False, 10.918083, -3.7902362, 0.0, -6.2208076, 29.149178, 0.49000004, 15.894401
1628, 744, -0.0011999999405816197, -0.8915999558521435, False, 10.798083, -4.035226, 0.0, -7.771373, 29.152597, 0.49000004, 16.390072
1628, 745, -0.0011999999405816197, -0.8927999557927251, False, 10.678083, -2.9348207, 0.0, -4.3010936, 29.18422, 0.49000004, 16.768982
1628, 746, -0.0011999999405816197, -0.8939999557333067, False, 10.558084, -2.1905136, 0.0, -1.1383753, 29.274662, 0.49000004, 16.94032
1628, 747, -0.0011999999405816197, -0.8951999556738883, False, 10.438084, -1.7644666, 0.0, 1.4803803, 29.391981, 0.49000004, 16.92947
1628, 748, -0.0011999999405816197, -0.89639995561447, False, 10.318084, -1.7482958, 0.0, 3.6956363, 29.518543, 0.49000004, 16.76692
1628, 749, -0.0011999999405816197, -0.8975999555550516, False, 10.198084, -1.9937717, 0.0, 5.667207, 29.64184, 0.49000004, 16.46942
1628, 750, -0.0011999999405816197, -0.8987999554956332, False, 10.078084, -2.4152536, 0.0, 7.4170127, 29.747808, 0.49000004, 16.049974
1628, 751, -0.0011999999405816197, -0.8999999554362148, False, 9.958084, -2.5159624, 0.0, 3.3756423, 29.849785, 0.49000004, 15.746374
1628, 752, -0.0011999999405816197, -0.9011999553767964, False, 9.838084, -2.0940547, 0.0, -0.09693718, 29.965525, 0.49000004, 15.650721
1628, 753, -0.0011999999405816197, -0.902399955317378, False, 9.718084, -1.4760548, 0.0, -2.8433614, 30.104603, 0.49000004, 15.722137
1628, 754, -0.0011999999405816197, -0.9035999552579597, False, 9.598084, -0.9953648, 0.0, 0.22535837, 30.184786, 0.49000004, 15.729959
1628, 755, -0.0011999999405816197, -0.9047999551985413, False, 9.478085, -0.94687563, 0.0, 2.6333268, 30.16799, 0.49000004, 15.607095
1628, 756, -0.0011999999405816197, -0.9059999551391229, False, 9.358085, -0.37472177, 0.0, 4.9405055, 30.064632, 0.49000004, 15.374784
1628, 757, -0.0011999999405816197, -0.9071999550797045, False, 9.238085, -0.9502156, 0.0, 6.8981943, 29.890879, 0.49000004, 15.038478
1628, 758, -0.0011999999405816197, -0.9083999550202861, False, 9.118085, -1.6374831, 0.0, 8.612778, 29.643764, 0.49000004, 14.614458
1628, 759, -0.0011999999405816197, -0.9095999549608678, False, 8.998085, -2.4047403, 0.0, 10.09787, 29.317352, 0.49000004, 14.121429
1628, 760, -0.0011999999405816197, -0.9107999549014494, False, 8.878085, -3.2237945, 0.0, 11.368696, 28.90753, 0.49000004, 13.577626
1628, 761, -0.0011999999405816197, -0.911999954842031, False, 8.758085, -4.0703325, 0.0, 12.441623, 28.41195, 0.49000004, 13.000726
1628, 762, -0.0011999999405816197, -0.9131999547826126, False, 8.638085, -3.414167, 0.0, 7.6268325, 28.019789, 0.49000004, 12.563435
1628, 763, -0.0011999999405816197, -0.9143999547231942, False, 8.5180855, -3.403382, 0.0, 3.493873, 27.81865, 0.49000004, 12.268214
1628, 764, -0.0011999999405816197, -0.9155999546637759, False, 8.398086, -1.8110605, 0.0, 2.2974577, 27.7204, 0.49000004, 12.081495
1628, 765, -0.0011999999405816197, -0.9167999546043575, False, 8.278086, -1.1221256, 0.0, 4.7335587, 27.54979, 0.49000004, 11.897341
1628, 766, -0.0011999999405816197, -0.9179999545449391, False, 8.158086, -0.6543765, 0.0, 1.2601619, 27.456165, 0.49000004, 11.779114
1628, 767, -0.0011999999405816197, -0.9191999544855207, False, 8.038086, -0.46760154, 0.0, -1.4595374, 27.502625, 0.49000004, 11.781803
1628, 768, -0.0011999999405816197, -0.9203999544261023, False, 7.918086, -0.21571219, 0.0, 1.3872218, 27.494398, 0.49000004, 11.745797
1628, 769, -0.0011999999405816197, -0.921599954366684, False, 7.798086, -0.031129748, 0.0, 0.6278093, 27.466063, 0.49000004, 11.702435
1628, 770, -0.0011999999405816197, -0.9227999543072656, False, 7.6780863, 0.006392695, 0.0, 0.11574295, 27.457165, 0.49000004, 11.688816
1628, 771, -0.0011999999405816197, -0.9239999542478472, False, 7.5580864, -0.15060782, 0.0, -2.3704875, 27.501617, 0.49000004, 11.771394
1628, 772, -0.0011999999405816197, -0.9251999541884288, False, 7.4380865, -0.51175284, 0.0, -4.600075, 27.601528, 0.49000004, 11.982589
1628, 773, -0.0011999999405816197, -0.9263999541290104, False, 7.3180866, -1.0339557, 0.0, -6.5793824, 27.73631, 0.49000004, 12.316272
1628, 774, -0.0011999999405816197, -0.9275999540695921, False, 7.1980867, -1.6784592, 0.0, -8.318193, 27.886787, 0.49000004, 12.765174
1628, 775, -0.0011999999405816197, -0.9287999540101737, False, 7.078087, -2.4111943, 0.0, -9.828929, 28.035242, 0.49000004, 13.3209505
1628, 776, -0.0011999999405816197, -0.9299999539507553, False, 6.958087, -3.202604, 0.0, -11.125956, 28.16547, 0.49000004, 13.974266
1628, 777, -0.0011999999405816197, -0.9311999538913369, False, 6.838087, -4.027382, 0.0, -12.224955, 28.262823, 0.49000004, 14.714875
1628, 778, -0.0011999999405816197, -0.9323999538319185, False, 6.718087, -4.8641825, 0.0, -13.142404, 28.314253, 0.49000004, 15.531731
1628, 779, -0.0011999999405816197, -0.9335999537725002, False, 6.5980873, -5.274132, 0.0, -8.303654, 28.38247, 0.49000004, 16.198671
1628, 780, -0.0011999999405816197, -0.9347999537130818, False, 6.4780874, -5.1099043, 0.0, -3.9606614, 28.508696, 0.49000004, 16.630339
1628, 781, -0.0011999999405816197, -0.9359999536536634, False, 6.3580875, -4.132973, 0.0, -1.1111727, 28.692785, 0.49000004, 16.856548
1628, 782, -0.0011999999405816197, -0.937199953594245, False, 6.2380877, -3.4954128, 0.0, 1.3688788, 28.910833, 0.49000004, 16.899712
1628, 783, -0.0011999999405816197, -0.9383999535348266, False, 6.118088, -3.219588, 0.0, 3.504315, 29.14193, 0.49000004, 16.783518
1628, 784, -0.0011999999405816197, -0.9395999534754083, False, 5.998088, -3.2365227, 0.0, 5.393023, 29.371775, 0.49000004, 16.526306
1628, 785, -0.0011999999405816197, -0.9407999534159899, False, 5.878088, -3.462904, 0.0, 7.07397, 29.586926, 0.49000004, 16.141912
1628, 786, -0.0011999999405816197, -0.9419999533565715, False, 5.758088, -2.6069803, 0.0, 4.1586165, 29.740107, 0.49000004, 15.82898
1628, 787, -0.0011999999405816197, -0.9431999532971531, False, 5.638088, -1.8169415, 0.0, 2.3186436, 29.833488, 0.49000004, 15.638211
1628, 788, -0.0011999999405816197, -0.9443999532377347, False, 5.5180883, -1.1465826, 0.0, 1.1838813, 29.88733, 0.49000004, 15.528221
1628, 789, -0.0011999999405816197, -0.9455999531783164, False, 5.3980885, -1.1978778, 0.0, 3.466738, 29.889439, 0.49000004, 15.351009
1628, 790, -0.0011999999405816197, -0.946799953118898, False, 5.2780886, -1.5011044, 0.0, 5.5032883, 29.825565, 0.49000004, 15.055903
1628, 791, -0.0011999999405816197, -0.9479999530594796, False, 5.1580887, -1.2588509, 0.0, 3.2359352, 29.762224, 0.49000004, 14.815215
1628, 792, -0.0011999999405816197, -0.9491999530000612, False, 5.038089, -1.5278797, 0.0, 5.2915115, 29.648518, 0.49000004, 14.548434
1628, 793, -0.0011999999405816197, -0.9503999529406428, False, 4.918089, -1.97441, 0.0, 7.117099, 29.441853, 0.49000004, 14.198742
1628, 794, -0.0011999999405816197, -0.9515999528812245, False, 4.798089, -2.5479279, 0.0, 8.72228, 29.140211, 0.49000004, 13.785246
1628, 795, -0.0011999999405816197, -0.9527999528218061, False, 4.678089, -1.5804467, 0.0, 4.985757, 28.925411, 0.49000004, 13.461025
1628, 796, -0.0011999999405816197, -0.9539999527623877, False, 4.5580893, -0.63450575, 0.0, 3.0943074, 28.810417, 0.49000004, 13.265126
1628, 797, -0.0011999999405816197, -0.9551999527029693, False, 4.4380894, -0.17419982, 0.0, 1.7804074, 28.743483, 0.49000004, 13.1511
1628, 798, -0.0011999999405816197, -0.9563999526435509, False, 4.3180895, -0.11475316, 0.0, -1.0729163, 28.754877, 0.49000004, 13.159376
1628, 799, -0.0011999999405816197, -0.9575999525841326, False, 4.1980896, -0.35624623, 0.0, -3.4330394, 28.838041, 0.49000004, 13.296807
1628, 800, -0.0011999999405816197, -0.9587999525247142, False, 4.0780897, -0.40962678, 0.0, -1.9397254, 28.910696, 0.49000004, 13.423027
1628, 801, -0.0011999999405816197, -0.9599999524652958, False, 3.9580898, -0.681767, 0.0, -4.190874, 28.993393, 0.49000004, 13.616359
1628, 802, -0.0011999999405816197, -0.9611999524058774, False, 3.83809, -1.1380892, 0.0, -6.1961946, 29.096684, 0.49000004, 13.937943
1628, 803, -0.0011999999405816197, -0.962399952346459, False, 3.71809, -1.730306, 0.0, -7.964012, 29.202736, 0.49000004, 14.378131
1628, 804, -0.0011999999405816197, -0.9635999522870407, False, 3.5980902, -2.4210153, 0.0, -9.50545, 29.295052, 0.49000004, 14.926488
1628, 805, -0.0011999999405816197, -0.9647999522276223, False, 3.4780903, -3.1788304, 0.0, -10.833844, 29.358637, 0.49000004, 15.57181
1628, 806, -0.0011999999405816197, -0.9659999521682039, False, 3.3580904, -3.553439, 0.0, -6.3710814, 29.431332, 0.49000004, 16.08112
1628, 807, -0.0011999999405816197, -0.9671999521087855, False, 3.2380905, -3.844627, 0.0, -7.924364, 29.471691, 0.49000004, 16.577589
1628, 808, -0.0011999999405816197, -0.9683999520493671, False, 3.1180906, -4.2637033, 0.0, -9.292993, 29.439833, 0.49000004, 17.162031
1628, 809, -0.0011999999405816197, -0.9695999519899487, False, 2.9980907, -4.333515, 0.0, -4.911218, 29.44538, 0.49000004, 17.624125
1628, 810, -0.0011999999405816197, -0.9707999519305304, False, 2.8780909, -3.3809593, 0.0, -1.8328156, 29.540707, 0.49000004, 17.88471
1628, 811, -0.0011999999405816197, -0.971999951871112, False, 2.758091, -2.7503526, 0.0, 0.8371787, 29.697268, 0.49000004, 17.962473
1628, 812, -0.0011999999405816197, -0.9731999518116936, False, 2.638091, -2.504788, 0.0, 3.088102, 29.88893, 0.49000004, 17.881584
1628, 813, -0.0011999999405816197, -0.9743999517522752, False, 2.5180912, -2.5718822, 0.0, 5.072141, 30.099579, 0.49000004, 17.660357
1628, 814, -0.0011999999405816197, -0.9755999516928568, False, 2.3980913, -2.8516736, 0.0, 6.8377175, 30.314133, 0.49000004, 17.310936
1628, 815, -0.0011999999405816197, -0.9767999516334385, False, 2.2780914, -3.2822618, 0.0, 8.398745, 30.51751, 0.49000004, 16.844135
1628, 816, -0.0011999999405816197, -0.9779999515740201, False, 2.1580915, -3.3773456, 0.0, 4.18771, 30.69878, 0.49000004, 16.497349
1628, 817, -0.0011999999405816197, -0.9791999515146017, False, 2.0380917, -2.2989085, 0.0, 2.3080876, 30.825836, 0.49000004, 16.300833
1628, 818, -0.0011999999405816197, -0.9803999514551833, False, 1.9180918, -2.3032513, 0.0, 4.3944173, 30.894926, 0.49000004, 16.04906
1628, 819, -0.0011999999405816197, -0.981599951395765, False, 1.7980919, -2.038736, 0.0, 0.7512169, 30.97389, 0.49000004, 15.893162
1628, 820, -0.0011999999405816197, -0.9827999513363466, False, 1.678092, -1.8837935, 0.0, 3.047989, 31.009007, 0.49000004, 15.717872
1628, 821, -0.0011999999405816197, -0.9839999512769282, False, 1.5580921, -0.8980703, 0.0, 1.8645608, 31.01355, 0.49000004, 15.566268
1628, 822, -0.0011999999405816197, -0.9851999512175098, False, 1.4380922, -0.3936085, 0.0, 4.243804, 30.975353, 0.49000004, 15.358236
1628, 823, -0.0011999999405816197, -0.9863999511580914, False, 1.3180923, -0.49343908, 0.0, 2.46965, 30.935162, 0.49000004, 15.179926
1628, 824, -0.0011999999405816197, -0.987599951098673, False, 1.1980925, -0.80537987, 0.0, 4.6613855, 30.859354, 0.49000004, 14.9518
1628, 825, -0.0011999999405816197, -0.9887999510392547, False, 1.0780926, -1.2906473, 0.0, 6.6096783, 30.713572, 0.49000004, 14.6173725
1628, 826, -0.0011999999405816197, -0.9899999509798363, False, 0.9580926, -1.9035835, 0.0, 8.323417, 30.490965, 0.49000004, 14.195508
1628, 827, -0.0011999999405816197, -0.9911999509204179, False, 0.8380925, -1.730114, 0.0, 5.0583963, 30.30665, 0.49000004, 13.86462
1628, 828, -0.0011999999405816197, -0.9923999508609995, False, 0.71809244, -2.124147, 0.0, 6.8912287, 30.081526, 0.49000004, 13.539037
1628, 829, -0.0011999999405816197, -0.9935999508015811, False, 0.5980924, -2.654951, 0.0, 8.5065775, 29.753319, 0.49000004, 13.160182
1628, 830, -0.0011999999405816197, -0.9947999507421628, False, 0.47809234, -3.2826896, 0.0, 9.914884, 29.323442, 0.49000004, 12.7465515
1628, 831, -0.0011999999405816197, -0.9959999506827444, False, 0.35809237, -1.7720723, 0.0, 11.733011, 28.79665, 0.49000004, 12.311027
1628, 832, -0.0011999999405816197, -0.997199950623326, False, 0.2380924, -0.6560106, 0.0, 7.6176496, 28.382336, 0.49000004, 11.962508
1628, 833, -0.0011999999405816197, -0.9983999505639076, False, 0.11809241, -0.06159675, 0.0, 3.798614, 28.157696, 0.49000004, 11.758777
1628, 834, -0.0011999999405816197, -0.9995999505044892, True, 0.0, 0.12974119, 0.0, 1.424981, 28.09889, 0.49000004, 11.703756
