episode, step, reward, cumulative reward, done, health, vx, vy, vz, px, py, pz
2262, 1, 0.0, 0.0, False, 100.0, 0.0, -0.1899216, 0.0, 20.0, 1.5062015, 2.0
2262, 2, 0.0, 0.0, False, 100.0, 0.00020475377, -0.070794344, 4.1435196e-05, 20.00012, 1.4885604, 1.999984
2262, 3, 0.0, 0.0, False, 100.0, -0.0004893815, -0.00052280724, -3.5846464e-05, 20.00009, 1.488585, 1.9999858
2262, 4, 0.0, 0.0, False, 100.0, -8.346658e-05, -0.00028412044, -1.7969012e-05, 20.00012, 1.4885962, 1.9999826
2262, 5, 0.0, 0.0, False, 100.0, -0.0001297814, -0.0003167838, -2.2251435e-05, 20.000147, 1.4885964, 1.9999788
2262, 6, 0.0, 0.0, False, 100.0, -0.0001389194, -0.00032119453, -2.2573755e-05, 20.00017, 1.4885963, 1.9999748
2262, 7, 0.0, 0.0, False, 100.0, -0.00013702149, -0.00032107532, -2.228571e-05, 20.000193, 1.4885963, 1.999971
2262, 8, 0.0, 0.0, False, 100.0, 0.0, 0.0, 0.0, 20.0002, 1.4885963, 1.9999696
2262, 9, 0.0, 0.0, False, 100.0, 0.0, 0.0, 0.0, 20.0002, 1.4885963, 1.9999696
2262, 10, 0.0, 0.0, False, 100.0, 0.0, 0.0, 0.0, 20.0002, 1.4885963, 1.9999696
2262, 11, 0.0, 0.0, False, 100.0, 0.0, 0.0, 0.0, 20.0002, 1.4885963, 1.9999696
2262, 12, 0.0, 0.0, False, 100.0, 0.0, 0.0, 0.0, 20.0002, 1.4885963, 1.9999696
2262, 13, 0.0, 0.0, False, 100.0, 0.0, 0.0, 0.0, 20.0002, 1.4885963, 1.9999696
2262, 14, 0.0, 0.0, False, 100.0, 0.0, 0.0, 0.0, 20.0002, 1.4885963, 1.9999696
2262, 15, 0.0, 0.0, False, 100.0, 0.0, 0.0, 0.0, 20.0002, 1.4885963, 1.9999696
2262, 16, 0.0, 0.0, False, 100.0, 0.0, 0.0, 0.0, 20.0002, 1.4885963, 1.9999696
2262, 17, 0.0, 0.0, False, 100.0, 0.0, 0.0, 0.0, 20.0002, 1.4885963, 1.9999696
2262, 18, 0.0, 0.0, False, 100.0, 0.0, 0.0, 0.0, 20.0002, 1.4885963, 1.9999696
2262, 19, 0.0, 0.0, False, 100.0, 0.0, 0.0, 0.0, 20.0002, 1.4885963, 1.9999696
2262, 20, 0.0, 0.0, False, 100.0, 0.0, 0.0, 0.0, 20.0002, 1.4885963, 1.9999696
2262, 21, 0.0, 0.0, False, 100.0, 0.0, 0.0, 0.0, 20.0002, 1.4885963, 1.9999696
2262, 22, 0.0, 0.0, False, 100.0, 0.0, 0.0, 0.0, 20.0002, 1.4885963, 1.9999696
2262, 23, 0.0, 0.0, False, 100.0, 0.0, 0.0, 0.0, 20.0002, 1.4885963, 1.9999696
2262, 24, 0.0, 0.0, False, 100.0, 0.0, 0.0, 0.0, 20.0002, 1.4885963, 1.9999696
2262, 25, 0.0, 0.0, False, 100.0, 0.0, 0.0, 0.0, 20.0002, 1.4885963, 1.9999696
2262, 26, 0.0, 0.0, False, 100.0, 0.0, 0.0, 0.0, 20.0002, 1.4885963, 1.9999696
2262, 27, 0.0, 0.0, False, 100.0, 0.0, 0.0, 0.0, 20.0002, 1.4885963, 1.9999696
2262, 28, 0.0, 0.0, False, 100.0, 0.0, 0.0, 0.0, 20.0002, 1.4885963, 1.9999696
2262, 29, 0.0, 0.0, False, 100.0, 0.0, 0.0, 0.0, 20.0002, 1.4885963, 1.9999696
2262, 30, 0.0, 0.0, False, 100.0, 0.0, 0.0, 0.0, 20.0002, 1.4885963, 1.9999696
2262, 31, 0.0, 0.0, False, 100.0, 0.0, 0.0, 0.0, 20.0002, 1.4885963, 1.9999696
2262, 32, 0.0, 0.0, False, 100.0, 0.0, 0.0, 0.0, 20.0002, 1.4885963, 1.9999696
2262, 33, 0.0, 0.0, False, 100.0, 0.0, 0.0, 0.0, 20.0002, 1.4885963, 1.9999696
2262, 34, 0.0, 0.0, False, 100.0, 0.0, 0.0, 0.0, 20.0002, 1.4885963, 1.9999696
2262, 35, 0.0, 0.0, False, 100.0, 0.0, 0.0, 0.0, 20.0002, 1.4885963, 1.9999696
2262, 36, 0.0, 0.0, False, 100.0, 0.0, 0.0, 0.0, 20.0002, 1.4885963, 1.9999696
2262, 37, 0.0, 0.0, False, 100.0, 0.0, 0.0, 0.0, 20.0002, 1.4885963, 1.9999696
2262, 38, 0.0, 0.0, False, 100.0, 0.0, 0.0, 0.0, 20.0002, 1.4885963, 1.9999696
2262, 39, 0.0, 0.0, False, 100.0, 0.0, 0.0, 0.0, 20.0002, 1.4885963, 1.9999696
2262, 40, 0.0, 0.0, False, 100.0, 0.0, 0.0, 0.0, 20.0002, 1.4885963, 1.9999696
2262, 41, 0.0, 0.0, False, 100.0, 0.0, 0.0, 0.0, 20.0002, 1.4885963, 1.9999696
2262, 42, 0.0, 0.0, False, 100.0, 0.0, 0.0, 0.0, 20.0002, 1.4885963, 1.9999696
2262, 43, 0.0, 0.0, False, 100.0, 0.0, 0.0, 0.0, 20.0002, 1.4885963, 1.9999696
2262, 44, 0.0, 0.0, False, 100.0, 0.0, 0.0, 0.0, 20.0002, 1.4885963, 1.9999696
2262, 45, 0.0, 0.0, False, 100.0, 0.0, 0.0, 0.0, 20.0002, 1.4885963, 1.9999696
2262, 46, 0.0, 0.0, False, 100.0, 0.0, 0.0, 0.0, 20.0002, 1.4885963, 1.9999696
2262, 47, 0.0, 0.0, False, 100.0, 0.0, 0.0, 0.0, 20.0002, 1.4885963, 1.9999696
2262, 48, 0.0, 0.0, False, 100.0, 0.0, 0.0, 0.0, 20.0002, 1.4885963, 1.9999696
2262, 49, 0.0, 0.0, False, 100.0, 0.0, 0.0, 0.0, 20.0002, 1.4885963, 1.9999696
2262, 50, 0.0, 0.0, False, 100.0, 0.0, 0.0, 0.0, 20.0002, 1.4885963, 1.9999696
2262, 51, 0.0, 0.0, False, 100.0, 0.0, 0.0, 0.0, 20.0002, 1.4885963, 1.9999696
2262, 52, 0.0, 0.0, False, 100.0, 0.0, 0.0, 0.0, 20.0002, 1.4885963, 1.9999696
2262, 53, 0.0, 0.0, False, 100.0, 0.0, 0.0, 0.0, 20.0002, 1.4885963, 1.9999696
2262, 54, 0.0, 0.0, False, 100.0, 0.0, 0.0, 0.0, 20.0002, 1.4885963, 1.9999696
2262, 55, 0.0, 0.0, False, 100.0, 0.0, 0.0, 0.0, 20.0002, 1.4885963, 1.9999696
2262, 56, 0.0, 0.0, False, 100.0, 0.0, 0.0, 0.0, 20.0002, 1.4885963, 1.9999696
2262, 57, 0.0, 0.0, False, 100.0, 0.0, 0.0, 0.0, 20.0002, 1.4885963, 1.9999696
2262, 58, 0.0, 0.0, False, 100.0, 0.0, 0.0, 0.0, 20.0002, 1.4885963, 1.9999696
2262, 59, 0.0, 0.0, False, 100.0, 0.0, 0.0, 0.0, 20.0002, 1.4885963, 1.9999696
2262, 60, 0.0, 0.0, False, 100.0, 0.0, 0.0, 0.0, 20.0002, 1.4885963, 1.9999696
2262, 61, 0.0, 0.0, False, 100.0, 0.0, 0.0, 0.0, 20.0002, 1.4885963, 1.9999696
2262, 62, 0.0, 0.0, False, 100.0, 0.0, 0.0, 0.0, 20.0002, 1.4885963, 1.9999696
2262, 63, 0.0, 0.0, False, 100.0, 0.0, 0.0, 0.0, 20.0002, 1.4885963, 1.9999696
2262, 64, 0.0, 0.0, False, 100.0, 0.0, 0.0, 0.0, 20.0002, 1.4885963, 1.9999696
2262, 65, 0.0, 0.0, False, 100.0, 0.0, 0.0, 0.0, 20.0002, 1.4885963, 1.9999696
2262, 66, 0.0, 0.0, False, 100.0, 0.0, 0.0, 0.0, 20.0002, 1.4885963, 1.9999696
2262, 67, 0.0, 0.0, False, 100.0, 0.0, 0.0, 0.0, 20.0002, 1.4885963, 1.9999696
2262, 68, 0.0, 0.0, False, 100.0, 0.0, 0.0, 0.0, 20.0002, 1.4885963, 1.9999696
2262, 69, 0.0, 0.0, False, 100.0, 0.0, 0.0, 0.0, 20.0002, 1.4885963, 1.9999696
2262, 70, 0.0, 0.0, False, 100.0, 0.0, 0.0, 0.0, 20.0002, 1.4885963, 1.9999696
2262, 71, 0.0, 0.0, False, 100.0, 0.0, 0.0, 0.0, 20.0002, 1.4885963, 1.9999696
2262, 72, 0.0, 0.0, False, 100.0, 0.0, 0.0, 0.0, 20.0002, 1.4885963, 1.9999696
2262, 73, 0.0, 0.0, False, 100.0, 0.0, 0.0, 0.0, 20.0002, 1.4885963, 1.9999696
2262, 74, 0.0, 0.0, False, 100.0, 0.0, 0.0, 0.0, 20.0002, 1.4885963, 1.9999696
2262, 75, 0.0, 0.0, False, 100.0, 0.0, 0.0, 0.0, 20.0002, 1.4885963, 1.9999696
2262, 76, 0.0, 0.0, False, 100.0, 0.0, 0.0, 0.0, 20.0002, 1.4885963, 1.9999696
2262, 77, 0.0, 0.0, False, 100.0, 0.0, 0.0, 0.0, 20.0002, 1.4885963, 1.9999696
2262, 78, 0.0, 0.0, False, 100.0, 0.0, 0.0, 0.0, 20.0002, 1.4885963, 1.9999696
2262, 79, 0.0, 0.0, False, 100.0, 0.0, 0.0, 0.0, 20.0002, 1.4885963, 1.9999696
2262, 80, 0.0, 0.0, False, 100.0, 0.0, 0.0, 0.0, 20.0002, 1.4885963, 1.9999696
2262, 81, 0.0, 0.0, False, 100.0, 0.0, 0.0, 0.0, 20.0002, 1.4885963, 1.9999696
2262, 82, 0.0, 0.0, False, 100.0, 0.0, 0.0, 0.0, 20.0002, 1.4885963, 1.9999696
2262, 83, 0.0, 0.0, False, 100.0, 0.0, 0.0, 0.0, 20.0002, 1.4885963, 1.9999696
2262, 84, 0.0, 0.0, False, 100.0, 0.0, 0.0, 0.0, 20.0002, 1.4885963, 1.9999696
2262, 85, 0.0, 0.0, False, 100.0, 0.0, 0.0, 0.0, 20.0002, 1.4885963, 1.9999696
2262, 86, 0.0, 0.0, False, 100.0, 0.0, 0.0, 0.0, 20.0002, 1.4885963, 1.9999696
2262, 87, 0.0, 0.0, False, 100.0, 0.0, 0.0, 0.0, 20.0002, 1.4885963, 1.9999696
2262, 88, 0.0, 0.0, False, 100.0, 0.0, 0.0, 0.0, 20.0002, 1.4885963, 1.9999696
2262, 89, 0.0, 0.0, False, 100.0, 0.0, 0.0, 0.0, 20.0002, 1.4885963, 1.9999696
2262, 90, 0.0, 0.0, False, 100.0, 0.0, 0.0, 0.0, 20.0002, 1.4885963, 1.9999696
2262, 91, 0.0, 0.0, False, 100.0, 0.0, 0.0, 0.0, 20.0002, 1.4885963, 1.9999696
2262, 92, 0.0, 0.0, False, 100.0, 0.0, 0.0, 0.0, 20.0002, 1.4885963, 1.9999696
2262, 93, 0.0, 0.0, False, 100.0, 0.0, 0.0, 0.0, 20.0002, 1.4885963, 1.9999696
2262, 94, 0.0, 0.0, False, 100.0, 0.0, 0.0, 0.0, 20.0002, 1.4885963, 1.9999696
2262, 95, 0.0, 0.0, False, 100.0, 0.0, 0.0, 0.0, 20.0002, 1.4885963, 1.9999696
2262, 96, 0.0, 0.0, False, 100.0, 0.0, 0.0, 0.0, 20.0002, 1.4885963, 1.9999696
2262, 97, 0.0, 0.0, False, 100.0, 0.0, 0.0, 0.0, 20.0002, 1.4885963, 1.9999696
2262, 98, 0.0, 0.0, False, 100.0, 0.0, 0.0, 0.0, 20.0002, 1.4885963, 1.9999696
2262, 99, 0.0, 0.0, False, 100.0, 0.0, 0.0, 0.0, 20.0002, 1.4885963, 1.9999696
2262, 100, 0.0, 0.0, False, 100.0, 0.0, 0.0, 0.0, 20.0002, 1.4885963, 1.9999696
2262, 101, 0.0, 0.0, False, 100.0, 0.0, 0.0, 0.0, 20.0002, 1.4885963, 1.9999696
2262, 102, 0.0, 0.0, False, 100.0, 0.0, 0.0, 0.0, 20.0002, 1.4885963, 1.9999696
2262, 103, 0.0, 0.0, False, 100.0, 0.0, 0.0, 0.0, 20.0002, 1.4885963, 1.9999696
2262, 104, 0.0, 0.0, False, 100.0, 0.0, 0.0, 0.0, 20.0002, 1.4885963, 1.9999696
2262, 105, 0.0, 0.0, False, 100.0, 0.0, 0.0, 0.0, 20.0002, 1.4885963, 1.9999696
2262, 106, 0.0, 0.0, False, 100.0, 0.0, 0.0, 0.0, 20.0002, 1.4885963, 1.9999696
2262, 107, 0.0, 0.0, False, 100.0, 0.0, 0.0, 0.0, 20.0002, 1.4885963, 1.9999696
2262, 108, 0.0, 0.0, False, 100.0, 0.0, 0.0, 0.0, 20.0002, 1.4885963, 1.9999696
2262, 109, 0.0, 0.0, False, 100.0, 0.0, 0.0, 0.0, 20.0002, 1.4885963, 1.9999696
2262, 110, 0.0, 0.0, False, 100.0, 0.0, 0.0, 0.0, 20.0002, 1.4885963, 1.9999696
2262, 111, 0.0, 0.0, False, 100.0, 0.0, 0.0, 0.0, 20.0002, 1.4885963, 1.9999696
2262, 112, 0.0, 0.0, False, 100.0, 0.0, 0.0, 0.0, 20.0002, 1.4885963, 1.9999696
2262, 113, 0.0, 0.0, False, 100.0, 0.0, 0.0, 0.0, 20.0002, 1.4885963, 1.9999696
2262, 114, 0.0, 0.0, False, 100.0, 0.0, 0.0, 0.0, 20.0002, 1.4885963, 1.9999696
2262, 115, 0.0, 0.0, False, 100.0, 0.0, 0.0, 0.0, 20.0002, 1.4885963, 1.9999696
2262, 116, 0.0, 0.0, False, 100.0, 0.0, 0.0, 0.0, 20.0002, 1.4885963, 1.9999696
2262, 117, 0.0, 0.0, False, 100.0, 0.0, 0.0, 0.0, 20.0002, 1.4885963, 1.9999696
2262, 118, 0.0, 0.0, False, 100.0, 0.0, 0.0, 0.0, 20.0002, 1.4885963, 1.9999696
2262, 119, 0.0, 0.0, False, 100.0, 0.0, 0.0, 0.0, 20.0002, 1.4885963, 1.9999696
2262, 120, 0.0, 0.0, False, 100.0, 0.0, 0.0, 0.0, 20.0002, 1.4885963, 1.9999696
2262, 121, 0.0, 0.0, False, 100.0, 0.0, 0.0, 0.0, 20.0002, 1.4885963, 1.9999696
2262, 122, 0.0, 0.0, False, 100.0, 0.0, 0.0, 0.0, 20.0002, 1.4885963, 1.9999696
2262, 123, 0.0, 0.0, False, 100.0, 0.0, 0.0, 0.0, 20.0002, 1.4885963, 1.9999696
2262, 124, 0.0, 0.0, False, 100.0, 0.0, 0.0, 0.0, 20.0002, 1.4885963, 1.9999696
2262, 125, 0.0, 0.0, False, 100.0, 0.0, 0.0, 0.0, 20.0002, 1.4885963, 1.9999696
2262, 126, 0.0, 0.0, False, 100.0, 0.0, 0.0, 0.0, 20.0002, 1.4885963, 1.9999696
2262, 127, 0.0, 0.0, False, 100.0, 0.0, 0.0, 0.0, 20.0002, 1.4885963, 1.9999696
2262, 128, 0.0, 0.0, False, 100.0, 0.0, 0.0, 0.0, 20.0002, 1.4885963, 1.9999696
2262, 129, 0.0, 0.0, False, 100.0, 0.0, 0.0, 0.0, 20.0002, 1.4885963, 1.9999696
2262, 130, 0.0, 0.0, False, 100.0, 0.0, 0.0, 0.0, 20.0002, 1.4885963, 1.9999696
2262, 131, 0.0, 0.0, False, 100.0, 0.0, 0.0, 0.0, 20.0002, 1.4885963, 1.9999696
2262, 132, 0.0, 0.0, False, 100.0, 0.0, 0.0, 0.0, 20.0002, 1.4885963, 1.9999696
2262, 133, 0.0, 0.0, False, 100.0, 0.0, 0.0, 0.0, 20.0002, 1.4885963, 1.9999696
2262, 134, 0.0, 0.0, False, 100.0, 0.0, 0.0, 0.0, 20.0002, 1.4885963, 1.9999696
2262, 135, 0.0, 0.0, False, 100.0, 0.0, 0.0, 0.0, 20.0002, 1.4885963, 1.9999696
2262, 136, 0.0, 0.0, False, 100.0, 0.0, 0.0, 0.0, 20.0002, 1.4885963, 1.9999696
2262, 137, 0.0, 0.0, False, 100.0, 0.0, 0.0, 0.0, 20.0002, 1.4885963, 1.9999696
2262, 138, 0.0, 0.0, False, 100.0, 0.0, 0.0, 0.0, 20.0002, 1.4885963, 1.9999696
2262, 139, 0.0, 0.0, False, 100.0, 0.0, 0.0, 0.0, 20.0002, 1.4885963, 1.9999696
2262, 140, 0.0, 0.0, False, 100.0, 0.0, 0.0, 0.0, 20.0002, 1.4885963, 1.9999696
2262, 141, 0.0, 0.0, False, 100.0, 0.0, 0.0, 0.0, 20.0002, 1.4885963, 1.9999696
2262, 142, 0.0, 0.0, False, 100.0, 0.0, 0.0, 0.0, 20.0002, 1.4885963, 1.9999696
2262, 143, 0.0, 0.0, False, 100.0, 0.0, 0.0, 0.0, 20.0002, 1.4885963, 1.9999696
2262, 144, 0.0, 0.0, False, 100.0, 0.0, 0.0, 0.0, 20.0002, 1.4885963, 1.9999696
2262, 145, 0.0, 0.0, False, 100.0, 0.0, 0.0, 0.0, 20.0002, 1.4885963, 1.9999696
2262, 146, 0.0, 0.0, False, 100.0, 0.0, 0.0, 0.0, 20.0002, 1.4885963, 1.9999696
2262, 147, 0.0, 0.0, False, 100.0, 0.0, 0.0, 0.0, 20.0002, 1.4885963, 1.9999696
2262, 148, 0.0, 0.0, False, 100.0, 0.0, 0.0, 0.0, 20.0002, 1.4885963, 1.9999696
2262, 149, 0.0, 0.0, False, 100.0, 0.0, 0.0, 0.0, 20.0002, 1.4885963, 1.9999696
2262, 150, 0.0, 0.0, False, 100.0, 0.0, 0.0, 0.0, 20.0002, 1.4885963, 1.9999696
2262, 151, 0.0, 0.0, False, 100.0, 0.0, 0.0, 0.0, 20.0002, 1.4885963, 1.9999696
2262, 152, 0.0, 0.0, False, 100.0, 0.0, 0.0, 0.0, 20.0002, 1.4885963, 1.9999696
2262, 153, 0.0, 0.0, False, 100.0, 0.0, 0.0, 0.0, 20.0002, 1.4885963, 1.9999696
2262, 154, 0.0, 0.0, False, 100.0, 0.0, 0.0, 0.0, 20.0002, 1.4885963, 1.9999696
2262, 155, 0.0, 0.0, False, 100.0, 0.0, 0.0, 0.0, 20.0002, 1.4885963, 1.9999696
2262, 156, 0.0, 0.0, False, 100.0, 0.0, 0.0, 0.0, 20.0002, 1.4885963, 1.9999696
2262, 157, 0.0, 0.0, False, 100.0, 0.0, 0.0, 0.0, 20.0002, 1.4885963, 1.9999696
2262, 158, 0.0, 0.0, False, 100.0, 0.0, 0.0, 0.0, 20.0002, 1.4885963, 1.9999696
2262, 159, 0.0, 0.0, False, 100.0, 0.0, 0.0, 0.0, 20.0002, 1.4885963, 1.9999696
2262, 160, 0.0, 0.0, False, 100.0, 0.0, 0.0, 0.0, 20.0002, 1.4885963, 1.9999696
2262, 161, 0.0, 0.0, False, 100.0, 0.0, 0.0, 0.0, 20.0002, 1.4885963, 1.9999696
2262, 162, 0.0, 0.0, False, 100.0, 0.0, 0.0, 0.0, 20.0002, 1.4885963, 1.9999696
2262, 163, 0.0, 0.0, False, 100.0, 0.0, 0.0, 0.0, 20.0002, 1.4885963, 1.9999696
2262, 164, 0.0, 0.0, False, 100.0, 0.0, 0.0, 0.0, 20.0002, 1.4885963, 1.9999696
2262, 165, 0.0, 0.0, False, 100.0, 0.0, 0.0, 0.0, 20.0002, 1.4885963, 1.9999696
2262, 166, 0.0, 0.0, False, 100.0, 0.0, 0.0, 0.0, 20.0002, 1.4885963, 1.9999696
2262, 167, 0.0, 0.0, False, 100.0, 0.0, 0.0, 0.0, 20.0002, 1.4885963, 1.9999696
2262, 168, -0.0007999999797903001, -0.0007999999797903001, False, 99.92, -0.08589302, -0.00037615, 1.6785983, 20.000813, 1.4886079, 2.0506501
2262, 169, -0.0011999999405816197, -0.00199999992037192, False, 99.799995, -0.3920469, -0.000383839, 3.9816704, 20.012503, 1.4886072, 2.2449565
2262, 170, -0.0011999999405816197, -0.0031999998609535396, False, 99.67999, -0.87153465, -0.0003902465, 6.032235, 20.050592, 1.488605, 2.567443
2262, 171, -0.0011999999405816197, -0.004399999801535159, False, 99.55999, -0.017385006, -0.00038407743, 7.997361, 20.123573, 1.4886013, 3.0038195
2262, 172, -0.0011999999405816197, -0.005599999742116779, False, 99.43999, 0.9039181, -0.00037121773, 9.690649, 20.215551, 1.4885963, 3.5461047
2262, 173, -0.0011999999405816197, -0.006799999682698399, False, 99.319984, 1.8694979, -0.00034432113, 11.134392, 20.307589, 1.4885904, 4.186536
2262, 174, -0.0011999999405816197, -0.007999999623280019, False, 99.19998, 0.42344236, -0.00030881166, 12.694717, 20.388033, 1.4885833, 4.9163833
2262, 175, -0.0011999999405816197, -0.009199999563861638, False, 99.07998, -0.9739735, -0.37404487, 13.222, 20.468834, 1.4772955, 5.7143564
2262, 176, -0.0011999999405816197, -0.010399999504443258, False, 98.95998, -0.7458903, -0.5654065, 11.249522, 20.50026, 1.4448454, 6.4303784
2262, 177, -0.0011999999405816197, -0.011599999445024878, False, 98.83997, -2.2292778, -0.85400563, 12.636676, 20.5003, 1.3988247, 7.1703053
2262, 178, -0.0011999999405816197, -0.012799999385606498, False, 98.71997, -3.8756685, -0.9533214, 13.514476, 20.500338, 1.3426588, 7.990919
2262, 179, -0.0011999999405816197, -0.013999999326188117, False, 98.59997, -5.11702, -1.2571464, 13.436475, 20.512106, 1.2765907, 8.863239
2262, 180, -0.0011999999405816197, -0.015199999266769737, False, 98.479965, -5.8898478, -1.6920078, 11.635492, 20.528358, 1.183579, 9.671705
2262, 181, -0.0011999999405816197, -0.016399999207351357, False, 98.35996, -6.4162383, -2.0864444, 9.937607, 20.5431, 1.0661101, 10.405015
2262, 182, -0.0011999999405816197, -0.017599999147932976, False, 98.23996, -5.810246, -2.4080276e-05, 7.21393, 20.555748, 0.98661655, 11.034068
2262, 183, -0.0011999999405816197, -0.018799999088514596, False, 98.11996, -4.1081767, -1.31726265e-05, 4.129797, 20.564003, 0.9894145, 11.444268
2262, 184, -0.0011999999405816197, -0.019999999029096216, False, 97.999954, -4.081481, -7.237494e-05, 5.885229, 20.651691, 0.9894327, 11.835689
2262, 185, -0.0011999999405816197, -0.021199998969677836, False, 97.87995, -2.895255, -1.475215e-05, 3.3609166, 20.745358, 0.98942804, 12.137158
2262, 186, -0.0011999999405816197, -0.022399998910259455, False, 97.75995, -2.9396472, -6.189942e-05, 5.2879457, 20.910872, 0.9894204, 12.421581
2262, 187, -0.0011999999405816197, -0.023599998850841075, False, 97.639946, -3.2409863, -0.18999797, 7.1063604, 21.201828, 0.9856121, 12.7394905
2262, 188, -0.0011999999405816197, -0.024799998791422695, False, 97.51994, -3.6921773, -0.7240624, 7.005224, 21.567904, 0.95261806, 13.066705
2262, 189, -0.0011999999405816197, -0.025999998732004315, False, 97.39994, -3.9947805, -1.2084798, 5.969142, 21.899948, 0.8895875, 13.363501
2262, 190, -0.0011999999405816197, -0.027199998672585934, False, 97.27994, -4.169517, -1.6478653, 5.005835, 22.201124, 0.7993128, 13.632707
2262, 191, -0.0011999999405816197, -0.028399998613167554, False, 97.159935, -4.23581, -2.046405, 4.120296, 22.474306, 0.68432647, 13.876886
2262, 192, -0.0011999999405816197, -0.029599998553749174, False, 97.03993, -4.211649, -2.4078963, 3.3151932, 22.72209, 0.5469258, 14.098368
2262, 193, -0.0011999999405816197, -0.030799998494330794, False, 96.91993, -2.8129604, -0.052080154, 2.664213, 22.919872, 0.49026048, 14.254904
2262, 194, -0.0011999999405816197, -0.03199999843491241, False, 96.79993, -2.7680888, -0.0004196167, 4.6557975, 23.20175, 0.49000204, 14.327329
2262, 195, -0.0011999999405816197, -0.03319999837549403, False, 96.679924, -2.9757814, 0.0, 6.4502354, 23.593826, 0.49000004, 14.328174
2262, 196, -0.0011999999405816197, -0.03439999831607565, False, 96.55992, -3.3495517, 0.0, 8.041075, 24.07853, 0.49000004, 14.251783
2262, 197, -0.0011999999405816197, -0.03559999825665727, False, 96.43992, -1.992621, 0.0, 10.052514, 24.64156, 0.49000004, 14.097164
2262, 198, -0.0011999999405816197, -0.03679999819723889, False, 96.319916, -0.62968564, 0.0, 11.730846, 25.282234, 0.49000004, 13.883889
2262, 199, -0.0011999999405816197, -0.03799999813782051, False, 96.19991, -1.8257141, 0.0, 12.999109, 25.998947, 0.49000004, 13.628973
2262, 200, -0.0011999999405816197, -0.03919999807840213, False, 96.07991, -0.21409512, 0.0, 14.37246, 26.781738, 0.49000004, 13.330178
2262, 201, -0.0011999999405816197, -0.04039999801898375, False, 95.95991, -1.7118344, 0.0, 15.420039, 27.6276, 0.49000004, 12.998354
2262, 202, -0.0011999999405816197, -0.04159999795956537, False, 95.839905, 0.11037207, 0.0, 16.545452, 28.527721, 0.49000004, 12.630283
2262, 203, -0.0011999999405816197, -0.04279999790014699, False, 95.7199, 1.8265233, 0.0, 17.389816, 29.482145, 0.49000004, 12.240926
2262, 204, -0.0011999999405816197, -0.04399999784072861, False, 95.5999, 3.425909, 0.0, 17.993189, 30.491472, 0.49000004, 11.84873
2262, 205, -0.0011999999405816197, -0.04519999778131023, False, 95.4799, 3.410027, 0.0, 11.308742, 31.264557, 0.49000004, 11.555366
2262, 206, -0.0011999999405816197, -0.04639999772189185, False, 95.35989, 4.2282267, 0.0, 12.371471, 31.986504, 0.49000004, 11.318696
2262, 207, -0.0011999999405816197, -0.04759999766247347, False, 95.23989, 5.056102, 0.0, 13.256798, 32.790688, 0.49000004, 11.115348
2262, 208, -0.0011999999405816197, -0.04879999760305509, False, 95.11989, 5.8764887, 0.0, 13.981366, 33.667583, 0.49000004, 10.958447
2262, 209, -0.0011999999405816197, -0.04999999754363671, False, 94.999886, 3.699685, 0.0, 15.652819, 34.608124, 0.49000004, 10.854434
2262, 210, -0.0011999999405816197, -0.05119999748421833, False, 94.87988, 3.41578, 0.0, 9.754847, 35.3296, 0.49000004, 10.787524
2262, 211, -0.0011999999405816197, -0.05239999742479995, False, 94.75988, 2.7924, 0.0, 5.9078135, 35.788754, 0.49000004, 10.744942
2262, 212, -0.0011999999405816197, -0.05359999736538157, False, 94.63988, 2.0889401, 0.0, 3.4359272, 36.074455, 0.49000004, 10.718446
2262, 213, -0.0011999999405816197, -0.05479999730596319, False, 94.519875, 1.7260761, 0.0, -0.024115086, 36.187263, 0.49000004, 10.651292
2262, 214, -0.0011999999405816197, -0.05599999724654481, False, 94.39987, 1.1690068, 0.0, -2.729385, 36.144962, 0.49000004, 10.518634
2262, 215, -0.0011999999405816197, -0.05719999718712643, False, 94.27987, 0.5526953, 0.0, -5.0500097, 35.984554, 0.49000004, 10.310991
2262, 216, -0.0011999999405816197, -0.05839999712770805, False, 94.15987, 1.1131599, 0.0, -6.9814377, 35.72711, 0.49000004, 10.024352
2262, 217, -0.0011999999405816197, -0.05959999706828967, False, 94.03986, 0.93390036, 0.0, -3.198419, 35.554394, 0.49000004, 9.813569
2262, 218, -0.0011999999405816197, -0.06079999700887129, False, 93.91986, 0.70767415, 0.0, 0.15203834, 35.53864, 0.49000004, 9.741112
2262, 219, -0.0011999999405816197, -0.06199999694945291, False, 93.79986, 0.53089833, 0.0, 2.641903, 35.650314, 0.49000004, 9.770144
2262, 220, -0.0011999999405816197, -0.06319999689003453, False, 93.679855, 0.4434719, 0.0, 4.879615, 35.876427, 0.49000004, 9.878187
2262, 221, -0.0011999999405816197, -0.06439999683061615, False, 93.55985, 0.2661103, 0.0, 2.928068, 36.06565, 0.49000004, 9.9738
2262, 222, -0.0011999999405816197, -0.06559999677119777, False, 93.43985, -0.21788287, 0.0, 5.1400228, 36.299236, 0.49000004, 10.099968
2262, 223, -0.0011999999405816197, -0.06679999671177939, False, 93.31985, 0.46234274, 0.0, 7.1312647, 36.642838, 0.49000004, 10.283628
2262, 224, -0.0011999999405816197, -0.067999996652361, False, 93.199844, 0.4026308, 0.0, 8.94979, 37.08146, 0.49000004, 10.527878
2262, 225, -0.0011999999405816197, -0.06919999659294263, False, 93.07984, -0.6582303, 0.0, 10.585372, 37.606476, 0.49000004, 10.826722
2262, 226, -0.0011999999405816197, -0.07039999653352425, False, 92.95984, -0.57977915, 0.0, 12.082829, 38.215828, 0.49000004, 11.1643095
2262, 227, -0.0011999999405816197, -0.07159999647410586, False, 92.839836, -1.8155737, 0.0, 13.321133, 38.903835, 0.49000004, 11.532571
2262, 228, -0.0011999999405816197, -0.07279999641468748, False, 92.71983, -0.551661, 0.0, 9.053931, 39.455334, 0.49000004, 11.836938
2262, 229, -0.0011999999405816197, -0.0739999963552691, False, 92.59983, 0.0, 0.0, 0.0, 39.504944, 0.49, 11.931616
2262, 230, -0.0011999999405816197, -0.07519999629585072, False, 92.47983, 0.0, 0.0, 0.0, 39.50004, 0.49, 11.93209
2262, 231, -0.0011999999405816197, -0.07639999623643234, False, 92.359825, -0.000860567, -0.00027646124, 0.00083103403, 39.5, 0.48984298, 11.932911
2262, 232, -0.0011999999405816197, -0.07759999617701396, False, 92.23982, -0.0019858466, -0.0006419718, 0.0023667167, 39.5, 0.48932484, 11.93612
2262, 233, -0.0011999999405816197, -0.07879999611759558, False, 92.11982, -0.0029262642, -0.0009974092, 0.004338336, 39.5, 0.4888751, 11.940585
2262, 234, -0.0011999999405816197, -0.0799999960581772, False, 91.99982, -0.026277646, 0.0, 0.049420726, 39.5, 0.48844483, 11.94656
2262, 235, -0.0011999999405816197, -0.08119999599875882, False, 91.879814, -0.17971003, 0.0, -2.4278848, 39.455822, 0.48998755, 11.860704
2262, 236, -0.0011999999405816197, -0.08239999593934044, False, 91.75981, -0.54137933, 0.0, -4.6493735, 39.360706, 0.4899999, 11.64374
2262, 237, -0.0011999999405816197, -0.08359999587992206, False, 91.63981, -0.6117755, 0.0, -2.7276, 39.28295, 0.48999998, 11.457331
2262, 238, -0.0011999999405816197, -0.08479999582050368, False, 91.519806, -0.9303906, 0.0, -4.8842335, 39.209408, 0.48999998, 11.212607
2262, 239, -0.0011999999405816197, -0.0859999957610853, False, 91.3998, -0.8628674, 0.0, -2.860662, 39.154457, 0.48999998, 11.004414
2262, 240, -0.0011999999405816197, -0.08719999570166692, False, 91.2798, -0.6140915, 0.0, 0.3974662, 39.112885, 0.48999998, 10.96356
2262, 241, -0.0011999999405816197, -0.08839999564224854, False, 91.1598, -0.26309758, 0.0, 2.8967123, 39.063057, 0.48999998, 11.081116
2262, 242, -0.0011999999405816197, -0.08959999558283016, False, 91.039795, 0.21755838, 0.0, 5.111454, 38.983257, 0.48999998, 11.332467
2262, 243, -0.0011999999405816197, -0.09079999552341178, False, 90.91979, 0.8322799, 0.0, 7.0662117, 38.859272, 0.48999998, 11.69995
2262, 244, -0.0011999999405816197, -0.0919999954639934, False, 90.79979, 0.7246647, 0.0, 8.891757, 38.681984, 0.48999998, 12.167324
2262, 245, -0.0011999999405816197, -0.09319999540457502, False, 90.67979, -0.3720305, 0.0, 10.563076, 38.45699, 0.48999998, 12.725551
2262, 246, -0.0011999999405816197, -0.09439999534515664, False, 90.559784, -0.32766533, 0.0, 12.062295, 38.20021, 0.48999998, 13.37106
2262, 247, -0.0011999999405816197, -0.09559999528573826, False, 90.43978, -0.2895093, 0.0, 13.422092, 37.916855, 0.48999998, 14.096623
2262, 248, -0.0011999999405816197, -0.09679999522631988, False, 90.31978, -0.25639677, 0.0, 14.655447, 37.609303, 0.48999998, 14.894762
2262, 249, -0.0011999999405816197, -0.0979999951669015, False, 90.199776, -0.22747707, 0.0, 15.774132, 37.27973, 0.48999998, 15.758704
2262, 250, -0.0011999999405816197, -0.09919999510748312, False, 90.07977, -0.20210314, 0.0, 16.78881, 36.930138, 0.48999998, 16.682312
2262, 251, -0.0011999999405816197, -0.10039999504806474, False, 89.95977, -0.17976189, 0.0, 17.709156, 36.56234, 0.48999998, 17.660023
2262, 252, -0.0011999999405816197, -0.10159999498864636, False, 89.83977, -1.9983611, 0.0, 18.433102, 36.18052, 0.48999998, 18.68764
2262, 253, -0.0011999999405816197, -0.10279999492922798, False, 89.719765, -3.678634, 0.0, 18.918255, 35.800266, 0.48999998, 19.76465
2262, 254, -0.0011999999405816197, -0.1039999948698096, False, 89.59976, -3.2794397, 0.0, 19.645618, 35.435654, 0.48999998, 20.889364
2262, 255, -0.0011999999405816197, -0.10519999481039122, False, 89.47976, -2.925086, 0.0, 20.304102, 35.08727, 0.48999998, 22.057615
2262, 256, -0.0011999999405816197, -0.10639999475097284, False, 89.35976, -4.6813073, 0.0, 20.520514, 34.75585, 0.48999998, 23.265535
2262, 257, -0.0011999999405816197, -0.10759999469155446, False, 89.23975, -6.262306, 0.0, 20.555807, 34.454365, 0.48999998, 24.510405
2262, 258, -0.0011999999405816197, -0.10879999463213608, False, 89.11975, -7.6712933, 0.0, 20.445019, 34.19697, 0.48999998, 25.788301
2262, 259, -0.0011999999405816197, -0.1099999945727177, False, 88.99975, -8.913992, 0.0, 20.219072, 33.996235, 0.48999998, 27.093828
2262, 260, -0.0011999999405816197, -0.11119999451329932, False, 88.879745, -7.110506, 0.0, 12.420028, 33.860657, 0.48999998, 28.084723
2262, 261, -0.0011999999405816197, -0.11239999445388094, False, 88.75974, -5.359093, 0.0, 7.4329467, 33.77344, 0.48999998, 28.722116
2262, 262, -0.0011999999405816197, -0.11359999439446256, False, 88.63974, -3.802268, 0.0, 9.7146015, 33.755173, 0.48999998, 29.320948
2262, 263, -0.0011999999405816197, -0.11479999433504418, False, 88.51974, -1.7494894, 0.0, 6.3622246, 33.76025, 0.48999998, 29.786474
2262, 264, -0.0011999999405816197, -0.1159999942756258, False, 88.399734, -0.66191417, 0.0, 4.009064, 33.76341, 0.48999998, 30.076313
2262, 265, -0.0011999999405816197, -0.11719999421620741, False, 88.27973, -0.140538, 0.0, 2.3829494, 33.7653, 0.48999998, 30.24998
2262, 266, -0.0011999999405816197, -0.11839999415678903, False, 88.15973, 0.058559068, 0.0, 1.2773597, 33.766354, 0.48999998, 30.346832
2262, 267, -0.0011999999405816197, -0.11959999409737065, False, 88.03973, 0.08185025, 0.0, 0.5396275, 33.766853, 0.48999998, 30.392893
2262, 268, -0.0011999999405816197, -0.12079999403795227, False, 87.91972, 0.015447807, 0.0, 0.05919977, 33.766987, 0.48999998, 30.405369
2262, 269, -0.0011999999405816197, -0.1219999939785339, False, 87.79972, -0.14938319, 0.0, -2.4222155, 33.79356, 0.48999998, 30.312105
2262, 270, -0.0011999999405816197, -0.12319999391911551, False, 87.67972, -0.51575136, 0.0, -4.646826, 33.869457, 0.48999998, 30.08807
2262, 271, -0.0011999999405816197, -0.12439999385969713, False, 87.559715, -1.0419657, 0.0, -6.621181, 34.005257, 0.48999998, 29.751953
2262, 272, -0.0011999999405816197, -0.12559999380027875, False, 87.43971, -1.6895313, 0.0, -8.3551655, 34.209724, 0.48999998, 29.322283
2262, 273, -0.0011999999405816197, -0.12679999374086037, False, 87.31971, -2.4245338, 0.0, -9.861275, 34.48982, 0.48999998, 28.817352
2262, 274, -0.0011999999405816197, -0.127999993681442, False, 87.19971, -3.2175283, 0.0, -11.153923, 34.850716, 0.48999998, 28.255116
2262, 275, -0.0011999999405816197, -0.1291999936220236, False, 87.079704, -4.043313, 0.0, -12.248831, 35.29584, 0.48999998, 27.6531
2262, 276, -0.0011999999405816197, -0.13039999356260523, False, 86.9597, -4.8806357, 0.0, -13.162506, 35.826916, 0.48999998, 27.028297
2262, 277, -0.0011999999405816197, -0.13159999350318685, False, 86.8397, -5.71187, 0.0, -13.911791, 36.443985, 0.48999998, 26.39706
2262, 278, -0.0011999999405816197, -0.13279999344376847, False, 86.719696, -6.5227127, 0.0, -14.513479, 37.14551, 0.48999998, 25.77499
2262, 279, -0.0011999999405816197, -0.1339999933843501, False, 86.59969, -6.8812237, 0.0, -9.395084, 37.70931, 0.48999998, 25.235268
2262, 280, -0.0011999999405816197, -0.1351999933249317, False, 86.47969, -6.6522493, 0.0, -4.804622, 38.0419, 0.48999998, 24.790031
2262, 281, -0.0011999999405816197, -0.13639999326551333, False, 86.35969, -5.945918, 0.0, -0.80963516, 38.16714, 0.48999998, 24.41568
2262, 282, -0.0011999999405816197, -0.13759999320609495, False, 86.239685, -4.934262, 0.0, 2.5373368, 38.112343, 0.48999998, 24.089615
2262, 283, -0.0011999999405816197, -0.13879999314667657, False, 86.11968, -3.7976937, 0.0, 5.314352, 37.904602, 0.48999998, 23.787764
2262, 284, -0.0011999999405816197, -0.1399999930872582, False, 85.99968, -2.6056252, 0.0, 7.650957, 37.56647, 0.48999998, 23.487207
2262, 285, -0.0011999999405816197, -0.1411999930278398, False, 85.87968, -1.3773074, 0.0, 9.62639, 37.117233, 0.48999998, 23.168776
2262, 286, -0.0011999999405816197, -0.14239999296842143, False, 85.759674, -0.1301341, 0.0, 11.287504, 36.57484, 0.48999998, 22.816904
2262, 287, -0.0011999999405816197, -0.14359999290900305, False, 85.63967, 1.1165528, 0.0, 12.669027, 35.95668, 0.48999998, 22.419031
2262, 288, -0.0011999999405816197, -0.14479999284958467, False, 85.51967, 2.343957, 0.0, 13.800879, 35.279797, 0.48999998, 21.96519
2262, 289, -0.0011999999405816197, -0.1459999927901663, False, 85.399666, 3.5353713, 0.0, 14.710518, 34.56091, 0.48999998, 21.447744
2262, 290, -0.0011999999405816197, -0.1471999927307479, False, 85.27966, 4.6768484, 0.0, 15.423724, 33.816364, 0.48999998, 20.861229
2262, 291, -0.0011999999405816197, -0.14839999267132953, False, 85.15966, 5.75736, 0.0, 15.964754, 33.062046, 0.48999998, 20.202204
2262, 292, -0.0011999999405816197, -0.14959999261191115, False, 85.03966, 3.4178247, 0.0, 17.427488, 32.308563, 0.48999998, 19.471634
2262, 293, -0.0011999999405816197, -0.15079999255249277, False, 84.919655, 1.2131758, 0.0, 18.518906, 31.54469, 0.48999998, 18.683428
2262, 294, -0.0011999999405816197, -0.1519999924930744, False, 84.79965, 2.9909663, 0.0, 19.067822, 30.761147, 0.48999998, 17.85039
2262, 295, -0.0011999999405816197, -0.153199992433656, False, 84.67965, 0.6835737, 0.0, 19.957523, 29.965258, 0.48999998, 16.97259
2262, 296, -0.0011999999405816197, -0.15439999237423763, False, 84.55965, -1.4459028, 0.0, 20.541927, 29.148165, 0.48999998, 16.062103
2262, 297, -0.0011999999405816197, -0.15559999231481925, False, 84.439644, -2.3184676, 0.0, 13.113484, 28.525393, 0.48999998, 15.3698015
2262, 298, -0.0011999999405816197, -0.15679999225540087, False, 84.31964, -0.63750315, 0.0, 14.522716, 27.945732, 0.48999998, 14.750709
2262, 299, -0.0011999999405816197, -0.15799999219598249, False, 84.19964, -2.0996618, 0.0, 15.516512, 27.308773, 0.48999998, 14.09018
2262, 300, -0.0011999999405816197, -0.1591999921365641, False, 84.079636, -3.4865637, 0.0, 16.279163, 26.6121, 0.48999998, 13.40145
2262, 301, -0.0011999999405816197, -0.16039999207714573, False, 83.95963, -4.787797, 0.0, 16.841438, 25.851593, 0.48999998, 12.70115
2262, 302, -0.0011999999405816197, -0.16159999201772735, False, 83.83963, -5.9959497, 0.0, 17.231577, 25.025198, 0.48999998, 12.005182
2262, 303, -0.0011999999405816197, -0.16279999195830896, False, 83.71963, -7.106348, 0.0, 17.475487, 24.132776, 0.48999998, 11.328641
2262, 304, -0.0011999999405816197, -0.16399999189889058, False, 83.599625, -8.116791, 0.0, 17.596779, 23.175972, 0.48999998, 10.685717
2262, 305, -0.0011999999405816197, -0.1651999918394722, False, 83.47962, -8.612172, 0.0, 12.024796, 22.383305, 0.48999998, 10.116798
2262, 306, -0.0011999999405816197, -0.16639999178005382, False, 83.35962, -8.902145, 0.0, 12.5718155, 21.621761, 0.48999998, 9.615336
2262, 307, -0.0011999999405816197, -0.16759999172063544, False, 83.23962, -1.1446298, 0.0, -1.1086116, 21.494495, 0.48999998, 9.432452
2262, 308, -0.0011999999405816197, -0.16879999166121706, False, 83.11961, -1.1867735, 0.0, -3.4002705, 21.645897, 0.48999998, 9.348338
2262, 309, -0.0011999999405816197, -0.16999999160179868, False, 82.99961, -0.5142733, 0.0, -5.6555386, 21.932423, 0.48999998, 9.261862
2262, 310, -0.0011999999405816197, -0.1711999915423803, False, 82.87961, 0.2558105, 0.0, -7.623804, 22.33911, 0.48999998, 9.159068
2262, 311, -0.0011999999405816197, -0.17239999148296192, False, 82.759605, 1.1058095, 0.0, -9.328788, 22.850775, 0.48999998, 9.024187
2262, 312, -0.0011999999405816197, -0.17359999142354354, False, 82.6396, 2.010924, 0.0, -10.790037, 23.452045, 0.48999998, 8.844036
2262, 313, -0.0011999999405816197, -0.17479999136412516, False, 82.5196, 2.9469168, 0.0, -12.026779, 24.127369, 0.48999998, 8.607634
2262, 314, -0.0011999999405816197, -0.17599999130470678, False, 82.3996, 3.892181, 0.0, -13.058413, 24.861105, 0.48999998, 8.306043
2262, 315, -0.0011999999405816197, -0.1771999912452884, False, 82.279594, 2.0292706, 0.0, -14.625589, 25.64106, 0.48999998, 7.9363413
2262, 316, -0.0011999999405816197, -0.17839999118587002, False, 82.15959, 3.3379426, 0.0, -15.482313, 26.467596, 0.48999998, 7.511302
2262, 317, -0.0011999999405816197, -0.17959999112645164, False, 82.03959, 1.3206801, 0.0, -16.757036, 27.332346, 0.48999998, 7.0308876
2262, 318, -0.0011999999405816197, -0.18079999106703326, False, 81.919586, 2.9173088, 0.0, -17.468904, 28.236311, 0.48999998, 6.5063896
2262, 319, -0.0011999999405816197, -0.18199999100761488, False, 81.79958, 4.399698, 0.0, -17.965134, 29.168297, 0.48999998, 5.93244
2262, 320, -0.0011999999405816197, -0.1831999909481965, False, 81.67958, 5.7623205, 0.0, -18.278568, 30.114004, 0.48999998, 5.301299
2262, 321, -0.0011999999405816197, -0.18439999088877812, False, 81.55958, 6.593095, 0.0, -12.839985, 30.923178, 0.48999998, 4.78916
2262, 322, -0.0011999999405816197, -0.18559999082935974, False, 81.439575, 7.1945705, 0.0, -13.474359, 31.667116, 0.48999998, 4.282882
2262, 323, -0.0011999999405816197, -0.18679999076994136, False, 81.31957, 7.36738, 0.0, -8.409789, 32.304295, 0.48999998, 3.8896053
2262, 324, -0.0011999999405816197, -0.18799999071052298, False, 81.19957, 6.9763136, 0.0, -3.8976953, 32.80669, 0.48999998, 3.6995604
2262, 325, -0.0011999999405816197, -0.1891999906511046, False, 81.07957, 6.1433954, 0.0, -0.003037108, 33.202248, 0.48999998, 3.6934135
2262, 326, -0.0011999999405816197, -0.19039999059168622, False, 80.959564, 5.0487475, 0.0, 3.2487845, 33.519043, 0.48999998, 3.848979
2262, 327, -0.0011999999405816197, -0.19159999053226784, False, 80.83956, 4.3511014, 0.0, 5.5207148, 33.78323, 0.48999998, 4.145496
2262, 328, -0.0011999999405816197, -0.19279999047284946, False, 80.71956, 3.0715969, 0.0, 7.895413, 34.0091, 0.48999998, 4.5663447
2262, 329, -0.0011999999405816197, -0.19399999041343108, False, 80.599556, 1.7624339, 0.0, 9.8933115, 34.218, 0.48999998, 5.098018
2262, 330, -0.0011999999405816197, -0.1951999903540127, False, 80.47955, 0.4426329, 0.0, 11.565108, 34.43029, 0.48999998, 5.727535
2262, 331, -0.0011999999405816197, -0.19639999029459432, False, 80.35955, -0.86847305, 0.0, 12.948473, 34.663258, 0.48999998, 6.441676
2262, 332, -0.0011999999405816197, -0.19759999023517594, False, 80.23955, -2.1524916, 0.0, 14.075485, 34.931534, 0.48999998, 7.22686
2262, 333, -0.0011999999405816197, -0.19879999017575756, False, 80.119545, -1.9085488, 0.0, 15.250968, 35.24505, 0.48999998, 8.070487
2262, 334, -0.0011999999405816197, -0.19999999011633918, False, 79.99954, -1.6947999, 0.0, 16.316256, 35.601418, 0.48999998, 8.966157
2262, 335, -0.0011999999405816197, -0.2011999900569208, False, 79.87954, -2.1803017, 0.0, 10.319335, 35.879177, 0.48999998, 9.651223
2262, 336, -0.0011999999405816197, -0.20239998999750242, False, 79.75954, -2.0547647, 0.0, 6.350231, 36.056084, 0.48999998, 10.087545
2262, 337, -0.0011999999405816197, -0.20359998993808404, False, 79.639534, -1.6685727, 0.0, 3.759995, 36.1663, 0.48999998, 10.35939
2262, 338, -0.0011999999405816197, -0.20479998987866566, False, 79.51953, -1.4050084, 0.0, 0.25493786, 36.168934, 0.48999998, 10.483884
2262, 339, -0.0011999999405816197, -0.20599998981924728, False, 79.39953, -0.9111208, 0.0, -2.4473321, 36.053154, 0.48999998, 10.484906
2262, 340, -0.0011999999405816197, -0.2071999897598289, False, 79.279526, -1.1502095, 0.0, -4.609613, 35.82692, 0.48999998, 10.39743
2262, 341, -0.0011999999405816197, -0.20839998970041052, False, 79.15952, -1.5800748, 0.0, -6.5345154, 35.506744, 0.48999998, 10.222966
2262, 342, -0.0011999999405816197, -0.20959998964099213, False, 79.03952, -0.5841887, 0.0, -8.518776, 35.108288, 0.48999998, 9.961857
2262, 343, -0.0011999999405816197, -0.21079998958157375, False, 78.91952, 0.45982218, 0.0, -10.213441, 34.63035, 0.48999998, 9.632527
2262, 344, -0.0011999999405816197, -0.21199998952215537, False, 78.799515, 0.39815712, 0.0, -6.12144, 34.26429, 0.48999998, 9.374157
2262, 345, -0.0011999999405816197, -0.213199989462737, False, 78.67951, 0.32680792, 0.0, -2.411166, 34.091248, 0.48999998, 9.241106
2262, 346, -0.0011999999405816197, -0.2143999894033186, False, 78.55951, 0.16322048, 0.0, 0.69091177, 34.085648, 0.48999998, 9.222291
2262, 347, -0.0011999999405816197, -0.21559998934390023, False, 78.43951, 0.12672901, 0.0, 3.1084864, 34.20805, 0.48999998, 9.289117
2262, 348, -0.0011999999405816197, -0.21679998928448185, False, 78.3195, 0.10666084, 0.0, 5.3006525, 34.444973, 0.48999998, 9.429182
2262, 349, -0.0011999999405816197, -0.21799998922506347, False, 78.1995, 0.09190154, 0.0, 7.2889633, 34.78594, 0.48999998, 9.635406
2262, 350, -0.0011999999405816197, -0.2191999891656451, False, 78.0795, -0.4157927, 0.0, 4.501194, 35.060738, 0.48999998, 9.802338
2262, 351, -0.0011999999405816197, -0.2203999891062267, False, 77.959496, -0.355942, 0.0, 6.5644784, 35.36861, 0.48999998, 9.977504
2262, 352, -0.0011999999405816197, -0.22159998904680833, False, 77.83949, -0.30910754, 0.0, 8.435555, 35.782093, 0.48999998, 10.200799
2262, 353, -0.0011999999405816197, -0.22279998898738995, False, 77.71949, -1.2297406, 0.0, 10.056136, 36.292328, 0.48999998, 10.465601
2262, 354, -0.0011999999405816197, -0.22399998892797157, False, 77.59949, 0.038306236, 0.0, 11.661124, 36.893982, 0.48999998, 10.759513
2262, 355, -0.0011999999405816197, -0.2251999888685532, False, 77.479485, 1.2997465, 0.0, 12.990501, 37.57331, 0.48999998, 11.091435
2262, 356, -0.0011999999405816197, -0.2263999888091348, False, 77.35948, -0.2481103, 0.0, 14.314802, 38.317474, 0.48999998, 11.468504
2262, 357, -0.0011999999405816197, -0.22759998874971643, False, 77.23948, -1.7363548, 0.0, 15.3648815, 39.126324, 0.48999998, 11.8753395
2262, 358, -0.0011999999405816197, -0.22879998869029805, False, 77.11948, 0.0, 0.0, 0.0, 39.518806, 0.49, 12.115175
2262, 359, -0.0011999999405816197, -0.22999998863087967, False, 76.99947, 0.0, 0.0, 0.0, 39.50015, 0.49, 12.1155815
2262, 360, -0.0011999999405816197, -0.2311999885714613, False, 76.87947, -4.6969287e-08, -1.4901161e-08, 3.669605e-08, 39.5, 0.49, 12.115766
2262, 361, -0.0011999999405816197, -0.2323999885120429, False, 76.75947, 2.3841858e-07, -1.4901161e-08, -2.481027, 39.42095, 0.49, 12.054005
2262, 362, -0.0011999999405816197, -0.23359998845262453, False, 76.639465, -0.39781213, -1.4901161e-08, -4.7127485, 39.233597, 0.49, 11.904334
2262, 363, -0.0011999999405816197, -0.23479998839320615, False, 76.51946, -0.9477844, -1.4901161e-08, -6.6908164, 38.95767, 0.49, 11.664166
2262, 364, -0.0011999999405816197, -0.23599998833378777, False, 76.39946, -1.6149333, -1.4901161e-08, -8.426088, 38.61364, 0.49, 11.330647
2262, 365, -0.0011999999405816197, -0.2371999882743694, False, 76.27946, -0.44633293, -1.4901161e-08, -10.227705, 38.216747, 0.49, 10.905604
2262, 366, -0.0011999999405816197, -0.238399988214951, False, 76.159454, -1.1233277, -1.4901161e-08, -6.0531693, 37.907936, 0.49, 10.579613
2262, 367, -0.0011999999405816197, -0.23959998815553263, False, 76.03945, -0.9243501, -1.4901161e-08, -2.3618598, 37.73887, 0.49, 10.435719
2262, 368, -0.0011999999405816197, -0.24079998809611425, False, 75.91945, -0.5979502, -1.4901161e-08, 0.7001734, 37.69572, 0.49, 10.447673
2262, 369, -0.0011999999405816197, -0.24199998803669587, False, 75.799446, -0.46710253, -1.4901161e-08, 3.1258347, 37.74911, 0.49, 10.580765
2262, 370, -0.0011999999405816197, -0.2431999879772775, False, 75.67944, -0.39337158, -1.4901161e-08, 5.3177137, 37.882862, 0.49, 10.823686
2262, 371, -0.0011999999405816197, -0.2443999879178591, False, 75.55944, -0.5729997, -1.4901161e-08, 3.1748362, 37.997967, 0.49, 11.024921
2262, 372, -0.0011999999405816197, -0.24559998785844073, False, 75.43944, -0.41477636, -1.4901161e-08, -0.14646274, 38.01135, 0.49, 11.085679
2262, 373, -0.0011999999405816197, -0.24679998779902235, False, 75.319435, -1.2109589e-08, -1.4901161e-08, -9.448823e-09, 38.004356, 0.49, 11.089172
2262, 374, -0.0011999999405816197, -0.24799998773960397, False, 75.19943, 0.16571939, -1.4901161e-08, -2.4744325, 37.923817, 0.49, 11.02943
2262, 375, -0.0011999999405816197, -0.2491999876801856, False, 75.07943, 0.07806404, -1.4901161e-08, 0.66041684, 37.912716, 0.49, 11.014944
2262, 376, -0.0011999999405816197, -0.2503999876207672, False, 74.95943, -0.16692162, -1.4901161e-08, 3.0768905, 38.03266, 0.49, 11.082281
2262, 377, -0.0011999999405816197, -0.2515999875613488, False, 74.839424, -0.5936289, -1.4901161e-08, 5.2357183, 38.27554, 0.49, 11.207754
2262, 378, -0.0011999999405816197, -0.25279998750193045, False, 74.71942, -1.166471, -1.4901161e-08, 7.1452994, 38.636368, 0.49, 11.370588
2262, 379, -0.0011999999405816197, -0.25399998744251207, False, 74.59942, -0.17184997, -1.4901161e-08, 9.029475, 39.107594, 0.49, 11.556593
2262, 380, -0.0011999999405816197, -0.2551999873830937, False, 74.479416, 0.478045, -1.4901161e-08, 5.02754, 39.463142, 0.49, 11.693164
2262, 381, -0.0011999999405816197, -0.2563999873236753, False, 74.35941, 0.0, 0.0, 0.0, 39.5028, 0.49, 11.735624
2262, 382, -0.0011999999405816197, -0.2575999872642569, False, 74.23941, 4.6969337e-08, 1.4901161e-08, -3.6695987e-08, 39.500023, 0.49, 11.73599
2262, 383, -0.0011999999405816197, -0.25879998720483854, False, 74.11941, -0.16571927, 0.0, -2.4744322, 39.42257, 0.49, 11.672294
2262, 384, -0.0011999999405816197, -0.25999998714542016, False, 73.999405, -0.22882825, 0.0, -1.3204391, 39.345303, 0.49, 11.607071
2262, 385, -0.0011999999405816197, -0.2611999870860018, False, 73.8794, -0.048437715, 0.0, 1.4915091, 39.361908, 0.49, 11.642929
2262, 386, -0.0011999999405816197, -0.2623999870265834, False, 73.7594, -0.078579426, 0.0, -1.3375136, 39.345787, 0.49, 11.618128
2262, 387, -0.0011999999405816197, -0.263599986967165, False, 73.6394, 0.029340148, 0.0, 1.4817991, 39.359344, 0.49, 11.654101
2262, 388, -0.0011999999405816197, -0.26479998690774664, False, 73.519394, -0.03932023, 0.0, -1.3514398, 39.35117, 0.49, 11.624875
2262, 389, -0.0011999999405816197, -0.26599998684832826, False, 73.39939, -0.079280995, 0.0, -0.58896285, 39.33617, 0.49, 11.577784
2262, 390, -0.0011999999405816197, -0.2671999867889099, False, 73.27939, -0.28107905, 0.0, -2.9995139, 39.311623, 0.49, 11.446675
2262, 391, -0.0011999999405816197, -0.2683999867294915, False, 73.159386, -0.6815923, 0.0, -5.156206, 39.280502, 0.49, 11.17923
2262, 392, -0.0011999999405816197, -0.2695999866700731, False, 73.03938, -0.79161054, 0.0, -1.4747783, 39.248158, 0.49, 11.014652
2262, 393, -0.0011999999405816197, -0.27079998661065474, False, 72.91938, -0.4521647, 0.0, 1.4056274, 39.207283, 0.49, 11.038297
2262, 394, -0.0011999999405816197, -0.27199998655123636, False, 72.79938, -0.06618166, 0.0, 3.784466, 39.138653, 0.49, 11.206154
2262, 395, -0.0011999999405816197, -0.273199986491818, False, 72.679375, 0.46482694, 0.0, 5.8945265, 39.025772, 0.49, 11.498254
2262, 396, -0.0011999999405816197, -0.2743999864323996, False, 72.55937, 0.40214515, 0.0, 7.828173, 38.859215, 0.49, 11.897505
2262, 397, -0.0011999999405816197, -0.2755999863729812, False, 72.43937, 0.35123992, 0.0, 9.581765, 38.64205, 0.49, 12.393056
2262, 398, -0.0011999999405816197, -0.27679998631356284, False, 72.31937, 0.30856848, 0.0, 11.172216, 38.37922, 0.49, 12.976054
2262, 399, -0.0011999999405816197, -0.27799998625414446, False, 72.19936, -0.9491608, 0.0, 12.581568, 38.07752, 0.49, 13.639537
2262, 400, -0.0011999999405816197, -0.2791999861947261, False, 72.07936, -0.8394661, 0.0, 13.893702, 37.75186, 0.49, 14.380808
2262, 401, -0.0011999999405816197, -0.2803999861353077, False, 71.95936, -0.7440038, 0.0, 15.083618, 37.406605, 0.49, 15.193467
2262, 402, -0.0011999999405816197, -0.2815999860758893, False, 71.839355, -0.6604657, 0.0, 16.162773, 37.04339, 0.49, 16.0708
2262, 403, -0.0011999999405816197, -0.28279998601647094, False, 71.71935, -0.5870614, 0.0, 17.141512, 36.663734, 0.49, 17.006737
2262, 404, -0.0011999999405816197, -0.28399998595705256, False, 71.59935, -0.52235985, 0.0, 18.029207, 36.269062, 0.49, 17.99578
2262, 405, -0.0011999999405816197, -0.2851999858976342, False, 71.47935, -2.3321776, 0.0, 18.689995, 35.863197, 0.49, 19.033806
2262, 406, -0.0011999999405816197, -0.2863999858382158, False, 71.359344, -3.9993334, 0.0, 19.119349, 35.461426, 0.49, 20.120365
2262, 407, -0.0011999999405816197, -0.2875999857787974, False, 71.23934, -3.5660768, 0.0, 19.828794, 35.077545, 0.49, 21.253826
2262, 408, -0.0011999999405816197, -0.28879998571937904, False, 71.11934, -5.204372, 0.0, 20.033545, 34.714565, 0.49, 22.430382
2262, 409, -0.0011999999405816197, -0.28999998565996066, False, 70.99934, -6.6795187, 0.0, 20.069746, 34.384995, 0.49, 23.646946
2262, 410, -0.0011999999405816197, -0.2911999856005423, False, 70.87933, -7.994505, 0.0, 19.969862, 34.102596, 0.49, 24.899279
2262, 411, -0.0011999999405816197, -0.2923999855411239, False, 70.75933, -9.154637, 0.0, 19.762577, 33.87958, 0.49, 26.181692
2262, 412, -0.0011999999405816197, -0.2935999854817055, False, 70.63933, -10.167044, 0.0, 19.47306, 33.726566, 0.49, 27.487234
2262, 413, -0.0011999999405816197, -0.29479998542228714, False, 70.519325, -7.866147, 0.0, 11.853213, 33.63008, 0.49, 28.476736
2262, 414, -0.0011999999405816197, -0.29599998536286876, False, 70.39932, -4.2148685, 0.0, 8.072788, 33.568027, 0.49, 29.113129
2262, 415, -0.0011999999405816197, -0.2971999853034504, False, 70.27932, -2.1035795, 0.0, 5.321332, 33.528744, 0.49, 29.516033
2262, 416, -0.0011999999405816197, -0.298399985244032, False, 70.15932, -0.93508893, 0.0, 3.3560305, 33.504513, 0.49, 29.76455
2262, 417, -0.0011999999405816197, -0.2995999851846136, False, 70.039314, -0.3331364, 0.0, 1.9760405, 33.490234, 0.49, 29.910975
2262, 418, -0.0011999999405816197, -0.30079998512519524, False, 69.91931, -0.06383467, 0.0, 1.0233514, 33.48254, 0.49, 29.9899
2262, 419, -0.0011999999405816197, -0.30199998506577685, False, 69.79931, 0.016042404, 0.0, 0.37792933, 33.4792, 0.49, 30.024189
2262, 420, -0.0011999999405816197, -0.3031999850063585, False, 69.679306, 1.3506032e-09, 0.0, 7.3419253e-09, 33.478634, 0.49, 30.02996
2262, 421, -0.0011999999405816197, -0.3043999849469401, False, 69.5593, -0.16571939, 0.0, -2.4744322, 33.50532, 0.49, 29.933296
2262, 422, -0.0011999999405816197, -0.3055999848875217, False, 69.4393, -0.53432834, 0.0, -4.6925287, 33.5814, 0.49, 29.7062
2262, 423, -0.0011999999405816197, -0.30679998482810333, False, 69.3193, -1.0623162, 0.0, -6.66078, 33.71742, 0.49, 29.367327
2262, 424, -0.0011999999405816197, -0.30799998476868495, False, 69.199295, -1.7110641, 0.0, -8.389088, 33.922115, 0.49, 28.935173
2262, 425, -0.0011999999405816197, -0.3091999847092666, False, 69.07929, -2.4466877, 0.0, -9.889961, 34.202446, 0.49, 28.428001
2262, 426, -0.0011999999405816197, -0.3103999846498482, False, 68.95929, -3.2398167, 0.0, -11.17783, 34.56358, 0.49, 27.863747
2262, 427, -0.0011999999405816197, -0.3115999845904298, False, 68.83929, -4.065318, 0.0, -12.268417, 35.008945, 0.49, 27.259916
2262, 428, -0.0011999999405816197, -0.31279998453101143, False, 68.719284, -4.902011, 0.0, -13.178217, 35.54025, 0.49, 26.633482
2262, 429, -0.0011999999405816197, -0.31399998447159305, False, 68.59928, -5.7323513, 0.0, -13.924063, 36.157543, 0.49, 26.000778
2262, 430, -0.0011999999405816197, -0.31519998441217467, False, 68.47928, -6.121235, 0.0, -8.9325695, 36.647427, 0.49, 25.458424
2262, 431, -0.0011999999405816197, -0.3163999843527563, False, 68.359276, -5.9282084, 0.0, -4.4534225, 36.918137, 0.49, 25.028925
2262, 432, -0.0011999999405816197, -0.3175999842933379, False, 68.23927, -5.717594, 0.0, -6.039483, 37.211414, 0.49, 24.650793
2262, 433, -0.0011999999405816197, -0.31879998423391953, False, 68.11927, -5.245737, 0.0, -1.9471793, 37.4071, 0.49, 24.322794
2262, 434, -0.0011999999405816197, -0.31999998417450115, False, 67.99927, -4.3989162, 0.0, 1.5023599, 37.41234, 0.49, 24.038317
2262, 435, -0.0011999999405816197, -0.32119998411508277, False, 67.879265, -3.3964427, 0.0, 4.346873, 37.257084, 0.49, 23.7749
2262, 436, -0.0011999999405816197, -0.3223999840556644, False, 67.75926, -2.331277, 0.0, 6.741995, 36.966133, 0.49, 23.509565
2262, 437, -0.0011999999405816197, -0.323599983996246, False, 67.63926, -1.2168221, 0.0, 8.780308, 36.55967, 0.49, 23.223099
2262, 438, -0.0011999999405816197, -0.32479998393682763, False, 67.51926, -0.06729889, 0.0, 10.509038, 36.056126, 0.49, 22.900145
2262, 439, -0.0011999999405816197, -0.32599998387740925, False, 67.399254, 1.0980482, 0.0, 11.960972, 35.47325, 0.49, 22.528425
2262, 440, -0.0011999999405816197, -0.32719998381799087, False, 67.27925, 2.2593608, 0.0, 13.164053, 34.8284, 0.49, 22.098255
2262, 441, -0.0011999999405816197, -0.3283999837585725, False, 67.15925, 3.3985147, 0.0, 14.144125, 34.13858, 0.49, 21.60226
2262, 442, -0.0011999999405816197, -0.3295999836991541, False, 67.039246, 4.500043, 0.0, 14.925661, 33.4204, 0.49, 21.035212
2262, 443, -0.0011999999405816197, -0.33079998363973573, False, 66.91924, 5.551408, 0.0, 15.531944, 32.689964, 0.49, 20.393873
2262, 444, -0.0011999999405816197, -0.33199998358031735, False, 66.79924, 3.2741804, 0.0, 17.017311, 31.958101, 0.49, 19.679392
2262, 445, -0.0011999999405816197, -0.33319998352089897, False, 66.67924, 1.1236706, 0.0, 18.135193, 31.213789, 0.49, 18.90583
2262, 446, -0.0011999999405816197, -0.3343999834614806, False, 66.559235, 1.000804, 0.0, 18.930872, 30.445854, 0.49, 18.087776
2262, 447, -0.0011999999405816197, -0.3355999834020622, False, 66.43923, -1.0679255, 0.0, 19.645546, 29.652376, 0.49, 17.232838
2262, 448, -0.0011999999405816197, -0.3367999833426438, False, 66.31923, -2.969905, 0.0, 20.097406, 28.824871, 0.49, 16.354856
2262, 449, -0.0011999999405816197, -0.33799998328322545, False, 66.19923, -4.7011185, 0.0, 20.330051, 27.955173, 0.49, 15.46908
2262, 450, -0.0011999999405816197, -0.33919998322380707, False, 66.07922, -6.261326, 0.0, 20.38237, 27.037481, 0.49, 14.590306
2262, 451, -0.0011999999405816197, -0.3403999831643887, False, 65.95922, -3.465849, 0.0, 21.457926, 26.07054, 0.49, 13.728002
2262, 452, -0.0011999999405816197, -0.3415999831049703, False, 65.83922, -5.273247, 0.0, 21.511368, 25.062794, 0.49, 12.873919
2262, 453, -0.0011999999405816197, -0.3427999830455519, False, 65.719215, -6.8852644, 0.0, 21.395115, 24.012552, 0.49, 12.037977
2262, 454, -0.0011999999405816197, -0.34399998298613355, False, 65.59921, -8.308067, 0.0, 21.144974, 22.91733, 0.49, 11.23417
2262, 455, -0.0011999999405816197, -0.34519998292671517, False, 65.47921, -9.550169, 0.0, 20.79227, 21.776674, 0.49, 10.4756775
2262, 456, -0.0011999999405816197, -0.3463999828672968, False, 65.35921, -1.4762678e-05, 0.0, -0.00066615135, 21.49398, 0.49, 10.23344
2262, 457, -0.0011999999405816197, -0.3475999828078784, False, 65.239204, 0.16577049, 0.0, -2.4750345, 21.594296, 0.49, 10.234431
2262, 458, -0.0011999999405816197, -0.34879998274846, False, 65.1192, 0.53442895, 0.0, -4.6930666, 21.833597, 0.49, 10.223893
2262, 459, -0.0011999999405816197, -0.34999998268904164, False, 64.9992, 1.0624533, 0.0, -6.661257, 22.196865, 0.49, 10.18655
2262, 460, -0.0011999999405816197, -0.35119998262962326, False, 64.879196, 1.7112294, 0.0, -8.389506, 22.668728, 0.49, 10.108897
2262, 461, -0.0011999999405816197, -0.3523999825702049, False, 64.75919, 2.4468741, 0.0, -9.890326, 23.233547, 0.49, 9.979219
2262, 462, -0.0011999999405816197, -0.3535999825107865, False, 64.63919, 1.0419531, 0.0, -11.628677, 23.878004, 0.49, 9.792272
2262, 463, -0.0011999999405816197, -0.3547999824513681, False, 64.51919, 2.1779895, 0.0, -12.869488, 24.597942, 0.49, 9.560612
2262, 464, -0.0011999999405816197, -0.35599998239194974, False, 64.399185, 3.2979946, 0.0, -13.885915, 25.380985, 0.49, 9.277738
2262, 465, -0.0011999999405816197, -0.35719998233253136, False, 64.27918, 1.4306483, 0.0, -15.313697, 26.21544, 0.49, 8.938478
2262, 466, -0.0011999999405816197, -0.358399982273113, False, 64.15918, 2.8757787, 0.0, -16.15718, 27.100441, 0.49, 8.554761
2262, 467, -0.0011999999405816197, -0.3595999822136946, False, 64.03918, 0.85022354, 0.0, -17.321257, 28.027777, 0.49, 8.12499
2262, 468, -0.0011999999405816197, -0.3607999821542762, False, 63.919174, 2.5549793, 0.0, -18.021097, 28.99736, 0.49, 7.6599193
2262, 469, -0.0011999999405816197, -0.36199998209485784, False, 63.79917, 4.1321883, 0.0, -18.495892, 29.998716, 0.49, 7.152537
2262, 470, -0.0011999999405816197, -0.36319998203543946, False, 63.67917, 5.1721745, 0.0, -13.178225, 30.847612, 0.49, 6.742883
2262, 471, -0.0011999999405816197, -0.3643999819760211, False, 63.559166, 5.549172, 0.0, -8.310447, 31.482258, 0.49, 6.5003085
2262, 472, -0.0011999999405816197, -0.3655999819166027, False, 63.439163, 5.8025436, 0.0, -9.500536, 32.071484, 0.49, 6.2381854
2262, 473, -0.0011999999405816197, -0.3667999818571843, False, 63.31916, 5.7094297, 0.0, -4.9802, 32.560963, 0.49, 6.0605555
2262, 474, -0.0011999999405816197, -0.36799998179776594, False, 63.199158, 5.120365, 0.0, -1.033273, 32.91167, 0.49, 6.0536394
2262, 475, -0.0011999999405816197, -0.36919998173834756, False, 63.079155, 4.2109165, 0.0, 2.2605739, 33.15405, 0.49, 6.199138
2262, 476, -0.0011999999405816197, -0.3703999816789292, False, 62.959152, 3.1830826, 0.0, 4.986495, 33.320873, 0.49, 6.4795613
2262, 477, -0.0011999999405816197, -0.3715999816195108, False, 62.83915, 2.0979612, 0.0, 7.29112, 33.441868, 0.49, 6.882361
2262, 478, -0.0011999999405816197, -0.3727999815600924, False, 62.719147, 0.9669869, 0.0, 9.251702, 33.54155, 0.49, 7.3968253
2262, 479, -0.0011999999405816197, -0.37399998150067404, False, 62.599144, -0.1938945, 0.0, 10.910592, 33.640556, 0.49, 8.012046
2262, 480, -0.0011999999405816197, -0.37519998144125566, False, 62.47914, -1.364995, 0.0, 12.299151, 33.756596, 0.49, 8.716471
2262, 481, -0.0011999999405816197, -0.3763999813818373, False, 62.35914, -1.6837039, 0.0, 7.700888, 33.84972, 0.49, 9.263168
2262, 482, -0.0011999999405816197, -0.3775999813224189, False, 62.239136, -1.9225453, 0.0, 3.6800277, 33.877792, 0.49, 9.582554
2262, 483, -0.0011999999405816197, -0.3787999812630005, False, 62.119133, -1.3528475, 0.0, 2.0374498, 33.879086, 0.49, 9.760288
2262, 484, -0.0011999999405816197, -0.37999998120358214, False, 61.99913, -0.943338, 0.0, -1.0484686, 33.822525, 0.49, 9.796854
2262, 485, -0.0011999999405816197, -0.38119998114416376, False, 61.879128, -0.48597276, 0.0, -3.5173066, 33.68049, 0.49, 9.707051
2262, 486, -0.0011999999405816197, -0.3823999810847454, False, 61.759125, 0.08635235, 0.0, -5.69214, 33.446106, 0.49, 9.520585
2262, 487, -0.0011999999405816197, -0.383599981025327, False, 61.639122, 0.7752111, 0.0, -7.6017165, 33.116116, 0.49, 9.260144
2262, 488, -0.0011999999405816197, -0.3847999809659086, False, 61.51912, 0.65583134, 0.0, -3.755443, 32.88338, 0.49, 9.06541
2262, 489, -0.0011999999405816197, -0.38599998090649024, False, 61.399117, 0.43800417, 0.0, -0.3203851, 32.827724, 0.49, 8.993043
2262, 490, -0.0011999999405816197, -0.38719998084707186, False, 61.279114, 0.29924244, 0.0, 2.2113314, 32.90898, 0.49, 9.0205555
2262, 491, -0.0011999999405816197, -0.3883999807876535, False, 61.15911, 0.24755406, 0.0, 4.4876933, 33.10792, 0.49, 9.126261
2262, 492, -0.0011999999405816197, -0.3895999807282351, False, 61.03911, 0.2118752, 0.0, 6.551787, 33.414135, 0.49, 9.301825
2262, 493, -0.0011999999405816197, -0.3907999806688167, False, 60.919106, 0.18398023, 0.0, 8.423857, 33.817837, 0.49, 9.540437
2262, 494, -0.0011999999405816197, -0.39199998060939834, False, 60.799103, -0.4364376, 0.0, 5.2536335, 34.138924, 0.49, 9.73145
2262, 495, -0.0011999999405816197, -0.39319998054997995, False, 60.6791, -0.5942261, 0.0, 3.130213, 34.33578, 0.49, 9.84856
2262, 496, -0.0011999999405816197, -0.3943999804905616, False, 60.559097, -0.50057125, 0.0, 5.322557, 34.584717, 0.49, 9.972956
2262, 497, -0.0011999999405816197, -0.3955999804311432, False, 60.439095, -0.4314263, 0.0, 7.30958, 34.95101, 0.49, 10.13521
2262, 498, -0.0011999999405816197, -0.3967999803717248, False, 60.31909, -0.7400954, 0.0, 4.481315, 35.247524, 0.49, 10.263384
2262, 499, -0.0011999999405816197, -0.39799998031230643, False, 60.19909, -0.043381453, 0.0, 6.5858765, 35.57913, 0.49, 10.389999
2262, 500, -0.0011999999405816197, -0.39919998025288805, False, 60.079086, -0.8230283, 0.0, 8.411801, 36.02148, 0.49, 10.550716
2262, 501, -0.0011999999405816197, -0.4003999801934697, False, 59.959084, 0.24197292, 0.0, 10.139332, 36.56626, 0.49, 10.735846
2262, 502, -0.0011999999405816197, -0.4015999801340513, False, 59.83908, 0.8214985, 0.0, 6.3537493, 36.99482, 0.49, 10.880342
2262, 503, -0.0011999999405816197, -0.4027999800746329, False, 59.719078, -0.054935694, 0.0, 8.282609, 37.42698, 0.49, 11.0383005
2262, 504, -0.0011999999405816197, -0.40399998001521453, False, 59.599075, 0.8983536, 0.0, 9.951379, 37.956978, 0.49, 11.237219
2262, 505, -0.0011999999405816197, -0.40519997995579615, False, 59.479073, -0.31853056, 0.0, 11.5353155, 38.573013, 0.49, 11.479661
2262, 506, -0.0011999999405816197, -0.40639997989637777, False, 59.35907, 0.97460365, 0.0, 12.910052, 39.269936, 0.49, 11.754854
2262, 507, -0.0011999999405816197, -0.4075999798369594, False, 59.239067, 0.0, 0.0, 0.0, 39.500725, 0.49, 11.856263
2262, 508, -0.0011999999405816197, -0.408799979777541, False, 59.119064, 0.0, 0.0, 0.0, 39.500008, 0.49, 11.856476
2262, 509, -0.0011999999405816197, -0.40999997971812263, False, 58.99906, -0.0008585112, -0.0002757609, 0.00082895847, 39.5, 0.48984256, 11.857298
2262, 510, -0.0011999999405816197, -0.41119997965870425, False, 58.87906, -0.0019855504, -0.0006418377, 0.0023663426, 39.5, 0.48932484, 11.860505
2262, 511, -0.0011999999405816197, -0.41239997959928587, False, 58.759056, -0.0029262167, -0.0009973645, 0.0043382244, 39.5, 0.4888751, 11.864969
2262, 512, -0.0011999999405816197, -0.4135999795398675, False, 58.639053, -0.026273891, 0.0, 0.049413133, 39.5, 0.48844483, 11.870944
2262, 513, -0.0011999999405816197, -0.4147999794804491, False, 58.51905, -0.1351804, 1.4901161e-08, 0.33457655, 39.5, 0.48870632, 11.8852
2262, 514, -0.0011999999405816197, -0.41599997942103073, False, 58.399048, -0.22363502, 0.0, -2.1653738, 39.4667, 0.48998967, 11.811498
2262, 515, -0.0011999999405816197, -0.41719997936161235, False, 58.279045, -0.5518901, 0.0, -4.409036, 39.396664, 0.48999995, 11.600588
2262, 516, -0.0011999999405816197, -0.41839997930219397, False, 58.159042, -1.0493141, 0.0, -6.4037533, 39.309402, 0.49, 11.262334
2262, 517, -0.0011999999405816197, -0.4195999792427756, False, 58.03904, -1.0535349, 0.0, -3.8495543, 39.243843, 0.49, 10.985131
2262, 518, -0.0011999999405816197, -0.4207999791833572, False, 57.919037, -0.9004091, 0.0, -0.34457052, 39.191826, 0.49, 10.891451
2262, 519, -0.0011999999405816197, -0.42199997912393883, False, 57.799034, -0.50670975, 0.0, 2.2933197, 39.13537, 0.49, 10.968558
2262, 520, -0.0011999999405816197, -0.42319997906452045, False, 57.67903, -0.03751576, 0.0, 4.5901103, 39.051395, 0.49, 11.183995
2262, 521, -0.0011999999405816197, -0.42439997900510207, False, 57.55903, 0.5648713, 0.0, 6.6187525, 38.924446, 0.49, 11.519192
2262, 522, -0.0011999999405816197, -0.4255999789456837, False, 57.439026, 0.4907136, 0.0, 8.485212, 38.74501, 0.49, 11.957485
2262, 523, -0.0011999999405816197, -0.4267999788862653, False, 57.319023, 0.42963934, 0.0, 10.177811, 38.516056, 0.49, 12.4884
2262, 524, -0.0011999999405816197, -0.4279999788268469, False, 57.19902, 0.378047, 0.0, 11.712906, 38.24243, 0.49, 13.103435
2262, 525, -0.0011999999405816197, -0.42919997876742855, False, 57.079018, -0.9390693, 0.0, 13.075795, 37.930866, 0.49, 13.7959385
2262, 526, -0.0011999999405816197, -0.43039997870801017, False, 56.959015, -0.831233, 0.0, 14.341926, 37.596203, 0.49, 14.563509
2262, 527, -0.0011999999405816197, -0.4315999786485918, False, 56.839012, -0.7371774, 0.0, 15.490143, 37.242737, 0.49, 15.400006
2262, 528, -0.0011999999405816197, -0.4327999785891734, False, 56.71901, -0.6547365, 0.0, 16.531487, 36.872047, 0.49, 16.298948
2262, 529, -0.0011999999405816197, -0.433999978529755, False, 56.599007, -0.5822058, 0.0, 17.475943, 36.485596, 0.49, 17.254477
2262, 530, -0.0011999999405816197, -0.43519997847033665, False, 56.479004, -0.5182128, 0.0, 18.332539, 36.08474, 0.49, 18.261288
2262, 531, -0.0011999999405816197, -0.43639997841091827, False, 56.359, -2.3573794, 0.0, 18.963991, 35.673256, 0.49, 19.315418
2262, 532, -0.0011999999405816197, -0.4375999783514999, False, 56.239, -4.04812, 0.0, 19.364101, 35.266376, 0.49, 20.416586
2262, 533, -0.0011999999405816197, -0.4387999782920815, False, 56.118996, -3.610291, 0.0, 20.0508, 34.87787, 0.49, 21.563297
2262, 534, -0.0011999999405816197, -0.4399999782326631, False, 55.998993, -5.2651863, 0.0, 20.229649, 34.510693, 0.49, 22.751873
2262, 535, -0.0011999999405816197, -0.44119997817324474, False, 55.87899, -6.7527714, 0.0, 20.240948, 34.17733, 0.49, 23.979342
2262, 536, -0.0011999999405816197, -0.44239997811382636, False, 55.758987, -8.076542, 0.0, 20.117468, 33.89151, 0.49, 25.241568
2262, 537, -0.0011999999405816197, -0.443599978054408, False, 55.638985, -9.242294, 0.0, 19.888119, 33.665413, 0.49, 26.532959
2262, 538, -0.0011999999405816197, -0.4447999779949896, False, 55.518982, -7.2984095, 0.0, 12.182693, 33.51144, 0.49, 27.513456
2262, 539, -0.0011999999405816197, -0.4459999779355712, False, 55.39898, -7.7523937, 0.0, 12.824417, 33.433907, 0.49, 28.39354
2262, 540, -0.0011999999405816197, -0.44719997787615284, False, 55.278976, -5.803426, 0.0, 7.658744, 33.396824, 0.49, 29.066742
2262, 541, -0.0011999999405816197, -0.44839997781673446, False, 55.158974, -4.1744246, 0.0, 9.963715, 33.427963, 0.49, 29.688688
2262, 542, -0.0011999999405816197, -0.4495999777573161, False, 55.03897, -1.9701853, 0.0, 6.553729, 33.472275, 0.49, 30.16919
2262, 543, -0.0011999999405816197, -0.4507999776978977, False, 54.91897, -0.7868222, 0.0, 4.151491, 33.49992, 0.49, 30.469004
2262, 544, -0.0011999999405816197, -0.4519999776384793, False, 54.798965, -0.41140017, 0.0, 0.70407706, 33.49386, 0.49, 30.582443
2262, 545, -0.0011999999405816197, -0.45319997757906094, False, 54.678963, -0.09854669, 0.0, 0.21827488, 33.48524, 0.49, 30.605734
2262, 546, -0.0011999999405816197, -0.45439997751964256, False, 54.55896, -9.5458886e-17, 0.0, 4.4769275e-16, 33.48458, 0.49, 30.607521
2262, 547, -0.0011999999405816197, -0.4555999774602242, False, 54.438957, 1.0193872e-38, 0.0, -9.639624e-38, 33.48458, 0.49, 30.607521
2262, 548, -0.0011999999405816197, -0.4567999774008058, False, 54.318954, 0.0, 0.0, 0.0, 33.48458, 0.49, 30.607521
2262, 549, -0.0011999999405816197, -0.4579999773413874, False, 54.19895, 0.0, 0.0, 0.0, 33.48458, 0.49, 30.607521
2262, 550, -0.0011999999405816197, -0.45919997728196904, False, 54.07895, -0.16571933, 0.0, -2.474432, 33.521225, 0.49, 30.514177
2262, 551, -0.0011999999405816197, -0.46039997722255066, False, 53.958946, -0.53432846, 0.0, -4.6925282, 33.620625, 0.49, 30.296278
2262, 552, -0.0011999999405816197, -0.4615999771631323, False, 53.838943, -1.0623162, 0.0, -6.6607795, 33.79132, 0.49, 29.973476
2262, 553, -0.0011999999405816197, -0.4627999771037139, False, 53.71894, -1.7110658, 0.0, -8.389087, 34.04007, 0.49, 29.565084
2262, 554, -0.0011999999405816197, -0.4639999770442955, False, 53.598938, -1.4637692, 0.0, -4.478333, 34.213043, 0.49, 29.252287
2262, 555, -0.0011999999405816197, -0.46519997698487714, False, 53.478935, -1.8346663, 0.0, -6.3912554, 34.402805, 0.49, 28.94554
2262, 556, -0.0011999999405816197, -0.46639997692545876, False, 53.358932, -2.352521, 0.0, -8.080957, 34.69249, 0.49, 28.575096
2262, 557, -0.0011999999405816197, -0.4675999768660404, False, 53.23893, -2.975263, 0.0, -9.557595, 35.08194, 0.49, 28.159798
2262, 558, -0.0011999999405816197, -0.468799976806622, False, 53.118927, -3.6698055, 0.0, -10.83313, 35.569744, 0.49, 27.717793
2262, 559, -0.0011999999405816197, -0.4699999767472036, False, 52.998924, -3.9820673, 0.0, -6.331433, 35.941387, 0.49, 27.347605
2262, 560, -0.0011999999405816197, -0.47119997668778524, False, 52.87892, -4.2148223, 0.0, -7.855335, 36.322033, 0.49, 27.014433
2262, 561, -0.0011999999405816197, -0.47239997662836686, False, 52.75892, -4.5810204, 0.0, -9.200989, 36.8172, 0.49, 26.694607
2262, 562, -0.0011999999405816197, -0.4735999765689485, False, 52.638916, -5.0434294, 0.0, -10.377651, 37.417034, 0.49, 26.402258
2262, 563, -0.0011999999405816197, -0.4747999765095301, False, 52.518913, -4.44996, 0.0, -11.9184265, 38.111347, 0.49, 26.147852
2262, 564, -0.0011999999405816197, -0.4759999764501117, False, 52.39891, -2.8376176, 0.0, -7.600053, 38.652443, 0.49, 25.967077
2262, 565, -0.0011999999405816197, -0.47719997639069334, False, 52.278908, -2.9008622, 0.0, -3.5094278, 38.959553, 0.49, 25.821373
2262, 566, -0.0011999999405816197, -0.47839997633127496, False, 52.158905, -2.4504561, 0.0, 0.012030125, 39.057514, 0.49, 25.679094
2262, 567, -0.0011999999405816197, -0.4795999762718566, False, 52.038902, -1.7840457, 0.0, 2.820815, 38.98493, 0.49, 25.5275
2262, 568, -0.0011999999405816197, -0.4807999762124382, False, 51.9189, -1.0627596, 0.0, 5.198544, 38.774204, 0.49, 25.346556
2262, 569, -0.0011999999405816197, -0.4819999761530198, False, 51.798897, -0.25584245, 0.0, 7.263811, 38.44762, 0.49, 25.120134
2262, 570, -0.0011999999405816197, -0.48319997609360144, False, 51.678894, 0.62802553, 0.0, 9.050774, 38.02497, 0.49, 24.836409
2262, 571, -0.0011999999405816197, -0.48439997603418306, False, 51.55889, 1.5667925, 0.0, 10.582165, 37.525204, 0.49, 24.48642
2262, 572, -0.0011999999405816197, -0.4855999759747647, False, 51.43889, 2.5368848, 0.0, 11.878838, 36.96671, 0.49, 24.06354
2262, 573, -0.0011999999405816197, -0.4867999759153463, False, 51.318886, 3.5165982, 0.0, 12.961298, 36.367313, 0.49, 23.563217
2262, 574, -0.0011999999405816197, -0.4879999758559279, False, 51.198883, 4.4871526, 0.0, 13.849894, 35.744247, 0.49, 22.982834
2262, 575, -0.0011999999405816197, -0.48919997579650953, False, 51.07888, 5.432901, 0.0, 14.564653, 35.114056, 0.49, 22.321589
2262, 576, -0.0011999999405816197, -0.49039997573709115, False, 50.958878, 3.2556343, 0.0, 16.13422, 34.487556, 0.49, 21.582373
2262, 577, -0.0011999999405816197, -0.4915999756776728, False, 50.838875, 1.1882834, 0.0, 17.337006, 33.852497, 0.49, 20.778547
2262, 578, -0.0011999999405816197, -0.4927999756182544, False, 50.718872, -0.7522373, 0.0, 18.225323, 33.194263, 0.49, 19.925451
2262, 579, -0.0011999999405816197, -0.493999975558836, False, 50.59887, -2.5544968, 0.0, 18.8456, 32.50094, 0.49, 19.038284
2262, 580, -0.0011999999405816197, -0.49519997549941763, False, 50.478867, -4.2115, 0.0, 19.239336, 31.763128, 0.49, 18.132067
2262, 581, -0.0011999999405816197, -0.49639997543999925, False, 50.358864, -1.7502975, 0.0, 20.229156, 30.977097, 0.49, 17.217346
2262, 582, -0.0011999999405816197, -0.4975999753805809, False, 50.23886, -3.6312294, 0.0, 20.560764, 30.152346, 0.49, 16.28923
2262, 583, -0.0011999999405816197, -0.4987999753211625, False, 50.11886, -5.333272, 0.0, 20.68746, 29.284754, 0.49, 15.358346
2262, 584, -0.0011999999405816197, -0.4999999752617441, False, 49.998856, -6.8581076, 0.0, 20.64729, 28.36863, 0.49, 14.438997
2262, 585, -0.0011999999405816197, -0.5011999752023257, False, 49.878853, -3.9721708, 0.0, 21.754738, 27.402815, 0.49, 13.540208
2262, 586, -0.0011999999405816197, -0.5023999751429074, False, 49.75885, -5.7520456, 0.0, 21.732718, 26.395832, 0.49, 12.653326
2262, 587, -0.0011999999405816197, -0.503599975083489, False, 49.638847, -7.332794, 0.0, 21.551243, 25.346058, 0.49, 11.787907
2262, 588, -0.0011999999405816197, -0.5047999750240706, False, 49.518845, -8.721804, 0.0, 21.24538, 24.251066, 0.49, 10.957615
2262, 589, -0.0011999999405816197, -0.5059999749646522, False, 49.39884, -9.928655, 0.0, 20.845692, 23.110449, 0.49, 10.17534
2262, 590, -0.0011999999405816197, -0.5071999749052338, False, 49.27884, -10.553551, 0.0, 14.784449, 22.150972, 0.49, 9.480148
2262, 591, -0.0011999999405816197, -0.5083999748458154, False, 49.158836, -10.490171, 0.0, 9.301645, 21.46444, 0.49, 8.868022
2262, 592, -0.0011999999405816197, -0.5095999747863971, False, 49.038834, -3.6507998, 0.0, -2.4899235, 21.546719, 0.49, 8.636891
2262, 593, -0.0011999999405816197, -0.5107999747269787, False, 48.91883, -0.6660266, 0.0, -4.0161495, 21.741302, 0.49, 8.443555
2262, 594, -0.0011999999405816197, -0.5119999746675603, False, 48.79883, -0.021595478, 0.0, -6.159229, 22.044273, 0.49, 8.316622
2262, 595, -0.0011999999405816197, -0.5131999746081419, False, 48.678825, 0.7265854, 0.0, -8.032831, 22.456974, 0.49, 8.14577
2262, 596, -0.0011999999405816197, -0.5143999745487235, False, 48.558823, 1.5542488, 0.0, -9.6553955, 22.961885, 0.49, 7.919457
2262, 597, -0.0011999999405816197, -0.5155999744893052, False, 48.43882, 2.434989, 0.0, -11.044651, 23.541668, 0.49, 7.628435
2262, 598, -0.0011999999405816197, -0.5167999744298868, False, 48.318817, 0.9279561, 0.0, -12.668255, 24.1826, 0.49, 7.2695694
2262, 599, -0.0011999999405816197, -0.5179999743704684, False, 48.198814, 2.1779203, 0.0, -13.817341, 24.883617, 0.49, 6.8554325
2262, 600, -0.0011999999405816197, -0.51919997431105, False, 48.07881, 0.44910526, 0.0, -15.144098, 25.635052, 0.49, 6.3858314
2262, 601, -0.0011999999405816197, -0.5203999742516316, False, 47.95881, 1.9926486, 0.0, -16.094357, 26.43671, 0.49, 5.871933
2262, 602, -0.0011999999405816197, -0.5215999741922133, False, 47.838806, 3.4478903, 0.0, -16.809895, 27.27633, 0.49, 5.308281
2262, 603, -0.0011999999405816197, -0.5227999741327949, False, 47.718803, 4.805483, 0.0, -17.323193, 28.138668, 0.49, 4.687086
2262, 604, -0.0011999999405816197, -0.5239999740733765, False, 47.5988, 6.059138, 0.0, -17.663908, 29.008747, 0.49, 4.002761
2262, 605, -0.0011999999405816197, -0.5251999740139581, False, 47.478798, 7.205333, 0.0, -17.85906, 29.871973, 0.49, 3.2517948
2262, 606, -0.0011999999405816197, -0.5263999739545397, False, 47.358795, 7.829807, 0.0, -12.338331, 30.618818, 0.49, 2.6385474
2262, 607, -0.0011999999405816197, -0.5275999738951214, False, 47.238792, 7.8105927, 0.0, -7.3441887, 31.222443, 0.49, 2.2521403
2262, 608, -0.0011999999405816197, -0.528799973835703, False, 47.11879, 4.9462585, 0.0, -4.650896, 31.640242, 0.49, 2.0182824
2262, 609, -0.0011999999405816197, -0.5299999737762846, False, 46.998787, 4.402119, 0.0, -0.80711985, 31.935795, 0.49, 1.946353
2262, 610, -0.0011999999405816197, -0.5311999737168662, False, 46.878784, 3.550809, 0.0, 2.3734803, 32.16166, 0.49, 2.0444078
2262, 611, -0.0011999999405816197, -0.5323999736574478, False, 46.75878, 2.6021712, 0.0, 5.007063, 32.34677, 0.49, 2.288187
2262, 612, -0.0011999999405816197, -0.5335999735980295, False, 46.63878, 1.5945846, 0.0, 7.2476974, 32.517235, 0.49, 2.6599972
2262, 613, -0.0011999999405816197, -0.5347999735386111, False, 46.518776, 0.5338702, 0.0, 9.1631565, 32.69406, 0.49, 3.1447399
2262, 614, -0.0011999999405816197, -0.5359999734791927, False, 46.398773, -0.56368303, 0.0, 10.790075, 32.89452, 0.49, 3.7276793
2262, 615, -0.0011999999405816197, -0.5371999734197743, False, 46.27877, -1.6776435, 0.0, 12.156629, 33.133034, 0.49, 4.3939524
2262, 616, -0.0011999999405816197, -0.5383999733603559, False, 46.158768, -0.16139174, 0.0, 13.598428, 33.4169, 0.49, 5.131011
2262, 617, -0.0011999999405816197, -0.5395999733009376, False, 46.038765, 1.3074741, 0.0, 14.756607, 33.73021, 0.49, 5.937402
2262, 618, -0.0011999999405816197, -0.5407999732415192, False, 45.918762, 2.7133625, 0.0, 15.666051, 34.05373, 0.49, 6.8123374
2262, 619, -0.0011999999405816197, -0.5419999731821008, False, 45.79876, 4.0436993, 0.0, 16.358458, 34.369797, 0.49, 7.753229
2262, 620, -0.0011999999405816197, -0.5431999731226824, False, 45.678757, 5.288952, 0.0, 16.862955, 34.66229, 0.49, 8.755855
2262, 621, -0.0011999999405816197, -0.544399973063264, False, 45.558754, 4.7080956, 0.0, 17.788658, 34.919285, 0.49, 9.814692
2262, 622, -0.0011999999405816197, -0.5455999730038457, False, 45.43875, 4.1939573, 0.0, 18.625008, 35.142345, 0.49, 10.9243
2262, 623, -0.0011999999405816197, -0.5467999729444273, False, 45.31875, 3.738248, 0.0, 19.381268, 35.335308, 0.49, 12.079825
2262, 624, -0.0011999999405816197, -0.5479999728850089, False, 45.198746, 5.313714, 0.0, 19.614496, 35.498886, 0.49, 13.276738
2262, 625, -0.0011999999405816197, -0.5491999728255905, False, 45.078743, 4.7408686, 0.0, 20.281696, 35.62408, 0.49, 14.510021
2262, 626, -0.0011999999405816197, -0.5503999727661721, False, 44.95874, 6.29192, 0.0, 20.3352, 35.70995, 0.49, 15.775498
2262, 627, -0.0011999999405816197, -0.5515999727067538, False, 44.838737, 5.617425, 0.0, 20.938221, 35.74867, 0.49, 17.067759
2262, 628, -0.0011999999405816197, -0.5527999726473354, False, 44.718735, 5.016628, 0.0, 21.48229, 35.742844, 0.49, 18.383741
2262, 629, -0.0011999999405816197, -0.553999972587917, False, 44.598732, 2.2591496, 0.0, 22.32927, 35.699833, 0.49, 19.721827
2262, 630, -0.0011999999405816197, -0.5551999725284986, False, 44.47873, 4.2847486, 0.0, 22.407852, 35.63304, 0.49, 21.081896
2262, 631, -0.0011999999405816197, -0.5563999724690802, False, 44.358727, 1.5232787, 0.0, 23.093718, 35.538, 0.49, 22.460556
2262, 632, -0.0011999999405816197, -0.5575999724096619, False, 44.238724, -0.9954226, 0.0, 23.450062, 35.42995, 0.49, 23.858213
2262, 633, -0.0011999999405816197, -0.5587999723502435, False, 44.11872, -3.268445, 0.0, 23.53574, 35.32767, 0.49, 25.274624
2262, 634, -0.0011999999405816197, -0.5599999722908251, False, 43.99872, -5.298346, 0.0, 23.402912, 35.248016, 0.49, 26.707708
2262, 635, -0.0011999999405816197, -0.5611999722314067, False, 43.878716, -7.0919104, 0.0, 23.097517, 35.20593, 0.49, 28.153728
2262, 636, -0.0011999999405816197, -0.5623999721719883, False, 43.758713, -6.1427107, 0.0, 14.423211, 35.18552, 0.49, 29.248295
2262, 637, -0.0011999999405816197, -0.56359997211257, False, 43.63871, -3.896196, 0.0, 16.07708, 35.208927, 0.49, 30.222803
2262, 638, -0.0011999999405816197, -0.5647999720531516, False, 43.518707, -3.5727327, 0.0, 10.020831, 35.23986, 0.49, 30.96774
2262, 639, -0.0011999999405816197, -0.5659999719937332, False, 43.398705, -4.2412586, 0.0, 11.198809, 35.308537, 0.49, 31.65658
2262, 640, -0.0011999999405816197, -0.5671999719343148, False, 43.2787, -2.5015361, 0.0, 12.984659, 35.44236, 0.49, 32.41307
2262, 641, -0.0011999999405816197, -0.5683999718748964, False, 43.1587, -3.5943813, 0.0, 13.960814, 35.62766, 0.49, 33.234154
2262, 642, -0.0011999999405816197, -0.5695999718154781, False, 43.038696, -3.1876667, 0.0, 15.152111, 35.86769, 0.49, 34.109795
2262, 643, -0.0011999999405816197, -0.5707999717560597, False, 42.918694, -3.051496, 0.0, 9.458603, 36.061226, 0.49, 34.779446
2262, 644, -0.0011999999405816197, -0.5719999716966413, False, 42.79869, -2.5391142, 0.0, 5.735092, 36.184204, 0.49, 35.204967
2262, 645, -0.0011999999405816197, -0.5731999716372229, False, 42.678688, -1.9168242, 0.0, 3.3360765, 36.26053, 0.49, 35.46906
2262, 646, -0.0011999999405816197, -0.5743999715778045, False, 42.558685, -1.1372211, 0.0, 5.674894, 36.394928, 0.49, 35.745644
2262, 647, -0.0011999999405816197, -0.5755999715183862, False, 42.438683, -1.050796, 0.0, 3.3671508, 36.516163, 0.49, 35.96737
2262, 648, -0.0011999999405816197, -0.5767999714589678, False, 42.31868, -0.40229702, 0.0, 5.611911, 36.68377, 0.49, 36.21117
2262, 649, -0.0011999999405816197, -0.5779999713995494, False, 42.198677, 0.34797454, 0.0, 7.5740137, 36.932323, 0.49, 36.545517
2262, 650, -0.0011999999405816197, -0.579199971340131, False, 42.078674, 1.1810353, 0.0, 9.275559, 37.240208, 0.49, 36.97259
2262, 651, -0.0011999999405816197, -0.5803999712807126, False, 41.95867, 2.0714557, 0.0, 10.735355, 37.587257, 0.49, 37.492504
2262, 652, -0.0011999999405816197, -0.5815999712212943, False, 41.83867, 2.579635, 0.0, 6.372363, 37.873653, 0.49, 37.891376
2262, 653, -0.0011999999405816197, -0.5827999711618759, False, 41.718666, 2.9968238, 0.0, 8.0030155, 38.133236, 0.49, 38.294724
2262, 654, -0.0011999999405816197, -0.5839999711024575, False, 41.598663, 3.0848715, 0.0, 3.8561916, 38.352425, 0.49, 38.585545
2262, 655, -0.0011999999405816197, -0.5851999710430391, False, 41.47866, 3.160302, 0.0, 5.71471, 38.538593, 0.49, 38.89214
2262, 656, -0.0011999999405816197, -0.5863999709836207, False, 41.358658, 2.9526312, 0.0, 1.834055, 38.70358, 0.49, 39.095516
2262, 657, -0.0011999999405816197, -0.5875999709242024, False, 41.238655, 2.3315053, 0.0, -1.3698648, 38.859413, 0.49, 39.106323
2262, 658, -0.0011999999405816197, -0.588799970864784, False, 41.118652, 1.9263265, 0.0, -3.7855902, 39.02231, 0.49, 38.961136
2262, 659, -0.0011999999405816197, -0.5899999708053656, False, 40.99865, 2.155725, 0.0, -5.734613, 39.196476, 0.49, 38.68103
2262, 660, -0.0011999999405816197, -0.5911999707459472, False, 40.878647, 2.5623415, 0.0, -7.4645224, 39.369118, 0.49, 38.277832
2262, 661, -0.0011999999405816197, -0.5923999706865288, False, 40.758644, 2.2377563, 0.0, -9.263206, 39.527687, 0.49, 37.762417
2262, 662, -0.0011999999405816197, -0.5935999706271105, False, 40.63864, 0.49293226, 1.4901161e-08, -7.5257416, 39.50022, 0.48964146, 37.337288
2262, 663, -0.0011999999405816197, -0.5947999705676921, False, 40.51864, 0.43001443, 0.0, -9.307615, 39.49064, 0.48999712, 36.8133
2262, 664, -0.0011999999405816197, -0.5959999705082737, False, 40.398636, 1.4186319, 0.0, -10.831716, 39.468086, 0.48999998, 36.189632
2262, 665, -0.0011999999405816197, -0.5971999704488553, False, 40.278633, 1.6117965, 0.0, -6.7335005, 39.446465, 0.48999998, 35.702007
2262, 666, -0.0011999999405816197, -0.5983999703894369, False, 40.15863, 0.5941716, 0.0, -8.7012615, 39.401623, 0.48999998, 35.216354
2262, 667, -0.0011999999405816197, -0.5995999703300186, False, 40.038628, 1.503584, 0.0, -10.270019, 39.32878, 0.48999998, 34.630466
2262, 668, -0.0011999999405816197, -0.6007999702706002, False, 39.918625, 2.4509282, 0.0, -11.603102, 39.219044, 0.48999998, 33.956665
2262, 669, -0.0011999999405816197, -0.6019999702111818, False, 39.798622, 2.1645045, 0.0, -13.01074, 39.06247, 0.48999998, 33.207664
2262, 670, -0.0011999999405816197, -0.6031999701517634, False, 39.67862, 1.9161382, 0.0, -14.285665, 38.86178, 0.48999998, 32.391193
2262, 671, -0.0011999999405816197, -0.604399970092345, False, 39.558617, 0.17509031, 0.0, -15.541572, 38.624107, 0.48999998, 31.51245
2262, 672, -0.0011999999405816197, -0.6055999700329266, False, 39.438614, -1.4791207, 0.0, -16.510778, 38.367428, 0.48999998, 30.57246
2262, 673, -0.0011999999405816197, -0.6067999699735083, False, 39.31861, 0.16389632, 0.0, -10.6601925, 38.172543, 0.48999998, 29.851168
2262, 674, -0.0011999999405816197, -0.6079999699140899, False, 39.19861, 0.92148733, 0.0, -6.468276, 38.05344, 0.48999998, 29.393745
2262, 675, -0.0011999999405816197, -0.6091999698546715, False, 39.078606, 0.37966913, 0.0, -2.7886758, 38.007877, 0.48999998, 29.156527
2262, 676, -0.0011999999405816197, -0.6103999697952531, False, 38.958603, -0.11073989, 0.0, -5.0248137, 37.958916, 0.48999998, 28.90306
2262, 677, -0.0011999999405816197, -0.6115999697358347, False, 38.8386, -0.732612, 0.0, -6.9975805, 37.889103, 0.48999998, 28.526615
2262, 678, -0.0011999999405816197, -0.6127999696764164, False, 38.718597, -1.4587647, 0.0, -8.721455, 37.817307, 0.48999998, 28.036587
2262, 679, -0.0011999999405816197, -0.613999969616998, False, 38.598595, -1.4820306, 0.0, -5.3456597, 37.76608, 0.48999998, 27.647238
2262, 680, -0.0011999999405816197, -0.6151999695575796, False, 38.478592, -1.4713452, 0.0, -1.6018578, 37.71054, 0.48999998, 27.462868
2262, 681, -0.0011999999405816197, -0.6163999694981612, False, 38.35859, -1.5183994, 0.0, -3.8188624, 37.68454, 0.48999998, 27.258936
2262, 682, -0.0011999999405816197, -0.6175999694387428, False, 38.238586, -1.8111807, 0.0, -5.7948947, 37.718044, 0.48999998, 26.935371
2262, 683, -0.0011999999405816197, -0.6187999693793245, False, 38.118584, -2.2707753, 0.0, -7.5465937, 37.81868, 0.48999998, 26.509895
2262, 684, -0.0011999999405816197, -0.6199999693199061, False, 37.99858, -1.8989992, 0.0, -4.529352, 37.910397, 0.48999998, 26.173548
2262, 685, -0.0011999999405816197, -0.6211999692604877, False, 37.87858, -2.2131932, 0.0, -6.403039, 38.05032, 0.48999998, 25.831644
2262, 686, -0.0011999999405816197, -0.6223999692010693, False, 37.758575, -2.6818838, 0.0, -8.060347, 38.28535, 0.48999998, 25.417978
2262, 687, -0.0011999999405816197, -0.623599969141651, False, 37.638573, -2.1969132, 0.0, -4.8422513, 38.48275, 0.48999998, 25.097065
2262, 688, -0.0011999999405816197, -0.6247999690822326, False, 37.51857, -2.5031161, 0.0, -6.6606064, 38.726994, 0.48999998, 24.791634
2262, 689, -0.0011999999405816197, -0.6259999690228142, False, 37.398567, -2.5018775, 0.0, -2.700086, 38.882553, 0.48999998, 24.553473
2262, 690, -0.0011999999405816197, -0.6271999689633958, False, 37.278564, -2.006915, 0.0, 0.636806, 38.864777, 0.48999998, 24.419014
2262, 691, -0.0011999999405816197, -0.6283999689039774, False, 37.15856, -1.3800377, 0.0, 3.293479, 38.70112, 0.48999998, 24.355017
2262, 692, -0.0011999999405816197, -0.629599968844559, False, 37.03856, -0.68597275, 0.0, 5.579401, 38.40616, 0.48999998, 24.329237
2262, 693, -0.0011999999405816197, -0.6307999687851407, False, 36.918556, -0.2558014, 0.0, 1.9641811, 38.217285, 0.48999998, 24.308786
2262, 694, -0.0011999999405816197, -0.6319999687257223, False, 36.798553, 0.14015207, 0.0, 4.2694054, 38.007217, 0.48999998, 24.28543
2262, 695, -0.0011999999405816197, -0.6331999686663039, False, 36.67855, 0.68557346, 0.0, 6.313596, 37.669476, 0.48999998, 24.242958
2262, 696, -0.0011999999405816197, -0.6343999686068855, False, 36.558548, 1.3512585, 0.0, 8.108958, 37.21921, 0.48999998, 24.166534
2262, 697, -0.0011999999405816197, -0.6355999685474671, False, 36.438545, 2.105323, 0.0, 9.668894, 36.671883, 0.48999998, 24.043432
2262, 698, -0.0011999999405816197, -0.6367999684880488, False, 36.318542, 2.9186816, 0.0, 11.008444, 36.043156, 0.48999998, 23.862854
2262, 699, -0.0011999999405816197, -0.6379999684286304, False, 36.19854, 3.7659469, 0.0, 12.143862, 35.348816, 0.48999998, 23.615877
2262, 700, -0.0011999999405816197, -0.639199968369212, False, 36.078537, 4.6255026, 0.0, 13.092165, 34.60466, 0.48999998, 23.29542
2262, 701, -0.0011999999405816197, -0.6403999683097936, False, 35.958534, 5.4793158, 0.0, 13.870693, 33.826363, 0.48999998, 22.896214
2262, 702, -0.0011999999405816197, -0.6415999682503752, False, 35.83853, 6.3126864, 0.0, 14.496733, 33.029373, 0.48999998, 22.41476
2262, 703, -0.0011999999405816197, -0.6427999681909569, False, 35.71853, 7.1139355, 0.0, 14.987227, 32.228794, 0.48999998, 21.849295
2262, 704, -0.0011999999405816197, -0.6439999681315385, False, 35.598526, 7.874081, 0.0, 15.358513, 31.439238, 0.48999998, 21.19972
2262, 705, -0.0011999999405816197, -0.6451999680721201, False, 35.478523, 8.586536, 0.0, 15.626131, 30.674717, 0.48999998, 20.467543
2262, 706, -0.0011999999405816197, -0.6463999680127017, False, 35.35852, 5.956688, 0.0, 17.403265, 29.943407, 0.48999998, 19.657246
2262, 707, -0.0011999999405816197, -0.6475999679532833, False, 35.238518, 3.4652677, 0.0, 18.743206, 29.22958, 0.48999998, 18.78122
2262, 708, -0.0011999999405816197, -0.648799967893865, False, 35.118515, 1.1341124, 0.0, 19.710083, 28.515087, 0.48999998, 17.85348
2262, 709, -0.0011999999405816197, -0.6499999678344466, False, 34.998512, -1.0229816, 0.0, 20.361008, 27.784645, 0.48999998, 16.88811
2262, 710, -0.0011999999405816197, -0.6511999677750282, False, 34.87851, -2.9983444, 0.0, 20.746887, 27.025682, 0.48999998, 15.899215
2262, 711, -0.0011999999405816197, -0.6523999677156098, False, 34.758507, -4.7891474, 0.0, 20.913048, 26.228197, 0.48999998, 14.900837
2262, 712, -0.0011999999405816197, -0.6535999676561914, False, 34.638504, -6.396446, 0.0, 20.89978, 25.384613, 0.48999998, 13.906853
2262, 713, -0.0011999999405816197, -0.6547999675967731, False, 34.5185, -7.824421, 0.0, 20.742783, 24.489641, 0.48999998, 12.930855
2262, 714, -0.0011999999405816197, -0.6559999675373547, False, 34.3985, -9.079738, 0.0, 20.473446, 23.540146, 0.48999998, 11.986021
2262, 715, -0.0011999999405816197, -0.6571999674779363, False, 34.278496, -10.171003, 0.0, 20.119186, 22.535004, 0.48999998, 11.0849905
2262, 716, -0.0011999999405816197, -0.6583999674185179, False, 34.158493, -11.108244, 0.0, 19.703747, 21.474977, 0.48999998, 10.239736
2262, 717, -0.0011999999405816197, -0.6595999673590995, False, 34.03849, -0.8918389, 0.0, 0.0292871, 21.498472, 0.48999998, 10.157142
2262, 718, -0.0011999999405816197, -0.6607999672996812, False, 33.918488, -0.4942342, 0.0, -2.5597422, 21.600838, 0.48999998, 10.114808
2262, 719, -0.0011999999405816197, -0.6619999672402628, False, 33.798485, -0.0044652224, 0.0, -4.8291774, 21.842546, 0.48999998, 10.069021
2262, 720, -0.0011999999405816197, -0.6631999671808444, False, 33.678482, 0.61561227, 0.0, -6.83144, 22.208244, 0.48999998, 10.001628
2262, 721, -0.0011999999405816197, -0.664399967121426, False, 33.55848, 1.341293, 0.0, -8.581998, 22.682514, 0.48999998, 9.897899
2262, 722, -0.0011999999405816197, -0.6655999670620076, False, 33.438477, 2.1433184, 0.0, -10.096049, 23.249697, 0.48999998, 9.745375
2262, 723, -0.0011999999405816197, -0.6667999670025893, False, 33.318474, 1.119729, 0.0, -6.1792417, 23.69305, 0.48999998, 9.639397
2262, 724, -0.0011999999405816197, -0.6679999669431709, False, 33.19847, 0.21802151, 0.0, -8.1537, 24.13222, 0.48999998, 9.530676
2262, 725, -0.0011999999405816197, -0.6691999668837525, False, 33.07847, 1.12356, 0.0, -9.810176, 24.671965, 0.48999998, 9.385604
2262, 726, -0.0011999999405816197, -0.6703999668243341, False, 32.958466, 2.0733244, 0.0, -11.222447, 25.298721, 0.48999998, 9.196268
2262, 727, -0.0011999999405816197, -0.6715999667649157, False, 32.838463, 0.5944145, 0.0, -12.793692, 25.999662, 0.48999998, 8.956227
2262, 728, -0.0011999999405816197, -0.6727999667054974, False, 32.71846, 1.8964443, 0.0, -13.960954, 26.77108, 0.48999998, 8.677153
2262, 729, -0.0011999999405816197, -0.673999966646079, False, 32.598457, 3.1561751, 0.0, -14.89512, 27.601019, 0.48999998, 8.351829
2262, 730, -0.0011999999405816197, -0.6751999665866606, False, 32.478455, 1.2136703, 0.0, -16.210001, 28.478174, 0.48999998, 7.9744744
2262, 731, -0.0011999999405816197, -0.6763999665272422, False, 32.35845, 2.7701535, 0.0, -16.98537, 29.40204, 0.48999998, 7.5565133
2262, 732, -0.0011999999405816197, -0.6775999664678238, False, 32.23845, 4.222365, 0.0, -17.54259, 30.361761, 0.48999998, 7.091516
2262, 733, -0.0011999999405816197, -0.6787999664084055, False, 32.118446, 5.156877, 0.0, -12.312132, 31.172735, 0.48999998, 6.7199755
2262, 734, -0.0011999999405816197, -0.6799999663489871, False, 31.998444, 5.4445086, 0.0, -7.5361943, 31.772789, 0.48999998, 6.5114727
2262, 735, -0.0011999999405816197, -0.6811999662895687, False, 31.87844, 5.6280136, 0.0, -8.8167515, 32.330433, 0.48999998, 6.279709
2262, 736, -0.0011999999405816197, -0.6823999662301503, False, 31.758438, 5.479551, 0.0, -4.387876, 32.791073, 0.48999998, 6.1291075
2262, 737, -0.0011999999405816197, -0.6835999661707319, False, 31.638435, 4.8500547, 0.0, -0.5432257, 33.11556, 0.48999998, 6.14559
2262, 738, -0.0011999999405816197, -0.6847999661113136, False, 31.518433, 3.932047, 0.0, 2.645858, 33.334908, 0.48999998, 6.310626
2262, 739, -0.0011999999405816197, -0.6859999660518952, False, 31.39843, 2.914955, 0.0, 5.292311, 33.482185, 0.48999998, 6.607718
2262, 740, -0.0011999999405816197, -0.6871999659924768, False, 31.278427, 1.8419816, 0.0, 7.536803, 33.586487, 0.48999998, 7.02526
2262, 741, -0.0011999999405816197, -0.6883999659330584, False, 31.158424, 0.7230915, 0.0, 9.44794, 33.67173, 0.48999998, 7.552952
2262, 742, -0.0011999999405816197, -0.68959996587364, False, 31.038422, -0.42500687, 0.0, 11.064684, 33.758133, 0.48999998, 8.180093
2262, 743, -0.0011999999405816197, -0.6907999658142217, False, 30.918419, -1.582332, 0.0, 12.416966, 33.863117, 0.48999998, 8.895273
2262, 744, -0.0011999999405816197, -0.6919999657548033, False, 30.798416, -1.8300307, 0.0, 7.7644196, 33.94836, 0.48999998, 9.449875
2262, 745, -0.0011999999405816197, -0.6931999656953849, False, 30.678413, -1.641229, 0.0, 4.6965275, 34.002, 0.48999998, 9.79882
2262, 746, -0.0011999999405816197, -0.6943999656359665, False, 30.55841, -0.7942201, 0.0, 6.868855, 34.092426, 0.48999998, 10.163937
2262, 747, -0.0011999999405816197, -0.6955999655765481, False, 30.438408, -0.04441178, 0.0, 4.272216, 34.17327, 0.48999998, 10.457351
2262, 748, -0.0011999999405816197, -0.6967999655171297, False, 30.318405, 0.13003412, 0.0, 0.7255903, 34.20461, 0.48999998, 10.566195
2262, 749, -0.0011999999405816197, -0.6979999654577114, False, 30.198402, 0.16135776, 0.0, -1.8234552, 34.195824, 0.48999998, 10.506738
2262, 750, -0.0011999999405816197, -0.699199965398293, False, 30.0784, 0.46730793, 0.0, -4.1059217, 34.145546, 0.48999998, 10.310168
2262, 751, -0.0011999999405816197, -0.7003999653388746, False, 29.958397, 0.94746804, 0.0, -6.137762, 34.0424, 0.48999998, 9.99462
2262, 752, -0.0011999999405816197, -0.7015999652794562, False, 29.838394, 1.1259737, 0.0, -2.3336608, 33.98654, 0.48999998, 9.776798
2262, 753, -0.0011999999405816197, -0.7027999652200378, False, 29.718391, 0.77706563, 0.0, 0.807321, 34.025265, 0.48999998, 9.734796
2262, 754, -0.0011999999405816197, -0.7039999651606195, False, 29.598389, 0.36755228, 0.0, 3.28221, 34.1516, 0.48999998, 9.819911
2262, 755, -0.0011999999405816197, -0.7051999651012011, False, 29.478386, 0.077337764, 0.0, -0.0097578205, 34.204605, 0.48999998, 9.852293
2262, 756, -0.0011999999405816197, -0.7063999650417827, False, 29.358383, 0.22187638, 0.0, -2.4776702, 34.125854, 0.48999998, 9.78934
2262, 757, -0.0011999999405816197, -0.7075999649823643, False, 29.23838, 0.10838319, 0.0, 0.6515366, 34.115616, 0.48999998, 9.772625
2262, 758, -0.0011999999405816197, -0.708799964922946, False, 29.118378, 0.008232664, 0.0, 0.1367713, 34.13199, 0.48999998, 9.779426
2262, 759, -0.0011999999405816197, -0.7099999648635276, False, 28.998375, 0.0060334206, 0.0, 2.605088, 34.22924, 0.48999998, 9.826419
2262, 760, -0.0011999999405816197, -0.7111999648041092, False, 28.878372, -0.40449333, 0.0, 4.825198, 34.45231, 0.48999998, 9.931966
2262, 761, -0.0011999999405816197, -0.7123999647446908, False, 28.75837, -0.3472576, 0.0, 6.858263, 34.794117, 0.48999998, 10.079689
2262, 762, -0.0011999999405816197, -0.7135999646852724, False, 28.638367, -1.1117086, 0.0, 8.630085, 35.245193, 0.48999998, 10.261261
2262, 763, -0.0011999999405816197, -0.714799964625854, False, 28.518364, 0.010591984, 0.0, 10.363539, 35.798077, 0.48999998, 10.464785
2262, 764, -0.0011999999405816197, -0.7159999645664357, False, 28.398361, 0.69163513, 0.0, 6.516383, 36.23276, 0.48999998, 10.622489
2262, 765, -0.0011999999405816197, -0.7171999645070173, False, 28.278358, 0.8426068, 0.0, 3.9443245, 36.50328, 0.48999998, 10.720634
2262, 766, -0.0011999999405816197, -0.7183999644475989, False, 28.158356, 0.24984884, 0.0, 2.3540192, 36.665253, 0.48999998, 10.779398
2262, 767, -0.0011999999405816197, -0.7195999643881805, False, 28.038353, 0.26439264, 0.0, 1.2376515, 36.755447, 0.48999998, 10.812122
2262, 768, -0.0011999999405816197, -0.7207999643287621, False, 27.91835, 0.05652678, 0.0, -1.5523388, 36.725925, 0.48999998, 10.780417
2262, 769, -0.0011999999405816197, -0.7219999642693438, False, 27.798347, -0.26489687, 0.0, -3.879835, 36.581524, 0.48999998, 10.660603
2262, 770, -0.0011999999405816197, -0.7231999642099254, False, 27.678345, 0.3057208, 0.0, -5.998629, 36.340717, 0.48999998, 10.45151
2262, 771, -0.0011999999405816197, -0.724399964150507, False, 27.558342, -0.4668331, 0.0, -7.9139676, 36.007736, 0.48999998, 10.166881
2262, 772, -0.0011999999405816197, -0.7255999640910886, False, 27.43834, -1.3169236, 0.0, -9.571461, 35.599487, 0.48999998, 9.804568
2262, 773, -0.0011999999405816197, -0.7267999640316702, False, 27.318336, -0.08238363, 0.0, -11.232208, 35.131393, 0.48999998, 9.363644
2262, 774, -0.0011999999405816197, -0.7279999639722519, False, 27.198334, -0.07171583, 0.0, -7.0449667, 34.76525, 0.48999998, 9.016352
2262, 775, -0.0011999999405816197, -0.7291999639128335, False, 27.078331, 0.7669196, 0.0, -8.836432, 34.403564, 0.48999998, 8.6762
2262, 776, -0.0011999999405816197, -0.7303999638534151, False, 26.958328, 0.6576052, 0.0, -4.874119, 34.137684, 0.48999998, 8.4155855
2262, 777, -0.0011999999405816197, -0.7315999637939967, False, 26.838326, 0.5114716, 0.0, -1.2903454, 34.042465, 0.48999998, 8.298027
2262, 778, -0.0011999999405816197, -0.7327999637345783, False, 26.718323, 0.2984262, 0.0, 1.4844327, 34.085175, 0.48999998, 8.305358
2262, 779, -0.0011999999405816197, -0.73399996367516, False, 26.59832, 0.24158192, 0.0, 3.8288379, 34.239597, 0.48999998, 8.406363
2262, 780, -0.0011999999405816197, -0.7351999636157416, False, 26.478317, 0.2053392, 0.0, 5.954227, 34.49635, 0.48999998, 8.5904665
2262, 781, -0.0011999999405816197, -0.7363999635563232, False, 26.358315, 0.17770267, 0.0, 7.8818574, 34.846176, 0.48999998, 8.849581
2262, 782, -0.0011999999405816197, -0.7375999634969048, False, 26.238312, 0.15523624, 0.0, 9.630234, 35.280544, 0.48999998, 9.176575
2262, 783, -0.0011999999405816197, -0.7387999634374864, False, 26.118309, -0.537014, 0.0, 6.0451174, 35.6227, 0.48999998, 9.435121
2262, 784, -0.0011999999405816197, -0.7399999633780681, False, 25.998306, 0.27199316, 0.0, 7.977397, 35.979164, 0.48999998, 9.6954775
2262, 785, -0.0011999999405816197, -0.7411999633186497, False, 25.878304, -0.35136104, 0.0, 4.965839, 36.264793, 0.48999998, 9.903355
2262, 786, -0.0011999999405816197, -0.7423999632592313, False, 25.7583, 0.33206153, 0.0, 6.986411, 36.57519, 0.48999998, 10.122865
2262, 787, -0.0011999999405816197, -0.7435999631998129, False, 25.638298, -0.53609776, 0.0, 8.807552, 36.97663, 0.48999998, 10.410106
2262, 788, -0.0011999999405816197, -0.7447999631403945, False, 25.518295, -1.4631929, 0.0, 10.371111, 37.46753, 0.48999998, 10.748473
2262, 789, -0.0011999999405816197, -0.7459999630809762, False, 25.398293, -2.4254274, 0.0, 11.697817, 38.047768, 0.48999998, 11.118279
2262, 790, -0.0011999999405816197, -0.7471999630215578, False, 25.27829, -3.4006753, 0.0, 12.8080635, 38.71547, 0.48999998, 11.501091
2262, 791, -0.0011999999405816197, -0.7483999629621394, False, 25.158287, -1.9817, 0.0, 8.747556, 39.247063, 0.48999998, 11.823955
2262, 792, -0.0011999999405816197, -0.749599962902721, False, 25.038284, -1.0926385, 0.0, 4.9490914, 39.554516, 0.48999998, 12.047765
2262, 793, -0.0011999999405816197, -0.7507999628433026, False, 24.918282, 0.0, 0.0, 0.0, 39.500435, 0.49, 12.048914
2262, 794, -0.0011999999405816197, -0.7519999627838843, False, 24.798279, 0.0, 0.0, 0.0, 39.500004, 0.49, 12.04911
2262, 795, -0.0011999999405816197, -0.7531999627244659, False, 24.678276, 0.16571951, 0.0, -2.474432, 39.41946, 0.49, 11.989369
2262, 796, -0.0011999999405816197, -0.7543999626650475, False, 24.558273, -0.26009393, 0.0, -4.7215557, 39.22244, 0.49, 11.852851
2262, 797, -0.0011999999405816197, -0.7555999626056291, False, 24.43827, -0.8311236, 0.0, -6.71081, 38.927128, 0.49, 11.636672
2262, 798, -0.0011999999405816197, -0.7567999625462107, False, 24.318268, -1.5159695, 0.0, -8.454284, 38.553753, 0.49, 11.33559
2262, 799, -0.0011999999405816197, -0.7579999624867924, False, 24.198265, -2.283031, 0.0, -9.965668, 38.12182, 0.49, 10.946282
2262, 800, -0.0011999999405816197, -0.759199962427374, False, 24.078262, -2.6826591, 0.0, -5.6638746, 37.77349, 0.49, 10.65776
2262, 801, -0.0011999999405816197, -0.7603999623679556, False, 23.95826, -1.2733876, 0.0, -3.627238, 37.55314, 0.49, 10.493781
2262, 802, -0.0011999999405816197, -0.7615999623085372, False, 23.838257, -0.92887086, 0.0, -0.26534912, 37.455463, 0.49, 10.46287
2262, 803, -0.0011999999405816197, -0.7627999622491188, False, 23.718254, -0.31448853, 0.0, -0.12669775, 37.425293, 0.49, 10.472706
2262, 804, -0.0011999999405816197, -0.7639999621897005, False, 23.598251, -0.37526196, 0.0, 2.3442378, 37.476196, 0.49, 10.552118
2262, 805, -0.0011999999405816197, -0.7651999621302821, False, 23.478249, -0.33075303, 0.0, 1.2262785, 37.534004, 0.49, 10.629092
2262, 806, -0.0011999999405816197, -0.7663999620708637, False, 23.358246, -0.19439219, 0.0, 0.5039183, 37.561428, 0.49, 10.66561
2262, 807, -0.0011999999405816197, -0.7675999620114453, False, 23.238243, -0.14872539, 0.0, 2.9394288, 37.66549, 0.49, 10.741998
2262, 808, -0.0011999999405816197, -0.7687999619520269, False, 23.11824, -0.12483144, 0.0, 5.1473627, 37.88657, 0.49, 10.889486
2262, 809, -0.0011999999405816197, -0.7699999618926086, False, 22.998238, -0.7563498, 0.0, 7.106861, 38.214893, 0.49, 11.099532
2262, 810, -0.0011999999405816197, -0.7711999618331902, False, 22.878235, -1.489996, 0.0, 8.8178835, 38.647297, 0.49, 11.353537
2262, 811, -0.0011999999405816197, -0.7723999617737718, False, 22.758232, -0.30208206, 0.0, 10.569032, 39.17873, 0.49, 11.636941
2262, 812, -0.0011999999405816197, -0.7735999617143534, False, 22.63823, 0.5106721, 0.0, 6.428335, 39.592743, 0.49, 11.854329
2262, 813, -0.0011999999405816197, -0.774799961654935, False, 22.518227, 0.0, 0.0, 0.0, 39.50074, 0.49, 11.855239
2262, 814, -0.0011999999405816197, -0.7759999615955167, False, 22.398224, -0.0008864705, -0.0002847761, 0.000856036, 39.500008, 0.48984873, 11.856062
2262, 815, -0.0011999999405816197, -0.7771999615360983, False, 22.278221, -0.0019888212, -0.0006428808, 0.002370134, 39.5, 0.48932546, 11.859286
2262, 816, -0.0011999999405816197, -0.7783999614766799, False, 22.158218, -0.0029263622, -0.0009974092, 0.0043384135, 39.5, 0.48887518, 11.863753
2262, 817, -0.0011999999405816197, -0.7795999614172615, False, 22.038216, -0.026271543, -1.4901161e-08, 0.049408376, 39.5, 0.48844486, 11.869729
2262, 818, -0.0011999999405816197, -0.7807999613578431, False, 21.918213, -0.13517684, 0.0, 0.33456492, 39.5, 0.4887062, 11.883985
2262, 819, -0.0011999999405816197, -0.7819999612984248, False, 21.79821, -0.2236343, -1.4901161e-08, -2.165384, 39.466698, 0.48998964, 11.810282
2262, 820, -0.0011999999405816197, -0.7831999612390064, False, 21.678207, -0.5518903, -1.4901161e-08, -4.409046, 39.39666, 0.48999992, 11.599372
2262, 821, -0.0011999999405816197, -0.784399961179588, False, 21.558205, -1.0493155, -1.4901161e-08, -6.403762, 39.309395, 0.49, 11.261118
2262, 822, -0.0011999999405816197, -0.7855999611201696, False, 21.438202, -1.0535363, -1.4901161e-08, -3.8495595, 39.243835, 0.49, 10.983915
2262, 823, -0.0011999999405816197, -0.7867999610607512, False, 21.3182, -0.9004113, -1.4901161e-08, -0.34457532, 39.19182, 0.49, 10.890234
2262, 824, -0.0011999999405816197, -0.7879999610013328, False, 21.198196, -0.50671154, -1.4901161e-08, 2.2933156, 39.13536, 0.49, 10.967341
2262, 825, -0.0011999999405816197, -0.7891999609419145, False, 21.078194, -0.037517905, -1.4901161e-08, 4.5901065, 39.051388, 0.49, 11.182778
2262, 826, -0.0011999999405816197, -0.7903999608824961, False, 20.95819, 0.56486917, -1.4901161e-08, 6.6187487, 38.92444, 0.49, 11.517975
2262, 827, -0.0011999999405816197, -0.7915999608230777, False, 20.838188, 0.49071097, -1.4901161e-08, 8.485207, 38.745003, 0.49, 11.956268
2262, 828, -0.0011999999405816197, -0.7927999607636593, False, 20.718185, 0.42963743, -1.4901161e-08, 10.177806, 38.51605, 0.49, 12.487185
2262, 829, -0.0011999999405816197, -0.793999960704241, False, 20.598183, 0.37804604, -1.4901161e-08, 11.712901, 38.242428, 0.49, 13.102221
2262, 830, -0.0011999999405816197, -0.7951999606448226, False, 20.47818, 0.3337965, -1.4901161e-08, 13.105213, 37.928448, 0.49, 13.793626
2262, 831, -0.0011999999405816197, -0.7963999605854042, False, 20.358177, -1.1090875, -1.4901161e-08, 14.327703, 37.580387, 0.49, 14.555453
2262, 832, -0.0011999999405816197, -0.7975999605259858, False, 20.238174, -0.9835949, -1.4901161e-08, 15.477575, 37.212727, 0.49, 15.385947
2262, 833, -0.0011999999405816197, -0.7987999604665674, False, 20.118172, -0.8735957, -1.4901161e-08, 16.520317, 36.829433, 0.49, 16.279562
2262, 834, -0.0011999999405816197, -0.799999960407149, False, 19.998169, -0.7768192, -1.4901161e-08, 17.465967, 36.43178, 0.49, 17.230352
2262, 835, -0.0011999999405816197, -0.8011999603477307, False, 19.878166, -0.6914301, -1.4901161e-08, 18.323606, 36.02096, 0.49, 18.232944
2262, 836, -0.0011999999405816197, -0.8023999602883123, False, 19.758163, -2.5099936, -1.4901161e-08, 18.939884, 35.60061, 0.49, 19.283318
2262, 837, -0.0011999999405816197, -0.8035999602288939, False, 19.63816, -4.1811438, -1.4901161e-08, 19.328413, 35.18583, 0.49, 20.38113
2262, 838, -0.0011999999405816197, -0.8047999601694755, False, 19.518158, -3.7289002, -1.4901161e-08, 20.018826, 34.790276, 0.49, 21.524841
2262, 839, -0.0011999999405816197, -0.8059999601100571, False, 19.398155, -5.367404, -1.4901161e-08, 20.190037, 34.41682, 0.49, 22.71073
2262, 840, -0.0011999999405816197, -0.8071999600506388, False, 19.278152, -6.8397408, -1.4901161e-08, 20.196043, 34.077854, 0.49, 23.93579
2262, 841, -0.0011999999405816197, -0.8083999599912204, False, 19.15815, -8.149475, -1.4901161e-08, 20.069244, 33.787037, 0.49, 25.19585
2262, 842, -0.0011999999405816197, -0.809599959931802, False, 19.038147, -9.302437, -1.4901161e-08, 19.838224, 33.556477, 0.49, 26.48529
2262, 843, -0.0011999999405816197, -0.8107999598723836, False, 18.918144, -7.3336253, -1.4901161e-08, 12.146257, 33.39927, 0.49, 27.464357
2262, 844, -0.0011999999405816197, -0.8119999598129652, False, 18.798141, -7.779875, -1.4901161e-08, 12.7887535, 33.319176, 0.49, 28.343287
2262, 845, -0.0011999999405816197, -0.8131999597535469, False, 18.678139, -5.8183627, -1.4901161e-08, 7.6339, 33.280254, 0.49, 29.015642
2262, 846, -0.0011999999405816197, -0.8143999596941285, False, 18.558136, -4.1895785, -1.4901161e-08, 9.943044, 33.309948, 0.49, 29.6369
2262, 847, -0.0011999999405816197, -0.8155999596347101, False, 18.438133, -1.9809942, -1.4901161e-08, 6.541359, 33.353226, 0.49, 30.116888
2262, 848, -0.0011999999405816197, -0.8167999595752917, False, 18.31813, -1.2580512, -1.4901161e-08, 2.9704385, 33.34778, 0.49, 30.380009
2262, 849, -0.0011999999405816197, -0.8179999595158733, False, 18.198128, -0.8053951, -1.4901161e-08, -0.1532758, 33.304, 0.49, 30.440289
2262, 850, -0.0011999999405816197, -0.819199959456455, False, 18.078125, -0.24155176, -1.4901161e-08, -0.020178234, 33.27897, 0.49, 30.43995
2262, 851, -0.0011999999405816197, -0.8203999593970366, False, 17.958122, 4.4406091e-16, -1.4901161e-08, -8.559882e-18, 33.277008, 0.49, 30.439924
2262, 852, -0.0011999999405816197, -0.8215999593376182, False, 17.83812, -0.16571939, -1.4901161e-08, -2.4744322, 33.283012, 0.49, 30.339823
2262, 853, -0.0011999999405816197, -0.8227999592781998, False, 17.718117, -0.53432846, -1.4901161e-08, -4.692528, 33.31021, 0.49, 30.101871
2262, 854, -0.0011999999405816197, -0.8239999592187814, False, 17.598114, -0.31940573, -1.4901161e-08, -2.805054, 33.336838, 0.49, 29.899714
2262, 855, -0.0011999999405816197, -0.8251999591593631, False, 17.478111, -0.6944295, -1.4901161e-08, -4.977697, 33.385292, 0.49, 29.645857
2262, 856, -0.0011999999405816197, -0.8263999590999447, False, 17.358109, -1.2273433, -1.4901161e-08, -6.9040747, 33.48243, 0.49, 29.276539
2262, 857, -0.0011999999405816197, -0.8275999590405263, False, 17.238106, -1.8781488, -1.4901161e-08, -8.594045, 33.638687, 0.49, 28.809053
2262, 858, -0.0011999999405816197, -0.8287999589811079, False, 17.118103, -2.6129217, -1.4901161e-08, -10.060093, 33.86276, 0.49, 28.260664
2262, 859, -0.0011999999405816197, -0.8299999589216895, False, 16.9981, -3.4026043, -1.4901161e-08, -11.316594, 34.161583, 0.49, 27.648518
2262, 860, -0.0011999999405816197, -0.8311999588622712, False, 16.878098, -4.222481, -1.4901161e-08, -12.379181, 34.54033, 0.49, 26.989529
2262, 861, -0.0011999999405816197, -0.8323999588028528, False, 16.758095, -5.0518064, -1.4901161e-08, -13.264237, 35.002415, 0.49, 26.300272
2262, 862, -0.0011999999405816197, -0.8335999587434344, False, 16.638092, -5.873443, -1.4901161e-08, -13.988428, 35.549564, 0.49, 25.596876
2262, 863, -0.0011999999405816197, -0.834799958684016, False, 16.51809, -6.2525473, -1.4901161e-08, -8.978565, 35.979618, 0.49, 24.997637
2262, 864, -0.0011999999405816197, -0.8359999586245976, False, 16.398087, -6.0494785, -1.4901161e-08, -4.4841905, 36.203667, 0.49, 24.53442
2262, 865, -0.0011999999405816197, -0.8371999585651793, False, 16.278084, -5.8282094, -1.4901161e-08, -6.057642, 36.45568, 0.49, 24.120722
2262, 866, -0.0011999999405816197, -0.8383999585057609, False, 16.158081, -5.34622, -1.4901161e-08, -1.9549203, 36.616016, 0.49, 23.7678
2262, 867, -0.0011999999405816197, -0.8395999584463425, False, 16.038078, -4.9197564, -1.4901161e-08, -3.8916306, 36.81155, 0.49, 23.46643
2262, 868, -0.0011999999405816197, -0.8407999583869241, False, 15.918078, -4.765443, -1.4901161e-08, -5.6170096, 37.143093, 0.49, 23.21266
2262, 869, -0.0011999999405816197, -0.8419999583275057, False, 15.798079, -4.351819, -1.4901161e-08, -1.6485085, 37.371403, 0.49, 22.981884
2262, 870, -0.0011999999405816197, -0.8431999582680874, False, 15.678079, -3.5698879, -1.4901161e-08, 1.6644721, 37.40796, 0.49, 22.749565
2262, 871, -0.0011999999405816197, -0.844399958208669, False, 15.558079, -2.6629417, -1.4901161e-08, 4.387454, 37.2879, 0.49, 22.49979
2262, 872, -0.0011999999405816197, -0.8455999581492506, False, 15.438079, -1.6954355, -1.4901161e-08, 6.69825, 37.039394, 0.49, 22.215044
2262, 873, -0.0011999999405816197, -0.8467999580898322, False, 15.318079, -0.66966677, -1.4901161e-08, 8.677685, 36.685184, 0.49, 21.881302
2262, 874, -0.0011999999405816197, -0.8479999580304138, False, 15.198079, 0.4001217, -1.4901161e-08, 10.364799, 36.24586, 0.49, 21.488018
2262, 875, -0.0011999999405816197, -0.8491999579709955, False, 15.078079, 1.4936438, -1.4901161e-08, 11.787963, 35.740936, 0.49, 21.027405
2262, 876, -0.0011999999405816197, -0.8503999579115771, False, 14.958079, 2.5902843, -1.4901161e-08, 12.9723625, 35.18911, 0.49, 20.494032
2262, 877, -0.0011999999405816197, -0.8515999578521587, False, 14.838079, 0.8897834, -1.4901161e-08, 14.421564, 34.603916, 0.49, 19.887547
2262, 878, -0.0011999999405816197, -0.8527999577927403, False, 14.71808, -0.74283695, -1.4901161e-08, 15.567192, 33.978306, 0.49, 19.22281
2262, 879, -0.0011999999405816197, -0.8539999577333219, False, 14.59808, 0.9800315, -1.4901161e-08, 16.586906, 33.306854, 0.49, 18.513432
2262, 880, -0.0011999999405816197, -0.8551999576739036, False, 14.47808, -0.8661356, -1.4901161e-08, 17.529072, 32.599052, 0.49, 17.758682
2262, 881, -0.0011999999405816197, -0.8563999576144852, False, 14.35808, 1.0554104, -1.4901161e-08, 18.36832, 31.85303, 0.49, 16.967682
2262, 882, -0.0011999999405816197, -0.8575999575550668, False, 14.23808, -0.9666672, -1.4901161e-08, 19.143192, 31.077572, 0.49, 16.138922
2262, 883, -0.0011999999405816197, -0.8587999574956484, False, 14.11808, -2.8321342, -1.4901161e-08, 19.65366, 30.266468, 0.49, 15.284636
2262, 884, -0.0011999999405816197, -0.85999995743623, False, 13.99808, -3.1473298, -1.4901161e-08, 12.438118, 29.645294, 0.49, 14.636887
2262, 885, -0.0011999999405816197, -0.8611999573768117, False, 13.87808, -1.4286585, -1.4901161e-08, 13.993765, 29.060425, 0.49, 14.063004
2262, 886, -0.0011999999405816197, -0.8623999573173933, False, 13.7580805, -2.7467499, -1.4901161e-08, 14.967099, 28.408285, 0.49, 13.456448
2262, 887, -0.0011999999405816197, -0.8635999572579749, False, 13.638081, -4.004999, -1.4901161e-08, 15.725464, 27.688559, 0.49, 12.830261
2262, 888, -0.0011999999405816197, -0.8647999571985565, False, 13.518081, -1.8883638, -1.4901161e-08, 17.04076, 26.901825, 0.49, 12.1963215
2262, 889, -0.0011999999405816197, -0.8659999571391381, False, 13.398081, -3.447012, -1.4901161e-08, 17.672775, 26.058146, 0.49, 11.548625
2262, 890, -0.0011999999405816197, -0.8671999570797198, False, 13.278081, -4.888958, -1.4901161e-08, 18.100943, 25.157299, 0.49, 10.8991375
2262, 891, -0.0011999999405816197, -0.8683999570203014, False, 13.158081, -6.2097588, -1.4901161e-08, 18.357018, 24.19814, 0.49, 10.26368
2262, 892, -0.0011999999405816197, -0.869599956960883, False, 13.038081, -7.4077597, -1.4901161e-08, 18.469652, 23.181421, 0.49, 9.657082
2262, 893, -0.0011999999405816197, -0.8707999569014646, False, 12.918081, -8.483686, -1.4901161e-08, 18.464645, 22.10966, 0.49, 9.0931
2262, 894, -0.0011999999405816197, -0.8719999568420462, False, 12.798081, -0.0009335156, -1.4901161e-08, 0.00018423295, 21.495056, 0.49, 8.748146
2262, 895, -0.0011999999405816197, -0.8731999567826279, False, 12.6780815, 0.16503707, -1.4901161e-08, -2.4743383, 21.594873, 0.49, 8.7386055
2262, 896, -0.0011999999405816197, -0.8743999567232095, False, 12.558082, 0.5337543, -1.4901161e-08, -4.6925015, 21.831718, 0.49, 8.703078
2262, 897, -0.0011999999405816197, -0.8755999566637911, False, 12.438082, 1.0618222, -1.4901161e-08, -6.6608057, 22.189054, 0.49, 8.62794
2262, 898, -0.0011999999405816197, -0.8767999566043727, False, 12.318082, 1.710639, -1.4901161e-08, -8.3891535, 22.650179, 0.49, 8.501365
2262, 899, -0.0011999999405816197, -0.8779999565449543, False, 12.198082, 2.4463243, -1.4901161e-08, -9.89006, 23.198315, 0.49, 8.313335
2262, 900, -0.0011999999405816197, -0.879199956485536, False, 12.078082, 3.239506, -1.4901161e-08, -11.177949, 23.816698, 0.49, 8.055643
2262, 901, -0.0011999999405816197, -0.8803999564261176, False, 11.958082, 1.6225386, -1.4901161e-08, -12.866858, 24.492102, 0.49, 7.7259316
2262, 902, -0.0011999999405816197, -0.8815999563666992, False, 11.838082, 1.435863, -1.4901161e-08, -14.153726, 25.225464, 0.49, 7.339546
2262, 903, -0.0011999999405816197, -0.8827999563072808, False, 11.718082, -0.23625088, -1.4901161e-08, -15.377009, 26.014515, 0.49, 6.9064684
2262, 904, -0.0011999999405816197, -0.8839999562478624, False, 11.598083, 1.4095464, -1.4901161e-08, -16.368021, 26.859219, 0.49, 6.439475
2262, 905, -0.0011999999405816197, -0.885199956188444, False, 11.478083, 2.9585571, -1.4901161e-08, -17.109919, 27.747793, 0.49, 5.9312735
2262, 906, -0.0011999999405816197, -0.8863999561290257, False, 11.358083, 4.4013295, -1.4901161e-08, -17.637796, 28.665764, 0.49, 5.372014
2262, 907, -0.0011999999405816197, -0.8875999560696073, False, 11.238083, 5.7316484, -1.4901161e-08, -17.9835, 29.598719, 0.49, 4.7541323
2262, 908, -0.0011999999405816197, -0.8887999560101889, False, 11.118083, 6.5361958, -1.4901161e-08, -12.577335, 30.396284, 0.49, 4.2539573
2262, 909, -0.0011999999405816197, -0.8899999559507705, False, 10.998083, 7.1173735, -1.4901161e-08, -13.243384, 31.12965, 0.49, 3.7584653
2262, 910, -0.0011999999405816197, -0.8911999558913521, False, 10.878083, 7.274687, -1.4901161e-08, -8.209695, 31.757202, 0.49, 3.374909
2262, 911, -0.0011999999405816197, -0.8923999558319338, False, 10.758083, 6.8719573, -1.4901161e-08, -3.728701, 32.25081, 0.49, 3.1935403
2262, 912, -0.0011999999405816197, -0.8935999557725154, False, 10.638083, 6.032493, -1.4901161e-08, 0.13322508, 32.638363, 0.49, 3.1949525
2262, 913, -0.0011999999405816197, -0.894799955713097, False, 10.518084, 4.9392586, -1.4901161e-08, 3.3537438, 32.948055, 0.49, 3.3569324
2262, 914, -0.0011999999405816197, -0.8959999556536786, False, 10.398084, 3.7454278, -1.4901161e-08, 6.033908, 33.208744, 0.49, 3.6589842
2262, 915, -0.0011999999405816197, -0.8971999555942602, False, 10.278084, 3.2576423, -1.4901161e-08, 7.985213, 33.443806, 0.49, 4.084655
2262, 916, -0.0011999999405816197, -0.8983999555348419, False, 10.158084, 3.7561638, -1.4901161e-08, 9.395821, 33.658035, 0.49, 4.6210575
2262, 917, -0.0011999999405816197, -0.8995999554754235, False, 10.038084, 2.2323046, -1.4901161e-08, 11.312822, 33.845543, 0.49, 5.25739
2262, 918, -0.0011999999405816197, -0.9007999554160051, False, 9.918084, 0.72577786, -1.4901161e-08, 12.890498, 34.022564, 0.49, 5.983502
2262, 919, -0.0011999999405816197, -0.9019999553565867, False, 9.798084, -0.7439227, -1.4901161e-08, 14.170596, 34.208027, 0.49, 6.788772
2262, 920, -0.0011999999405816197, -0.9031999552971683, False, 9.678084, -1.4217362, -1.4901161e-08, 8.9712715, 34.351444, 0.49, 7.4102097
2262, 921, -0.0011999999405816197, -0.90439995523775, False, 9.5580845, -1.4774219, -1.4901161e-08, 5.5118256, 34.442234, 0.49, 7.8036013
2262, 922, -0.0011999999405816197, -0.9055999551783316, False, 9.438085, -0.584599, -1.4901161e-08, 7.5868773, 34.56167, 0.49, 8.205048
2262, 923, -0.0011999999405816197, -0.9067999551189132, False, 9.318085, 0.13161302, -1.4901161e-08, 4.730005, 34.663292, 0.49, 8.525508
2262, 924, -0.0011999999405816197, -0.9079999550594948, False, 9.198085, 0.7223221, -1.4901161e-08, 6.7298007, 34.76858, 0.49, 8.876347
2262, 925, -0.0011999999405816197, -0.9091999550000764, False, 9.078085, -0.17485261, -1.4901161e-08, 8.6124735, 34.893196, 0.49, 9.340551
2262, 926, -0.0011999999405816197, -0.9103999549406581, False, 8.958085, -0.67288613, -1.4901161e-08, 5.3541784, 34.99108, 0.49, 9.710046
2262, 927, -0.0011999999405816197, -0.9115999548812397, False, 8.838085, -0.74431145, -1.4901161e-08, 3.1826057, 35.0512, 0.49, 9.936983
2262, 928, -0.0011999999405816197, -0.9127999548218213, False, 8.718085, -0.15997195, -1.4901161e-08, 5.4151144, 35.14493, 0.49, 10.203601
2262, 929, -0.0011999999405816197, -0.9139999547624029, False, 8.598085, -0.40498856, -1.4901161e-08, 1.7398835, 35.20135, 0.49, 10.372317
2262, 930, -0.0011999999405816197, -0.9151999547029845, False, 8.4780855, -0.0007222891, -1.4901161e-08, 4.081181, 35.273453, 0.49, 10.558471
2262, 931, -0.0011999999405816197, -0.9163999546435662, False, 8.358086, -0.1406574, -1.4901161e-08, 0.5511559, 35.30973, 0.49, 10.654406
2262, 932, -0.0011999999405816197, -0.9175999545841478, False, 8.238086, 0.109493256, -1.4901161e-08, 2.9838681, 35.36295, 0.49, 10.774801
2262, 933, -0.0011999999405816197, -0.9187999545247294, False, 8.118086, 0.011472166, -1.4901161e-08, -0.20532486, 35.382607, 0.49, 10.815804
2262, 934, -0.0011999999405816197, -0.919999954465311, False, 7.998086, 0.19314682, -1.4901161e-08, -2.658784, 35.32838, 0.49, 10.7180195
2262, 935, -0.0011999999405816197, -0.9211999544058926, False, 7.878086, 0.5749912, -1.4901161e-08, -4.856439, 35.19504, 0.49, 10.506653
2262, 936, -0.0011999999405816197, -0.9223999543464743, False, 7.758086, 1.113193, -1.4901161e-08, -6.805028, 34.97686, 0.49, 10.202253
2262, 937, -0.0011999999405816197, -0.9235999542870559, False, 7.6380863, 1.7694156, -1.4901161e-08, -8.514662, 34.6698, 0.49, 9.8248
2262, 938, -0.0011999999405816197, -0.9247999542276375, False, 7.5180864, 1.5156274, -1.4901161e-08, -4.592529, 34.45139, 0.49, 9.532216
2262, 939, -0.0011999999405816197, -0.9259999541682191, False, 7.3980865, 1.1921829, -1.4901161e-08, -1.0839043, 34.394936, 0.49, 9.388271
2262, 940, -0.0011999999405816197, -0.9271999541088007, False, 7.2780867, 0.84101266, -1.4901161e-08, 1.6613744, 34.46743, 0.49, 9.373758
2262, 941, -0.0011999999405816197, -0.9283999540493824, False, 7.158087, 0.568787, -1.4901161e-08, -1.149864, 34.47328, 0.49, 9.3341465
2262, 942, -0.0011999999405816197, -0.929599953989964, False, 7.038087, 0.33961263, -1.4901161e-08, 1.5861373, 34.523247, 0.49, 9.338117
2262, 943, -0.0011999999405816197, -0.9307999539305456, False, 6.918087, 0.27596986, -1.4901161e-08, 3.9213753, 34.6934, 0.49, 9.423609
2262, 944, -0.0011999999405816197, -0.9319999538711272, False, 6.798087, 0.23482442, -1.4901161e-08, 6.0382395, 34.973392, 0.49, 9.581047
2262, 945, -0.0011999999405816197, -0.9331999538117088, False, 6.678087, 0.20332265, -1.4901161e-08, 7.9580917, 35.353252, 0.49, 9.803311
2262, 946, -0.0011999999405816197, -0.9343999537522905, False, 6.5580873, -0.3926332, -1.4901161e-08, 4.9485874, 35.656685, 0.49, 9.982301
2262, 947, -0.0011999999405816197, -0.9355999536928721, False, 6.4380875, 0.29520273, -1.4901161e-08, 6.9746733, 35.986477, 0.49, 10.169748
2262, 948, -0.0011999999405816197, -0.9367999536334537, False, 6.3180876, -0.56689906, -1.4901161e-08, 8.793554, 36.414116, 0.49, 10.414811
2262, 949, -0.0011999999405816197, -0.9379999535740353, False, 6.1980877, -1.4887009, -1.4901161e-08, 10.355707, 36.936245, 0.49, 10.701186
2262, 950, -0.0011999999405816197, -0.9391999535146169, False, 6.078088, -0.1608963, -1.4901161e-08, 11.955973, 37.548862, 0.49, 11.014319
2262, 951, -0.0011999999405816197, -0.9403999534551986, False, 5.958088, -1.4354014, -1.4901161e-08, 13.245166, 38.240597, 0.49, 11.358632
2262, 952, -0.0011999999405816197, -0.9415999533957802, False, 5.838088, -1.7961485, -1.4901161e-08, 8.317967, 38.77725, 0.49, 11.622515
2262, 953, -0.0011999999405816197, -0.9427999533363618, False, 5.718088, -0.96879125, -1.4901161e-08, 4.5434885, 39.085434, 0.49, 11.797095
2262, 954, -0.0011999999405816197, -0.9439999532769434, False, 5.5980883, -0.23278832, -1.4901161e-08, 6.6640234, 39.4011, 0.49, 11.970548
2262, 955, -0.0011999999405816197, -0.945199953217525, False, 5.4780884, 0.0, 0.0, 0.0, 39.501217, 0.49, 12.039354
2262, 956, -0.0011999999405816197, -0.9463999531581067, False, 5.3580885, 0.0, 0.0, 0.0, 39.50001, 0.49, 12.039597
2262, 957, -0.0011999999405816197, -0.9475999530986883, False, 5.2380886, 0.16571975, 0.0, -2.474432, 39.419468, 0.49, 11.979856
2262, 958, -0.0011999999405816197, -0.9487999530392699, False, 5.1180887, -0.26009417, 0.0, -4.7215548, 39.222446, 0.49, 11.843338
2262, 959, -0.0011999999405816197, -0.9499999529798515, False, 4.998089, -0.831125, 0.0, -6.710809, 38.927135, 0.49, 11.62716
2262, 960, -0.0011999999405816197, -0.9511999529204331, False, 4.878089, -1.5159717, 0.0, -8.454284, 38.55376, 0.49, 11.326078
2262, 961, -0.0011999999405816197, -0.9523999528610148, False, 4.758089, -0.35758305, 0.0, -10.2436, 38.11777, 0.49, 10.940162
2262, 962, -0.0011999999405816197, -0.9535999528015964, False, 4.638089, -1.0483994, 0.0, -6.075326, 37.779305, 0.49, 10.644134
2262, 963, -0.0011999999405816197, -0.954799952742178, False, 4.5180893, -0.24970877, 0.0, -3.7685914, 37.573105, 0.49, 10.46983
2262, 964, -0.0011999999405816197, -0.9559999526827596, False, 4.3980894, -0.14869748, 0.0, -0.28937608, 37.50366, 0.49, 10.4191065
2262, 965, -0.0011999999405816197, -0.9571999526233412, False, 4.2780895, 0.0, 0.0, 0.0, 37.499763, 0.49, 10.417932
2262, 966, -0.0011999999405816197, -0.9583999525639229, False, 4.1580896, -1.1920929e-07, 0.0, 2.4810271, 37.57881, 0.49, 10.479692
2262, 967, -0.0011999999405816197, -0.9595999525045045, False, 4.0380898, -0.39781284, 0.0, 4.71275, 37.769363, 0.49, 10.62527
2262, 968, -0.0011999999405816197, -0.9607999524450861, False, 3.9180899, -0.94778514, 0.0, 6.690817, 38.069153, 0.49, 10.834895
2262, 969, -0.0011999999405816197, -0.9619999523856677, False, 3.79809, -1.6149349, 0.0, 8.426087, 38.475998, 0.49, 11.088012
2262, 970, -0.0011999999405816197, -0.9631999523262493, False, 3.67809, -0.44633818, 0.0, 10.227706, 38.984436, 0.49, 11.370275
2262, 971, -0.0011999999405816197, -0.964399952266831, False, 3.5580902, 0.3544991, 0.0, 6.133694, 39.377754, 0.49, 11.586323
2262, 972, -0.0011999999405816197, -0.9655999522074126, False, 3.4380903, 0.004063477, -0.00420925, 0.032066867, 39.499863, 0.49, 11.653224
2262, 973, -0.0011999999405816197, -0.9667999521479942, False, 3.3180904, -0.00077078823, -0.00028163195, 0.00095643976, 39.5, 0.48984662, 11.654035
2262, 974, -0.0011999999405816197, -0.9679999520885758, False, 3.1980906, -0.0019873274, -0.00064238906, 0.0023684306, 39.5, 0.48932526, 11.657252
2262, 975, -0.0011999999405816197, -0.9691999520291574, False, 3.0780907, -0.0029264432, -0.000997439, 0.004338503, 39.5, 0.48887515, 11.661718
2262, 976, -0.0011999999405816197, -0.970399951969739, False, 2.9580908, -0.026268318, -1.4901161e-08, 0.04940192, 39.5, 0.48844486, 11.667693
2262, 977, -0.0011999999405816197, -0.9715999519103207, False, 2.838091, -0.13517256, 0.0, 0.33455104, 39.5, 0.48870623, 11.681948
2262, 978, -0.0011999999405816197, -0.9727999518509023, False, 2.718091, -0.2579586, 0.0, 0.89956445, 39.5, 0.4892576, 11.724543
2262, 979, -0.0011999999405816197, -0.9739999517914839, False, 2.5980911, -0.055410914, 0.0, 0.31422752, 39.5, 0.48999408, 11.75445
2262, 980, -0.0011999999405816197, -0.9751999517320655, False, 2.4780912, -0.17326742, 0.0, -2.187339, 39.485725, 0.48999998, 11.673101
2262, 981, -0.0011999999405816197, -0.9763999516726471, False, 2.3580914, -0.51262265, 0.0, -4.433021, 39.463623, 0.48999998, 11.450824
2262, 982, -0.0011999999405816197, -0.9775999516132288, False, 2.2380915, -0.5627283, 0.0, -0.84365606, 39.439465, 0.48999998, 11.327153
2262, 983, -0.0011999999405816197, -0.9787999515538104, False, 2.1180916, -0.24733528, 0.0, 1.8387972, 39.40596, 0.48999998, 11.381075
2262, 984, -0.0011999999405816197, -0.979999951494392, False, 1.9980917, 0.13601625, 0.0, 4.155495, 39.341618, 0.48999998, 11.574974
2262, 985, -0.0011999999405816197, -0.9811999514349736, False, 1.8780918, 0.6711643, 0.0, 6.2112164, 39.231834, 0.48999998, 11.890407
2262, 986, -0.0011999999405816197, -0.9823999513755552, False, 1.7580919, -0.17161989, 0.0, 8.139828, 39.070007, 0.48999998, 12.311732
2262, 987, -0.0011999999405816197, -0.9835999513161369, False, 1.638092, 0.7833946, 0.0, 9.8333, 38.86782, 0.48999998, 12.831999
2262, 988, -0.0011999999405816197, -0.9847999512567185, False, 1.5180922, 0.68873763, 0.0, 11.400941, 38.620186, 0.48999998, 13.438175
2262, 989, -0.0011999999405816197, -0.9859999511973001, False, 1.3980923, -0.637095, 0.0, 12.823349, 38.33172, 0.48999998, 14.12244
2262, 990, -0.0011999999405816197, -0.9871999511378817, False, 1.2780924, -0.563684, 0.0, 14.112613, 38.017628, 0.48999998, 14.882377
2262, 991, -0.0011999999405816197, -0.9883999510784633, False, 1.1580925, -0.49973154, 0.0, 15.281922, 37.682518, 0.48999998, 15.711821
2262, 992, -0.0011999999405816197, -0.989599951019045, False, 1.0380926, -0.4437275, 0.0, 16.342468, 37.328217, 0.48999998, 16.60426
2262, 993, -0.0011999999405816197, -0.9907999509596266, False, 0.91809255, -0.39448786, 0.0, 17.304388, 36.95642, 0.48999998, 17.553802
2262, 994, -0.0011999999405816197, -0.9919999509002082, False, 0.7980925, -0.35106564, 0.0, 18.176855, 36.56867, 0.48999998, 18.55511
2262, 995, -0.0011999999405816197, -0.9931999508407898, False, 0.6780924, -2.194497, 0.0, 18.839073, 36.168915, 0.48999998, 19.604193
2262, 996, -0.0011999999405816197, -0.9943999507813714, False, 0.55809236, -3.8916323, 0.0, 19.266373, 35.77254, 0.48999998, 20.70073
2262, 997, -0.0011999999405816197, -0.9955999507219531, False, 0.43809235, -3.4703877, 0.0, 19.961777, 35.39344, 0.48999998, 21.843199
2262, 998, -0.0011999999405816197, -0.9967999506625347, False, 0.31809238, -5.1323237, 0.0, 20.16213, 35.034687, 0.48999998, 23.02789
2262, 999, -0.0011999999405816197, -0.9979999506031163, False, 0.1980924, -6.628082, 0.0, 20.192099, 34.70887, 0.48999998, 24.25181
2262, 1000, -0.0011999999405816197, -0.9991999505436979, False, 0.07809241, -7.9608192, 0.0, 20.084642, 34.429802, 0.48999998, 25.510794
2262, 1001, -0.0007999999797903001, -0.9999999505234882, True, 0.0, -9.06344, 0.0, 19.719128, 34.349335, 0.48999998, 25.937315
