episode, step, reward, cumulative reward, done, health, vx, vy, vz, px, py, pz
1620, 1, 0.0, 0.0, False, 99.96, 0.0, -0.1899216, 0.0, 20.0, 0.50620157, 5.0
1620, 2, -0.0011999999405816197, -0.0011999999405816197, False, 99.84, 0.0, -0.06980896, 1.5125134, 20.0, 0.49034908, 5.047178
1620, 3, -0.0011999999405816197, -0.0023999998811632395, False, 99.71999, -0.054273702, -0.0005579144, -1.3444685, 20.002277, 0.4900028, 5.017154
1620, 4, -0.0011999999405816197, -0.0035999998217448592, False, 99.59999, 0.040318877, -4.7683716e-06, 1.4756892, 19.99422, 0.49000004, 5.054345
1620, 5, -0.0011999999405816197, -0.004799999762326479, False, 99.47999, 0.33572346, 0.0, 3.802371, 19.955647, 0.49000004, 5.233482
1620, 6, -0.0011999999405816197, -0.005999999702908099, False, 99.359985, 0.80618274, 0.0, 5.875374, 19.87326, 0.49000004, 5.5369983
1620, 7, -0.0011999999405816197, -0.0071999996434897184, False, 99.23998, 1.4121697, 0.0, 7.7034583, 19.735767, 0.49000004, 5.9473057
1620, 8, -0.0011999999405816197, -0.008399999584071338, False, 99.11998, 2.118134, 0.0, 9.298238, 19.533709, 0.49000004, 6.446847
1620, 9, -0.0011999999405816197, -0.009599999524652958, False, 98.99998, 2.8929653, 0.0, 10.673494, 19.259445, 0.49000004, 7.018184
1620, 10, -0.0011999999405816197, -0.010799999465234578, False, 98.879974, 3.7098556, 0.0, 11.844538, 18.907133, 0.49000004, 7.644095
1620, 11, -0.0011999999405816197, -0.011999999405816197, False, 98.75997, 4.546053, 0.0, 12.827654, 18.472702, 0.49000004, 8.30768
1620, 12, -0.0011999999405816197, -0.013199999346397817, False, 98.63997, 5.3825555, 0.0, 13.639624, 17.953815, 0.49000004, 8.992472
1620, 13, -0.0011999999405816197, -0.014399999286979437, False, 98.519966, 6.2038026, 0.0, 14.297327, 17.349821, 0.49000004, 9.682543
1620, 14, -0.0011999999405816197, -0.015599999227561057, False, 98.39996, 6.9973345, 0.0, 14.81741, 16.661695, 0.49000004, 10.362628
1620, 15, -0.0011999999405816197, -0.016799999168142676, False, 98.27996, 7.753477, 0.0, 15.216012, 15.891958, 0.49000004, 11.018225
1620, 16, -0.0011999999405816197, -0.017999999108724296, False, 98.15996, 5.253475, 0.0, 16.951061, 15.045686, 0.49000004, 11.6409235
1620, 17, -0.0011999999405816197, -0.019199999049305916, False, 98.039955, 6.419737, 0.0, 17.288841, 14.132539, 0.49000004, 12.241668
1620, 18, -0.0011999999405816197, -0.020399998989887536, False, 97.91995, 3.8862534, 0.0, 18.685476, 13.157414, 0.49000004, 12.816387
1620, 19, -0.0011999999405816197, -0.021599998930469155, False, 97.79995, 1.5127039, 0.0, 19.6984, 12.129971, 0.49000004, 13.380196
1620, 20, -0.0011999999405816197, -0.022799998871050775, False, 97.67995, 3.3695192, 0.0, 20.103996, 11.059412, 0.49000004, 13.946013
1620, 21, -0.0011999999405816197, -0.023999998811632395, False, 97.559944, 5.0565577, 0.0, 20.299524, 9.945693, 0.49000004, 14.502184
1620, 22, -0.0011999999405816197, -0.025199998752214015, False, 97.43994, 2.403184, 0.0, 21.26659, 8.789632, 0.49000004, 15.038302
1620, 23, -0.0011999999405816197, -0.026399998692795634, False, 97.31994, 4.3106165, 0.0, 21.436256, 7.5972133, 0.49000004, 15.563583
1620, 24, -0.0011999999405816197, -0.027599998633377254, False, 97.199936, 4.226847, 0.0, 13.51269, 6.6888714, 0.49000004, 15.956087
1620, 25, -0.0011999999405816197, -0.028799998573958874, False, 97.07993, 5.1691713, 0.0, 14.283953, 5.8570776, 0.49000004, 16.27626
1620, 26, -0.0011999999405816197, -0.029999998514540493, False, 96.95993, 3.0474138, 0.0, 15.855355, 4.952823, 0.49000004, 16.56551
1620, 27, -0.0011999999405816197, -0.031199998455122113, False, 96.83993, 2.7085428, 0.0, 16.867167, 3.9836926, 0.49000004, 16.837393
1620, 28, -0.0011999999405816197, -0.03239999839570373, False, 96.719925, 0.63685894, 0.0, 17.945625, 2.9564157, 0.49000004, 17.099257
1620, 29, -0.0011999999405816197, -0.03359999833628535, False, 96.59992, -1.2976213, 0.0, 18.722605, 1.8790308, 0.49000004, 17.36715
1620, 30, -0.0011999999405816197, -0.03479999827686697, False, 96.47992, -3.0853124, 0.0, 19.243753, 0.760751, 0.49000004, 17.657448
1620, 31, -0.0011999999405816197, -0.03599999821744859, False, 96.35992, 0.0, 0.0, 0.0, 0.49522465, 0.49, 17.76261
1620, 32, -0.0011999999405816197, -0.03719999815803021, False, 96.239914, 0.0, 0.0, 0.0, 0.4999618, 0.49, 17.76301
1620, 33, -0.0011999999405816197, -0.03839999809861183, False, 96.11991, 0.00014608524, -4.7296286e-05, 0.00013153433, 0.49999973, 0.48999125, 17.763248
1620, 34, -0.0011999999405816197, -0.03959999803919345, False, 95.99991, 0.00044122347, -0.00013718009, 0.00039727514, 0.5, 0.48974833, 17.76459
1620, 35, -0.0011999999405816197, -0.04079999797977507, False, 95.879906, 0.0015836147, -0.0005083233, 0.0017587648, 0.5, 0.48947066, 17.766544
1620, 36, -0.0011999999405816197, -0.04199999792035669, False, 95.7599, 0.0011336803, -1.4901161e-08, -2.4791553, 0.56689173, 0.48999578, 17.692364
1620, 37, -0.0011999999405816197, -0.04319999786093831, False, 95.6399, 0.0009431839, -1.4901161e-08, -4.729718, 0.727358, 0.48999998, 17.51424
1620, 38, -0.0011999999405816197, -0.04439999780151993, False, 95.5199, 0.0008087158, -1.4901161e-08, -6.771067, 0.97251457, 0.48999998, 17.242046
1620, 39, -0.0011999999405816197, -0.04559999774210155, False, 95.399895, 0.0007019043, -1.4901161e-08, -8.62265, 1.2944881, 0.48999998, 16.88453
1620, 40, -0.0011999999405816197, -0.04679999768268317, False, 95.27989, -0.5642109, -1.4901161e-08, -5.3723044, 1.5505383, 0.48999998, 16.600206
1620, 41, -0.0011999999405816197, -0.04799999762326479, False, 95.15989, -0.7235461, -1.4901161e-08, -1.6741108, 1.6593888, 0.48999998, 16.459026
1620, 42, -0.0011999999405816197, -0.04919999756384641, False, 95.03989, -0.47848508, -1.4901161e-08, 1.1455367, 1.6269027, 0.48999998, 16.446918
1620, 43, -0.0011999999405816197, -0.05039999750442803, False, 94.91988, -0.25003886, -1.4901161e-08, 0.4572721, 1.5850472, 0.48999998, 16.4616
1620, 44, -0.0011999999405816197, -0.05159999744500965, False, 94.79988, -0.03277898, -1.4901161e-08, -2.0902412, 1.6257236, 0.48999998, 16.397018
1620, 45, -0.0011999999405816197, -0.05279999738559127, False, 94.67988, 0.029805958, -1.4901161e-08, 0.8535268, 1.6253403, 0.48999998, 16.394539
1620, 46, -0.0011999999405816197, -0.05399999732617289, False, 94.559875, 0.26829684, -1.4901161e-08, 3.2420382, 1.5253626, 0.48999998, 16.504011
1620, 47, -0.0011999999405816197, -0.05519999726675451, False, 94.43987, 0.6946223, -1.4901161e-08, 5.3759456, 1.323205, 0.48999998, 16.701832
1620, 48, -0.0011999999405816197, -0.05639999720733613, False, 94.31987, -0.075576305, -1.4901161e-08, 7.388535, 1.0211709, 0.48999998, 16.971176
1620, 49, -0.0011999999405816197, -0.05759999714791775, False, 94.19987, -0.9270444, -1.4901161e-08, 9.132923, 0.63686055, 0.48999998, 17.31519
1620, 50, -0.0011999999405816197, -0.05879999708849937, False, 94.079865, 0.90798444, -1.4901161e-08, 1.0084088, 0.4997572, 0.487036, 17.522114
1620, 51, -0.0011999999405816197, -0.05999999702908099, False, 93.95986, 0.61101586, -1.4901161e-08, -1.7037416, 0.56316274, 0.4899763, 17.510462
1620, 52, -0.0011999999405816197, -0.06119999696966261, False, 93.83986, 0.4990878, -1.4901161e-08, -4.031289, 0.7182659, 0.48999986, 17.38589
1620, 53, -0.0011999999405816197, -0.062399996910244226, False, 93.71986, 0.4252653, -1.4901161e-08, -6.138726, 0.95712036, 0.49, 17.160805
1620, 54, -0.0011999999405816197, -0.06359999685082585, False, 93.59985, -0.1339817, -1.4901161e-08, -3.7667484, 1.1508365, 0.49, 16.973494
1620, 55, -0.0011999999405816197, -0.06479999679140747, False, 93.47985, -0.18193552, -1.4901161e-08, -0.27265722, 1.2084868, 0.49, 16.910307
1620, 56, -0.0011999999405816197, -0.06599999673198909, False, 93.35985, -0.2629189, -1.4901161e-08, 2.2189415, 1.1363325, 0.49, 16.955812
1620, 57, -0.0011999999405816197, -0.0671999966725707, False, 93.239845, -0.09791556, -1.4901161e-08, -0.83229256, 1.1245195, 0.49, 16.951338
1620, 58, -0.0011999999405816197, -0.06839999661315233, False, 93.11984, 0.16676986, -1.4901161e-08, -3.233735, 1.2173543, 0.49, 16.83702
1620, 59, -0.0011999999405816197, -0.06959999655373394, False, 92.99984, 0.0, -1.4901161e-08, 0.0, 1.256159, 0.49, 16.792278
1620, 60, -0.0011999999405816197, -0.07079999649431556, False, 92.87984, 0.16571903, -1.4901161e-08, 2.4744325, 1.1872141, 0.49, 16.865099
1620, 61, -0.0011999999405816197, -0.07199999643489718, False, 92.759834, -0.26009464, -1.4901161e-08, 4.7215557, 1.0168939, 0.49, 17.033756
1620, 62, -0.0011999999405816197, -0.0731999963754788, False, 92.63983, -0.22308064, -1.4901161e-08, 6.7639165, 0.7616111, 0.49, 17.296232
1620, 63, -0.0011999999405816197, -0.07439999631606042, False, 92.51983, 0.6095619, -1.4901161e-08, 8.59677, 0.42896408, 0.49, 17.643513
1620, 64, -0.0011999999405816197, -0.07559999625664204, False, 92.399826, 0.5517408, -1.4901161e-08, 0.49678433, 0.4994317, 0.4868398, 17.705114
1620, 65, -0.0011999999405816197, -0.07679999619722366, False, 92.27982, 0.0, 0.0, 0.0, 0.49999547, 0.48772794, 17.71042
1620, 66, -0.0011999999405816197, -0.07799999613780528, False, 92.15982, 0.0, 0.0, 0.0, 0.49999997, 0.4886534, 17.710434
1620, 67, -0.0011999999405816197, -0.0791999960783869, False, 92.03982, 0.0, 0.0, 0.0, 0.49999997, 0.4892018, 17.710457
1620, 68, -0.0011999999405816197, -0.08039999601896852, False, 91.919815, 0.0, 0.0, 0.0, 0.49999997, 0.48952687, 17.710491
1620, 69, -0.0011999999405816197, -0.08159999595955014, False, 91.79981, 2.181731e-08, -1.4901161e-08, 8.1421334e-08, 0.49999997, 0.48971957, 17.710531
1620, 70, -0.0011999999405816197, -0.08279999590013176, False, 91.67981, 2.580966e-08, -1.4901161e-08, 1.4901005e-08, 0.49999997, 0.48983377, 17.710596
1620, 71, -0.0011999999405816197, -0.08399999584071338, False, 91.55981, 0.0, 0.0, 0.0, 0.49999997, 0.48990148, 17.710686
1620, 72, -0.0011999999405816197, -0.085199995781295, False, 91.439804, 0.0, 0.0, 0.0, 0.49999997, 0.48994163, 17.710754
1620, 73, -0.0011999999405816197, -0.08639999572187662, False, 91.3198, 0.0, 0.0, 0.0, 0.49999997, 0.48996538, 17.71082
1620, 74, -0.0011999999405816197, -0.08759999566245824, False, 91.1998, 0.0, 0.0, 0.0, 0.49999997, 0.48997948, 17.71094
1620, 75, -0.0011999999405816197, -0.08879999560303986, False, 91.079796, 0.0, 0.0, 0.0, 0.49999997, 0.48998785, 17.711103
1620, 76, -0.0011999999405816197, -0.08999999554362148, False, 90.95979, 0.00012681694, -4.10676e-05, 0.000114185095, 0.49999997, 0.48998886, 17.711323
1620, 77, -0.0011999999405816197, -0.0911999954842031, False, 90.83979, 0.00044024928, -0.00013688207, 0.00039639737, 0.49999997, 0.48974815, 17.712656
1620, 78, -0.0011999999405816197, -0.09239999542478472, False, 90.71979, 0.000315547, 0.0, -2.4805932, 0.5744326, 0.489998, 17.645666
1620, 79, -0.0011999999405816197, -0.09359999536536634, False, 90.599785, -0.0055859387, 0.0, 0.6665925, 0.58582616, 0.49, 17.632818
1620, 80, -0.0011999999405816197, -0.09479999530594796, False, 90.47978, 0.22328973, 0.0, 3.0763102, 0.47273147, 0.49, 17.71149
1620, 81, -0.0011999999405816197, -0.09599999524652958, False, 90.35978, 2.7225864e-08, -1.4901161e-08, 1.2121502e-08, 0.49978185, 0.49, 17.712145
1620, 82, -0.0011999999405816197, -0.0971999951871112, False, 90.23978, 0.0, 0.0, 0.0, 0.49999827, 0.49, 17.712248
1620, 83, -0.0011999999405816197, -0.09839999512769282, False, 90.119774, 0.0, 0.0, 0.0, 0.5, 0.49, 17.712328
1620, 84, -0.0011999999405816197, -0.09959999506827444, False, 89.99977, -2.5809676e-08, 1.4901161e-08, -1.49009765e-08, 0.5, 0.49, 17.712458
1620, 85, -0.0011999999405816197, -0.10079999500885606, False, 89.87977, -4.8221416e-08, 2.9802322e-08, -3.5034397e-08, 0.5, 0.49, 17.71263
1620, 86, -0.0011999999405816197, -0.10199999494943768, False, 89.759766, 0.00014577535, -4.720688e-05, 0.00013125493, 0.5, 0.48999104, 17.712868
1620, 87, -0.0011999999405816197, -0.1031999948900193, False, 89.63976, 4.822142e-08, -2.9802322e-08, 3.5034393e-08, 0.5, 0.48988888, 17.713623
1620, 88, -0.0011999999405816197, -0.10439999483060092, False, 89.51976, 0.0, 0.0, 0.0, 0.5, 0.48993412, 17.71377
1620, 89, -0.0011999999405816197, -0.10559999477118254, False, 89.39976, 2.7225875e-08, 0.0, 1.2121479e-08, 0.5, 0.48996094, 17.713892
1620, 90, -0.0011999999405816197, -0.10679999471176416, False, 89.279755, 0.0, 0.0, 0.0, 0.5, 0.48997682, 17.713978
1620, 91, -0.0011999999405816197, -0.10799999465234578, False, 89.15975, 0.0, 0.0, 0.0, 0.5, 0.48998627, 17.714033
1620, 92, -0.0011999999405816197, -0.1091999945929274, False, 89.03975, 6.229836e-09, 0.0, -5.927819e-08, 0.5, 0.48999184, 17.714052
1620, 93, -0.0011999999405816197, -0.11039999453350902, False, 88.91975, -5.6132876e-13, 0.0, -5.9604645e-08, 0.5, 0.4899952, 17.714052
1620, 94, -0.0011999999405816197, -0.11159999447409064, False, 88.79974, 6.230948e-09, 0.0, 5.9278065e-08, 0.5, 0.48999715, 17.714052
1620, 95, -0.0011999999405816197, -0.11279999441467226, False, 88.67974, 0.0, 0.0, 0.0, 0.5, 0.4899983, 17.714052
1620, 96, -0.0011999999405816197, -0.11399999435525388, False, 88.55974, 0.0, 0.0, 0.0, 0.5, 0.489999, 17.714052
1620, 97, -0.0011999999405816197, -0.1151999942958355, False, 88.439735, 0.16571966, 0.0, -2.4744325, 0.5994369, 0.48999998, 17.701078
1620, 98, -0.0011999999405816197, -0.11639999423641711, False, 88.31973, 0.08737409, 0.0, 0.66820556, 0.6181139, 0.48999998, 17.705776
1620, 99, -0.0011999999405816197, -0.11759999417699873, False, 88.19973, -0.16044033, 0.0, 3.0847328, 0.48915574, 0.48999998, 17.754957
1620, 100, -0.0011999999405816197, -0.11879999411758035, False, 88.07973, 0.0, 0.0, 0.0, 0.49991322, 0.49, 17.755459
1620, 101, -0.0011999999405816197, -0.11999999405816197, False, 87.959724, 4.8221462e-08, -1.4901161e-08, 3.503433e-08, 0.4999993, 0.49, 17.75563
1620, 102, -0.0011999999405816197, -0.1211999939987436, False, 87.83972, 0.00014573123, -4.7191978e-05, 0.00013121485, 0.49999997, 0.48999107, 17.755869
1620, 103, -0.0011999999405816197, -0.12239999393932521, False, 87.71972, 0.00010430813, 0.0, -2.4808826, 0.5745443, 0.48999995, 17.688759
1620, 104, -0.0011999999405816197, -0.12359999387990683, False, 87.59972, 0.0058090985, 0.0, 0.6663437, 0.5885368, 0.49, 17.67877
1620, 105, -0.0011999999405816197, -0.12479999382048845, False, 87.47971, 0.0029020905, 0.0, -1.876644, 0.630731, 0.49, 17.6322
1620, 106, -0.0011999999405816197, -0.12599999376107007, False, 87.35971, 0.0023787022, 0.0, -4.183217, 0.76859343, 0.49, 17.479317
1620, 107, -0.0011999999405816197, -0.1271999937016517, False, 87.23971, 0.25919986, 0.0, -2.4526994, 0.88855976, 0.49, 17.346233
1620, 108, -0.0011999999405816197, -0.1283999936422333, False, 87.119705, 0.116563946, 0.0, 0.6591547, 0.9047052, 0.49, 17.337776
1620, 109, -0.0011999999405816197, -0.12959999358281493, False, 86.9997, 0.090269566, 0.0, 3.0793154, 0.81709665, 0.49, 17.443796
1620, 110, -0.0011999999405816197, -0.13079999352339655, False, 86.8797, 0.5297198, 0.0, 5.2445507, 0.63577735, 0.49, 17.648476
1620, 111, -0.0011999999405816197, -0.13199999346397817, False, 86.7597, 1.0802704, -0.04194227, 0.97266436, 0.49254605, 0.48933548, 17.853891
1620, 112, -0.0011999999405816197, -0.1331999934045598, False, 86.639694, 0.0013943247, -0.00029805303, 0.0012554347, 0.49994037, 0.4877501, 17.880476
1620, 113, -0.0011999999405816197, -0.1343999933451414, False, 86.51969, -0.16459417, 0.0, -2.4732459, 0.5751032, 0.48998198, 17.816256
1620, 114, -0.0011999999405816197, -0.13559999328572303, False, 86.39969, -0.08654778, 0.0, 0.6692172, 0.5840775, 0.48999986, 17.799322
1620, 115, -0.0011999999405816197, -0.13679999322630465, False, 86.279686, -0.07907766, -0.03703694, 0.77916485, 0.5033842, 0.48928034, 17.842966
1620, 116, -0.0011999999405816197, -0.13799999316688627, False, 86.15968, -0.0023449701, 1.4901161e-08, 0.004901058, 0.500027, 0.48957345, 17.84323
1620, 117, -0.0011999999405816197, -0.1391999931074679, False, 86.03968, -1.5515438e-05, 0.0, 3.484914e-05, 0.50000024, 0.48974717, 17.843254
1620, 118, -0.0011999999405816197, -0.1403999930480495, False, 85.91968, 0.0, 0.0, 0.0, 0.50000006, 0.4898501, 17.843306
1620, 119, -0.0011999999405816197, -0.14159999298863113, False, 85.799675, 0.0, 0.0, 0.0, 0.50000006, 0.4899112, 17.843426
1620, 120, -0.0011999999405816197, -0.14279999292921275, False, 85.67967, 0.0, 0.0, 0.0, 0.50000006, 0.48994735, 17.843603
1620, 121, -0.0011999999405816197, -0.14399999286979437, False, 85.55967, 0.0004241713, -0.00013184547, 0.00038191854, 0.50000006, 0.48974508, 17.844816
1620, 122, -0.0011999999405816197, -0.145199992810376, False, 85.43967, 0.0, 0.0, 0.0, 0.50000006, 0.48981327, 17.845123
1620, 123, -0.0011999999405816197, -0.1463999927509576, False, 85.319664, 2.9801818e-08, 0.0, -5.161943e-08, 0.50000006, 0.48988932, 17.845243
1620, 124, -0.0011999999405816197, -0.14759999269153923, False, 85.19966, -2.4242834e-08, 0.0, 5.4451803e-08, 0.50000006, 0.4899344, 17.845352
1620, 125, -0.0011999999405816197, -0.14879999263212085, False, 85.07966, -0.16571951, 0.0, -2.4744322, 0.59256727, 0.48999944, 17.806887
1620, 126, -0.0011999999405816197, -0.14999999257270247, False, 84.959656, -0.08737429, 0.0, 0.6682058, 0.60639226, 0.49, 17.79348
1620, 127, -0.0011999999405816197, -0.1511999925132841, False, 84.83965, 0.16044092, 0.0, 3.0847335, 0.4701206, 0.49, 17.815365
1620, 128, -0.0011999999405816197, -0.1523999924538657, False, 84.71965, 0.0, 1.4901161e-08, 0.0, 0.499761, 0.49, 17.815487
1620, 129, -0.0011999999405816197, -0.15359999239444733, False, 84.59965, 2.8343798e-08, -1.4901161e-08, 9.209103e-09, 0.49999806, 0.49, 17.815546
1620, 130, -0.0011999999405816197, -0.15479999233502895, False, 84.479645, 0.0, 0.0, 0.0, 0.5, 0.49, 17.815626
1620, 131, -0.0011999999405816197, -0.15599999227561057, False, 84.35964, 0.0, 0.0, 0.0, 0.5, 0.49, 17.815756
1620, 132, -0.0011999999405816197, -0.15719999221619219, False, 84.23964, 4.822156e-08, -1.4901161e-08, 3.5034205e-08, 0.5, 0.49, 17.815928
1620, 133, -0.0011999999405816197, -0.1583999921567738, False, 84.11964, 0.00014577585, -4.7191978e-05, 0.00013125438, 0.5, 0.48999107, 17.816166
1620, 134, -0.0011999999405816197, -0.15959999209735543, False, 83.99963, 0.0016951789, -0.0005440563, 0.0018826479, 0.5, 0.48949015, 17.81881
1620, 135, -0.0011999999405816197, -0.16079999203793705, False, 83.87963, 0.001213789, -1.4901161e-08, -2.4790237, 0.5668983, 0.48999593, 17.74463
1620, 136, -0.0011999999405816197, -0.16199999197851866, False, 83.75963, 0.0010099411, -1.4901161e-08, -4.7295985, 0.7273637, 0.48999998, 17.566515
1620, 137, -0.0011999999405816197, -0.16319999191910028, False, 83.639626, 0.0008661747, -1.4901161e-08, -6.770959, 0.97251993, 0.48999998, 17.294327
1620, 138, -0.0011999999405816197, -0.1643999918596819, False, 83.51962, 0.00075387955, -1.4901161e-08, -8.622552, 1.2944937, 0.48999998, 16.936815
1620, 139, -0.0011999999405816197, -0.16559999180026352, False, 83.39962, -0.58535385, -1.4901161e-08, -4.645109, 1.532089, 0.48999998, 16.669107
1620, 140, -0.0011999999405816197, -0.16679999174084514, False, 83.27962, -0.6488147, -1.4901161e-08, -1.0271419, 1.6104333, 0.48999998, 16.554848
1620, 141, -0.0011999999405816197, -0.16799999168142676, False, 83.159615, -0.31776732, -1.4901161e-08, 1.7191157, 1.5524819, 0.48999998, 16.560223
1620, 142, -0.0011999999405816197, -0.16919999162200838, False, 83.03961, 0.068363905, -1.4901161e-08, 4.054108, 1.3722873, 0.48999998, 16.642126
1620, 143, -0.0011999999405816197, -0.17039999156259, False, 82.91961, 0.6041293, -1.4901161e-08, 6.125755, 1.0728434, 0.48999998, 16.77661
1620, 144, -0.0011999999405816197, -0.17159999150317162, False, 82.79961, 1.2626474, -1.4901161e-08, 7.946755, 0.65917265, 0.48999998, 16.942879
1620, 145, -0.0011999999405816197, -0.17279999144375324, False, 82.6796, 0.0, 0.0, 0.0, 0.49987882, 0.49, 17.002598
1620, 146, -0.0011999999405816197, -0.17399999138433486, False, 82.5596, 0.0, 1.4901161e-08, 0.0, 0.49999905, 0.49, 17.002642
1620, 147, -0.0011999999405816197, -0.17519999132491648, False, 82.4396, 0.0, 0.0, 0.0, 0.49999997, 0.49, 17.00269
1620, 148, -0.0011999999405816197, -0.1763999912654981, False, 82.319595, 0.0, 0.0, 0.0, 0.49999997, 0.49, 17.00277
1620, 149, -0.0011999999405816197, -0.17759999120607972, False, 82.19959, 0.0, 0.0, 0.0, 0.49999997, 0.49, 17.0029
1620, 150, -0.0011999999405816197, -0.17879999114666134, False, 82.07959, 0.0, 0.0, 0.0, 0.49999997, 0.49, 17.00307
1620, 151, -0.0011999999405816197, -0.17999999108724296, False, 81.95959, 0.00014569181, -4.7191978e-05, 0.00013125865, 0.49999997, 0.48999107, 17.00331
1620, 152, -0.0011999999405816197, -0.18119999102782458, False, 81.839584, 0.16580808, 0.0, -2.4742773, 0.57281494, 0.48999995, 16.93438
1620, 153, -0.0011999999405816197, -0.1823999909684062, False, 81.71958, 0.13795662, 0.0, -4.7255373, 0.73958796, 0.49, 16.762285
1620, 154, -0.0011999999405816197, -0.18359999090898782, False, 81.59958, 0.7273071, 0.0, -6.725206, 0.98810637, 0.49, 16.493525
1620, 155, -0.0011999999405816197, -0.18479999084956944, False, 81.479576, 0.87991786, 0.0, -4.079308, 1.1878155, 0.49, 16.273067
1620, 156, -0.0011999999405816197, -0.18599999079015106, False, 81.35957, 0.48313013, 0.0, -0.656462, 1.2757486, 0.49, 16.2042
1620, 157, -0.0011999999405816197, -0.18719999073073268, False, 81.23957, 0.41084945, 0.0, 1.899462, 1.2511001, 0.49, 16.268215
1620, 158, -0.0011999999405816197, -0.1883999906713143, False, 81.11957, 0.678609, 0.0, 4.1545353, 1.12656, 0.49, 16.434845
1620, 159, -0.0011999999405816197, -0.18959999061189592, False, 80.999565, 0.020037174, 0.0, 6.285251, 0.9045905, 0.49, 16.68748
1620, 160, -0.0011999999405816197, -0.19079999055247754, False, 80.87956, 0.77439404, 0.0, 8.142736, 0.59983283, 0.49, 17.02364
1620, 161, -0.0011999999405816197, -0.19199999049305916, False, 80.75956, 1.0301276, -1.4901161e-08, 1.1440462, 0.49919537, 0.4869313, 17.229605
1620, 162, -0.0011999999405816197, -0.19319999043364078, False, 80.63956, 0.6258471, 0.0, -1.6827091, 0.56506383, 0.48997548, 17.228334
1620, 163, -0.0011999999405816197, -0.1943999903742224, False, 80.519554, 0.40640843, 0.0, 1.1428654, 0.5672499, 0.4899998, 17.258783
1620, 164, -0.0011999999405816197, -0.19559999031480402, False, 80.39955, 0.24734525, -0.020327583, 0.22270507, 0.49995226, 0.4892057, 17.33938
1620, 165, -0.0011999999405816197, -0.19679999025538564, False, 80.27955, 0.0, 0.0, 0.0, 0.4999996, 0.4891513, 17.342596
1620, 166, -0.0011999999405816197, -0.19799999019596726, False, 80.159546, -0.16571951, 0.0, -2.4744325, 0.5686053, 0.48999324, 17.270153
1620, 167, -0.0011999999405816197, -0.19919999013654888, False, 80.03954, -0.06985909, 0.0, 0.65701574, 0.5783115, 0.48999995, 17.255514
1620, 168, -0.0011999999405816197, -0.2003999900771305, False, 79.91954, -0.028681733, 0.0, 0.13413842, 0.5651124, 0.49, 17.26737
1620, 169, -0.0011999999405816197, -0.20159999001771212, False, 79.79954, 0.15722609, 0.0, 2.5977592, 0.49860305, 0.49, 17.352293
1620, 170, -0.0011999999405816197, -0.20279998995829374, False, 79.679535, 0.0003777951, -9.24021e-05, 0.0003401601, 0.49998882, 0.48841557, 17.379663
1620, 171, -0.0011999999405816197, -0.20399998989887536, False, 79.55953, 0.0, 0.0, 0.0, 0.49999994, 0.48906094, 17.379686
1620, 172, -0.0011999999405816197, -0.20519998983945698, False, 79.43953, 3.9882764e-08, 0.0, -4.429536e-08, 0.5, 0.48944345, 17.379715
1620, 173, -0.0011999999405816197, -0.2063999897800386, False, 79.31953, 2.3841858e-07, 0.0, -2.4810266, 0.57430446, 0.48999557, 17.312813
1620, 174, -0.0011999999405816197, -0.20759998972062021, False, 79.199524, 0.005777478, 0.0, 0.6662121, 0.58829844, 0.48999995, 17.30282
1620, 175, -0.0011999999405816197, -0.20879998966120183, False, 79.07952, 0.002886951, 0.0, -1.8767633, 0.63049704, 0.49, 17.256243
1620, 176, -0.0011999999405816197, -0.20999998960178345, False, 78.95952, 0.0023665428, 0.0, -4.183325, 0.76836395, 0.49, 17.103355
1620, 177, -0.0011999999405816197, -0.21119998954236507, False, 78.839516, 0.0020198822, 0.0, -6.275467, 0.9930167, 0.49, 16.85405
1620, 178, -0.0011999999405816197, -0.2123999894829467, False, 78.71951, -0.40118384, 0.0, -3.8288584, 1.1771338, 0.49, 16.649706
1620, 179, -0.0011999999405816197, -0.2135999894235283, False, 78.59951, 0.0007238388, 0.0, -2.2459035, 1.2868403, 0.49, 16.527946
1620, 180, -0.0011999999405816197, -0.21479998936410993, False, 78.47951, 0.0005993843, 0.0, -4.5181494, 1.4385151, 0.49, 16.359556
1620, 181, -0.0011999999405816197, -0.21599998930469155, False, 78.359505, -0.18737453, 0.0, -0.9440401, 1.5217994, 0.49, 16.263514
1620, 182, -0.0011999999405816197, -0.21719998924527317, False, 78.2395, 0.031833887, 0.0, 1.7050744, 1.4790657, 0.49, 16.293634
1620, 183, -0.0011999999405816197, -0.2183999891858548, False, 78.1195, 0.350639, 0.0, 4.0100083, 1.3198401, 0.49, 16.408176
1620, 184, -0.0011999999405816197, -0.2195999891264364, False, 77.9995, 0.8391025, 0.0, 6.061297, 1.0458246, 0.49, 16.585163
1620, 185, -0.0011999999405816197, -0.22079998906701803, False, 77.87949, 1.4589064, 0.0, 7.868171, 0.660285, 0.49, 16.804
1620, 186, -0.0011999999405816197, -0.22199998900759965, False, 77.75949, -0.022566237, 1.4901161e-08, 0.057834018, 0.50031006, 0.49, 16.883572
1620, 187, -0.0011999999405816197, -0.22319998894818127, False, 77.63949, -0.00021718041, 1.4901161e-08, 0.00044716973, 0.5000025, 0.49, 16.883703
1620, 188, -0.0011999999405816197, -0.2243999888887629, False, 77.519485, -2.4651772e-06, -2.9802322e-08, 4.102969e-06, 0.5, 0.49, 16.883875
1620, 189, -0.0011999999405816197, -0.2255999888293445, False, 77.39948, 0.00014564325, -4.7147274e-05, 0.00013113441, 0.5, 0.48999107, 16.884113
1620, 190, -0.0011999999405816197, -0.22679998876992613, False, 77.27948, 0.00010454655, 0.0, -2.4808826, 0.57454467, 0.48999995, 16.817003
1620, 191, -0.0011999999405816197, -0.22799998871050775, False, 77.15948, -0.005713731, 0.0, 0.6663389, 0.5859457, 0.49, 16.804138
1620, 192, -0.0011999999405816197, -0.22919998865108937, False, 77.039474, -0.23196924, 0.0, 3.0751503, 0.47585303, 0.49, 16.886917
1620, 193, -0.0011999999405816197, -0.230399988591671, False, 76.91947, 4.8221626e-08, 0.0, 3.5034105e-08, 0.4998068, 0.489687, 16.889566
1620, 194, -0.0011999999405816197, -0.2315999885322526, False, 76.79947, 4.4295394e-08, -1.4901161e-08, 3.988273e-08, 0.49999845, 0.48981446, 16.889679
1620, 195, -0.0011999999405816197, -0.23279998847283423, False, 76.67947, 0.0, 0.0, 0.0, 0.5, 0.48983538, 16.890108
1620, 196, -0.0011999999405816197, -0.23399998841341585, False, 76.55946, 0.0, 0.0, 0.0, 0.5, 0.48990247, 16.890236
1620, 197, -0.0011999999405816197, -0.23519998835399747, False, 76.43946, 0.0, 0.0, 0.0, 0.5, 0.48994222, 16.890373
1620, 198, -0.0011999999405816197, -0.2363999882945791, False, 76.31946, 3.6277932e-05, -1.1742115e-05, 3.266395e-05, 0.5, 0.48996577, 16.890562
1620, 199, -0.0011999999405816197, -0.2375999882351607, False, 76.199455, 0.00043113157, -0.00013405085, 0.00038826274, 0.5, 0.48974648, 16.891829
1620, 200, -0.0011999999405816197, -0.23879998817574233, False, 76.07945, 0.0, 0.0, 0.0, 0.5, 0.48981366, 16.89214
1620, 201, -0.0011999999405816197, -0.23999998811632395, False, 75.95945, 0.0, 0.0, 0.0, 0.5, 0.48988956, 16.892284
1620, 202, -0.0011999999405816197, -0.24119998805690557, False, 75.83945, 0.0, 0.0, 0.0, 0.5, 0.4898582, 16.892853
1620, 203, -0.0011999999405816197, -0.2423999879974872, False, 75.719444, 0.0, 0.0, 0.0, 0.5, 0.489916, 16.893013
1620, 204, -0.0011999999405816197, -0.2435999879380688, False, 75.59944, -0.16571963, 0.0, -2.4744322, 0.57614213, 0.48999935, 16.827833
1620, 205, -0.0011999999405816197, -0.24479998787865043, False, 75.47944, -0.08737418, 0.0, 0.66820604, 0.5851473, 0.48999998, 16.81081
1620, 206, -0.0011999999405816197, -0.24599998781923205, False, 75.359436, 0.037270904, -0.036807492, 0.77688044, 0.5034728, 0.4893766, 16.85146
1620, 207, -0.0011999999405816197, -0.24719998775981367, False, 75.23943, -0.0014347953, 0.0, 0.00537985, 0.5000277, 0.4896305, 16.851664
1620, 208, -0.0011999999405816197, -0.24839998770039529, False, 75.11943, -9.886358e-06, -1.4901161e-08, 4.6586654e-05, 0.5000002, 0.489781, 16.851673
1620, 209, -0.0011999999405816197, -0.2495999876409769, False, 74.99943, 0.0, 0.0, 0.0, 0.5, 0.48987022, 16.851675
1620, 210, -0.0011999999405816197, -0.2507999875815585, False, 74.879425, 0.0, 0.0, 0.0, 0.5, 0.48992306, 16.851675
1620, 211, -0.0011999999405816197, -0.25199998752214015, False, 74.75942, 0.0, 0.0, 0.0, 0.5, 0.48995444, 16.851675
1620, 212, -0.0011999999405816197, -0.25319998746272177, False, 74.63942, 0.0, 0.0, 0.0, 0.5, 0.48997298, 16.85167
1620, 213, -0.0011999999405816197, -0.2543999874033034, False, 74.51942, 0.0, 0.0, 0.0, 0.5, 0.48998398, 16.851627
1620, 214, -0.0011999999405816197, -0.255599987343885, False, 74.399414, 0.0, 0.0, 0.0, 0.5, 0.4899905, 16.851572
1620, 215, -0.0011999999405816197, -0.2567999872844666, False, 74.27941, 0.16571933, 0.0, -2.474432, 0.59857404, 0.48999995, 16.869963
1620, 216, -0.0011999999405816197, -0.25799998722504824, False, 74.15941, -0.26009476, 0.0, -4.721555, 0.83549964, 0.49, 16.906303
1620, 217, -0.0011999999405816197, -0.25919998716562986, False, 74.039406, -0.83112335, 0.0, -6.7108097, 1.1956893, 0.49, 16.971157
1620, 218, -0.0011999999405816197, -0.2603999871062115, False, 73.9194, -1.5159699, 0.0, -8.454285, 1.6632596, 0.49, 17.078104
1620, 219, -0.0011999999405816197, -0.2615999870467931, False, 73.7994, -2.2830274, 0.0, -9.965668, 2.2221365, 0.49, 17.238678
1620, 220, -0.0011999999405816197, -0.2627999869873747, False, 73.6794, -2.0088644, 0.0, -11.526152, 2.8575306, 0.49, 17.460249
1620, 221, -0.0011999999405816197, -0.26399998692795634, False, 73.559395, -0.51017284, 0.0, -13.061406, 3.5626843, 0.49, 17.736189
1620, 222, -0.0011999999405816197, -0.26519998686853796, False, 73.43939, 0.94971323, 0.0, -14.304624, 4.33791, 0.49, 18.047548
1620, 223, -0.0011999999405816197, -0.2663999868091196, False, 73.31939, 2.3542247, 0.0, -15.291143, 5.182962, 0.49, 18.374672
1620, 224, -0.0011999999405816197, -0.2675999867497012, False, 73.19939, 3.689683, 0.0, -16.052937, 6.0957413, 0.49, 18.699467
1620, 225, -0.0011999999405816197, -0.2687999866902828, False, 73.079384, 4.537551, 0.0, -11.017926, 6.846121, 0.49, 18.986305
1620, 226, -0.0011999999405816197, -0.26999998663086444, False, 72.95938, 3.1249242, 0.0, -7.2557087, 7.340121, 0.49, 19.232971
1620, 227, -0.0011999999405816197, -0.27119998657144606, False, 72.83938, 2.18393, 0.0, -3.738604, 7.603989, 0.49, 19.428099
1620, 228, -0.0011999999405816197, -0.2723999865120277, False, 72.719376, 1.5654927, 0.0, -0.5698917, 7.6672854, 0.49, 19.554287
1620, 229, -0.0011999999405816197, -0.2735999864526093, False, 72.59937, 1.2984629, 0.0, 1.9594705, 7.5732136, 0.49, 19.60234
1620, 230, -0.0011999999405816197, -0.2747999863931909, False, 72.47937, 0.7171153, 0.0, 4.3729734, 7.351275, 0.49, 19.58128
1620, 231, -0.0011999999405816197, -0.27599998633377254, False, 72.35937, 0.033419967, 0.0, 6.4859576, 7.009152, 0.49, 19.513605
1620, 232, -0.0011999999405816197, -0.27719998627435416, False, 72.239365, 0.029009342, 0.0, 8.364048, 6.5538425, 0.49, 19.418686
1620, 233, -0.0011999999405816197, -0.2783999862149358, False, 72.11936, -0.928615, 0.0, 10.022468, 5.994783, 0.49, 19.304176
1620, 234, -0.0011999999405816197, -0.2795999861555174, False, 71.99936, -1.9233481, 0.0, 11.431343, 5.339531, 0.49, 19.186512
1620, 235, -0.0011999999405816197, -0.280799986096099, False, 71.87936, -2.9330668, 0.0, 12.612472, 4.596234, 0.49, 19.082926
1620, 236, -0.0011999999405816197, -0.28199998603668064, False, 71.75935, -3.938013, 0.0, 13.58718, 3.7741303, 0.49, 19.008831
1620, 237, -0.0011999999405816197, -0.28319998597726226, False, 71.63935, -4.921424, 0.0, 14.376379, 2.8834023, 0.49, 18.977858
1620, 238, -0.0011999999405816197, -0.2843999859178439, False, 71.51935, -5.869611, 0.0, 15.000411, 1.9350369, 0.49, 19.001877
1620, 239, -0.0011999999405816197, -0.2855999858584255, False, 71.399345, -6.7718105, 0.0, 15.478837, 0.9406815, 0.49, 19.091
1620, 240, -0.0011999999405816197, -0.2867999857990071, False, 71.27934, 0.0, 0.0, 0.0, 0.45164365, 0.49, 19.19127
1620, 241, -0.0011999999405816197, -0.28799998573958874, False, 71.15934, 0.00021222346, -7.31051e-05, 0.00019116254, 0.49961314, 0.49, 19.191687
1620, 242, -0.0011999999405816197, -0.28919998568017036, False, 71.03934, 0.16584897, 0.0, -2.4742038, 0.57243097, 0.49, 19.12276
1620, 243, -0.0011999999405816197, -0.290399985620752, False, 70.919334, 0.13799024, 0.0, -4.72547, 0.73920286, 0.49, 18.95067
1620, 244, -0.0011999999405816197, -0.2915999855613336, False, 70.79933, 0.37734032, 0.0, -2.8009408, 0.8801536, 0.49, 18.803036
1620, 245, -0.0011999999405816197, -0.2927999855019152, False, 70.67933, 0.045799553, 0.0, -1.5684153, 0.96093655, 0.49, 18.718422
1620, 246, -0.0011999999405816197, -0.29399998544249684, False, 70.559326, 0.098507196, 0.0, -0.7312042, 1.0019346, 0.49, 18.67548
1620, 247, -0.0011999999405816197, -0.29519998538307846, False, 70.43932, 0.0054916963, 0.0, -0.18806507, 1.0166258, 0.49, 18.660091
1620, 248, -0.0011999999405816197, -0.2963999853236601, False, 70.31932, 0.0, 0.0, 0.0, 1.0173205, 0.49, 18.659363
1620, 249, -0.0011999999405816197, -0.2975999852642417, False, 70.19932, 0.16571927, 0.0, 2.474432, 0.95636463, 0.49, 18.738989
1620, 250, -0.0011999999405816197, -0.2987999852048233, False, 70.079315, 0.22882801, 0.0, 1.3204391, 0.89387685, 0.49, 18.818485
1620, 251, -0.0011999999405816197, -0.29999998514540493, False, 69.95931, 0.4717765, 0.0, 3.6471746, 0.77033895, 0.49, 18.942142
1620, 252, -0.0011999999405816197, -0.30119998508598655, False, 69.83931, 0.9058559, 0.0, 5.723917, 0.5366053, 0.49, 19.140043
1620, 253, -0.0011999999405816197, -0.3023999850265682, False, 69.71931, 0.007347767, -0.0015018135, 0.0032713842, 0.4973777, 0.49, 19.220009
1620, 254, -0.0011999999405816197, -0.3035999849671498, False, 69.599304, 1.8418081e-08, 0.0, -5.668764e-08, 0.499979, 0.49, 19.220276
1620, 255, -0.0011999999405816197, -0.3047999849077314, False, 69.4793, 2.4242663e-08, 0.0, -5.4451878e-08, 0.49999982, 0.49, 19.220358
1620, 256, -0.0011999999405816197, -0.30599998484831303, False, 69.3593, 0.0, 0.0, 0.0, 0.49999997, 0.49, 19.220488
1620, 257, -0.0011999999405816197, -0.30719998478889465, False, 69.239296, -3.5034105e-08, 0.0, 4.8221626e-08, 0.49999997, 0.49, 19.22066
1620, 258, -0.0011999999405816197, -0.3083999847294763, False, 69.11929, 0.00014564325, -4.7147274e-05, 0.00013113441, 0.49999997, 0.48999107, 19.220898
1620, 259, -0.0011999999405816197, -0.3095999846700579, False, 68.99929, 0.0, 0.0, 0.0, 0.49999997, 0.48999995, 19.220898
1620, 260, -0.0011999999405816197, -0.3107999846106395, False, 68.87929, -2.9801633e-08, 0.0, 5.1619537e-08, 0.49999997, 0.48999995, 19.22108
1620, 261, -0.0011999999405816197, -0.31199998455122113, False, 68.759285, 2.9832936e-09, -1.4901161e-08, 6.6573214e-08, 0.49999997, 0.48999995, 19.221226
1620, 262, -0.0011999999405816197, -0.31319998449180275, False, 68.63928, 0.0, 1.4901161e-08, 0.0, 0.49999997, 0.48999995, 19.221321
1620, 263, -0.0011999999405816197, -0.31439998443238437, False, 68.51928, 0.0, 0.0, 0.0, 0.49999997, 0.48999995, 19.221401
1620, 264, -0.0011999999405816197, -0.315599984372966, False, 68.39928, 2.5809777e-08, -1.4901161e-08, 1.4900802e-08, 0.49999997, 0.48999995, 19.22153
1620, 265, -0.0011999999405816197, -0.3167999843135476, False, 68.279274, 0.0, 0.0, 0.0, 0.49999997, 0.48999995, 19.221703
1620, 266, -0.0011999999405816197, -0.31799998425412923, False, 68.15927, 0.00014551484, -4.7132373e-05, 0.00013109886, 0.49999997, 0.48999107, 19.221941
1620, 267, -0.0011999999405816197, -0.31919998419471085, False, 68.03927, 0.00010430813, 0.0, -2.4808826, 0.5745447, 0.48999995, 19.15483
1620, 268, -0.0011999999405816197, -0.32039998413529247, False, 67.919266, -0.14008766, 0.0, -1.3333812, 0.6497227, 0.49, 19.087149
1620, 269, -0.0011999999405816197, -0.3215999840758741, False, 67.79926, -0.0011895895, 0.0, 1.4841871, 0.61480236, 0.49, 19.103819
1620, 270, -0.0011999999405816197, -0.3227999840164557, False, 67.67926, -0.0009624958, 0.0, 3.827243, 0.45560405, 0.49, 19.19566
1620, 271, -0.0011999999405816197, -0.32399998395703733, False, 67.55926, -3.5034073e-08, 0.0, 4.8221647e-08, 0.49964482, 0.49, 19.19629
1620, 272, -0.0011999999405816197, -0.32519998389761895, False, 67.439255, 0.0, 0.0, 0.0, 0.49999714, 0.49, 19.196476
1620, 273, -0.0011999999405816197, -0.32639998383820057, False, 67.31925, 0.0, 0.0, 0.0, 0.5, 0.49, 19.19662
1620, 274, -0.0011999999405816197, -0.3275999837787822, False, 67.19925, 2.5809783e-08, -1.4901161e-08, 1.4900792e-08, 0.5, 0.49, 19.19675
1620, 275, -0.0011999999405816197, -0.3287999837193638, False, 67.07925, 1.3187616e-08, -1.4901161e-08, 8.325571e-08, 0.5, 0.49, 19.196922
1620, 276, -0.0011999999405816197, -0.32999998365994543, False, 66.95924, 0.00014568768, -4.7162175e-05, 0.00013117414, 0.5, 0.4899911, 19.19716
1620, 277, -0.0011999999405816197, -0.33119998360052705, False, 66.83924, 0.00010454655, 0.0, -2.4808824, 0.5745448, 0.48999998, 19.13005
1620, 278, -0.0011999999405816197, -0.33239998354110867, False, 66.71924, 8.72612e-05, 0.0, -4.7312846, 0.7527901, 0.48999998, 18.96957
1620, 279, -0.0011999999405816197, -0.3335999834816903, False, 66.599236, -0.6100991, 0.0, -6.7427373, 1.0267954, 0.48999998, 18.726397
1620, 280, -0.0011999999405816197, -0.3347999834222719, False, 66.47923, -0.530344, 0.0, -8.597765, 1.3951842, 0.48999998, 18.417543
1620, 281, -0.0011999999405816197, -0.3359999833628535, False, 66.35923, -1.4379954, 0.0, -10.182431, 1.8519311, 0.48999998, 18.052961
1620, 282, -0.0011999999405816197, -0.33719998330343515, False, 66.23923, -1.9742575, 0.0, -5.92752, 2.1974425, 0.48999998, 17.759678
1620, 283, -0.0011999999405816197, -0.33839998324401677, False, 66.119225, -1.960269, 0.0, -2.0861318, 2.3434303, 0.48999998, 17.576675
1620, 284, -0.0011999999405816197, -0.3395999831845984, False, 65.99922, -1.4720153, 0.0, 1.0711706, 2.313876, 0.48999998, 17.480417
1620, 285, -0.0011999999405816197, -0.34079998312518, False, 65.87922, -0.91490483, 0.0, 3.602661, 2.1387224, 0.48999998, 17.436974
1620, 286, -0.0011999999405816197, -0.3419999830657616, False, 65.75922, -0.26795262, 0.0, 5.8105617, 1.8318933, 0.48999998, 17.417173
1620, 287, -0.0011999999405816197, -0.34319998300634325, False, 65.63921, 0.48182544, 0.0, 7.740814, 1.4048433, 0.48999998, 17.399948
1620, 288, -0.0011999999405816197, -0.34439998294692487, False, 65.51921, 1.3132789, 0.0, 9.413956, 0.86967754, 0.48999998, 17.367596
1620, 289, -0.0011999999405816197, -0.3455999828875065, False, 65.39921, 0.0, 0.0, 0.0, 0.49176836, 0.49, 17.331104
1620, 290, -0.0011999999405816197, -0.3467999828280881, False, 65.279205, 0.0, 0.0, 0.0, 0.49993414, 0.49, 17.33112
1620, 291, -0.0011999999405816197, -0.3479999827686697, False, 65.1592, 0.0, 1.4901161e-08, 0.0, 0.49999946, 0.49, 17.33112
1620, 292, -0.0011999999405816197, -0.34919998270925134, False, 65.0392, 0.16571942, 0.0, -2.4744327, 0.599437, 0.49, 17.318148
1620, 293, -0.0011999999405816197, -0.35039998264983296, False, 64.9192, 0.08737409, 0.0, 0.6682057, 0.6181139, 0.49, 17.322845
1620, 294, -0.0011999999405816197, -0.3515999825904146, False, 64.799194, 0.29508197, 0.0, 3.0703297, 0.48758775, 0.49, 17.367178
1620, 295, -0.0011999999405816197, -0.3527999825309962, False, 64.67919, 1.8417921e-08, 0.0, -5.668769e-08, 0.49990067, 0.49, 17.367426
1620, 296, -0.0011999999405816197, -0.3539999824715778, False, 64.55919, 0.16571939, 0.0, -2.4744327, 0.59446806, 0.49, 17.334063
1620, 297, -0.0011999999405816197, -0.35519998241215944, False, 64.439186, 0.08737391, 0.0, 0.6682056, 0.6137139, 0.49, 17.334778
1620, 298, -0.0011999999405816197, -0.35639998235274106, False, 64.31918, -0.16044044, 0.0, 3.0847332, 0.49779856, 0.49, 17.409695
1620, 299, -0.0011999999405816197, -0.3575999822933227, False, 64.19918, 0.00012668515, -4.1022897e-05, 0.00011406424, 0.49998236, 0.48999128, 17.410364
1620, 300, -0.0011999999405816197, -0.3587999822339043, False, 64.07918, 0.16579688, 0.0, -2.474297, 0.57279795, 0.48999998, 17.341434
1620, 301, -0.0011999999405816197, -0.3599999821744859, False, 63.959175, 0.534379, 0.0, -4.6924005, 0.73759377, 0.48999998, 17.167654
1620, 302, -0.0011999999405816197, -0.36119998211506754, False, 63.839172, 0.61088514, 0.0, -2.7562141, 0.87533903, 0.48999998, 17.017319
1620, 303, -0.0011999999405816197, -0.36239998205564916, False, 63.71917, 0.320909, 0.0, 0.36820698, 0.91400534, 0.48999998, 17.000824
1620, 304, -0.0011999999405816197, -0.3635999819962308, False, 63.599167, 0.44162834, 0.0, 2.7848434, 0.85349315, 0.48999998, 17.106623
1620, 305, -0.0011999999405816197, -0.3647999819368124, False, 63.479164, -0.058805704, 0.0, 5.027199, 0.70095456, 0.48999998, 17.315033
1620, 306, -0.0011999999405816197, -0.365999981877394, False, 63.35916, 0.5878608, 0.0, 7.014987, 0.47113392, 0.48999998, 17.621452
1620, 307, -0.0011999999405816197, -0.36719998181797564, False, 63.23916, 0.8274409, -1.4901161e-08, 0.9189372, 0.49976906, 0.4862851, 17.727034
1620, 308, -0.0011999999405816197, -0.36839998175855726, False, 63.119156, 0.55061114, 0.0, -1.7666166, 0.5623945, 0.4899703, 17.709564
1620, 309, -0.0011999999405816197, -0.3695999816991389, False, 62.999153, 0.45046282, 0.0, -4.087271, 0.71750945, 0.48999977, 17.580315
1620, 310, -0.0011999999405816197, -0.3707999816397205, False, 62.87915, 0.38404727, 0.0, -6.189273, 0.95652616, 0.49, 17.351154
1620, 311, -0.0011999999405816197, -0.3719999815803021, False, 62.759148, 0.33283186, 0.0, -8.095308, 1.2721506, 0.49, 17.031929
1620, 312, -0.0011999999405816197, -0.37319998152088374, False, 62.639145, -0.32159734, 0.0, -5.0474434, 1.522969, 0.49, 16.7754
1620, 313, -0.0011999999405816197, -0.37439998146146536, False, 62.519142, -0.49275348, 0.0, -1.3984435, 1.6267915, 0.49, 16.656113
1620, 314, -0.0011999999405816197, -0.375599981402047, False, 62.39914, -0.22784033, 0.0, 1.4355981, 1.5868851, 0.49, 16.657543
1620, 315, -0.0011999999405816197, -0.3767999813426286, False, 62.279137, 0.116576076, 0.0, 3.7899065, 1.4229181, 0.49, 16.735611
1620, 316, -0.0011999999405816197, -0.3779999812832102, False, 62.159134, 0.61974406, 0.0, 5.8831825, 1.1380986, 0.49, 16.866415
1620, 317, -0.0011999999405816197, -0.37919998122379184, False, 62.03913, 1.2523959, 0.0, 7.726697, 0.73765045, 0.49, 17.029247
1620, 318, -0.0011999999405816197, -0.38039998116437346, False, 61.91913, 0.0, 0.0, 0.0, 0.48192832, 0.49, 17.14658
1620, 319, -0.0011999999405816197, -0.3815999811049551, False, 61.799126, 0.0, 1.4901161e-08, 0.0, 0.49985546, 0.49, 17.146614
1620, 320, -0.0011999999405816197, -0.3827999810455367, False, 61.679123, 0.0, 0.0, 0.0, 0.49999887, 0.49, 17.14667
1620, 321, -0.0011999999405816197, -0.3839999809861183, False, 61.55912, -2.4242425e-08, 0.0, 5.4451984e-08, 0.5, 0.49, 17.14675
1620, 322, -0.0011999999405816197, -0.38519998092669994, False, 61.439117, -3.9915626e-09, -1.4901161e-08, 6.652037e-08, 0.5, 0.49, 17.14688
1620, 323, -0.0011999999405816197, -0.38639998086728156, False, 61.319115, 0.0, 0.0, 0.0, 0.5, 0.49, 17.14705
1620, 324, -0.0011999999405816197, -0.3875999808078632, False, 61.199112, 0.0001455553, -4.711747e-05, 0.00013105394, 0.5, 0.4899911, 17.14729
1620, 325, -0.0011999999405816197, -0.3887999807484448, False, 61.07911, 0.0016947892, -0.0005439371, 0.0018822772, 0.5, 0.48949018, 17.149933
1620, 326, -0.0011999999405816197, -0.3899999806890264, False, 60.959106, 0.0012135506, -1.4901161e-08, -2.479024, 0.5668988, 0.4899959, 17.075754
1620, 327, -0.0011999999405816197, -0.39119998062960804, False, 60.839104, 0.0010097027, -1.4901161e-08, -4.7295985, 0.72736555, 0.48999998, 16.897642
1620, 328, -0.0011999999405816197, -0.39239998057018965, False, 60.7191, 0.61087537, -1.4901161e-08, -6.741117, 0.9705277, 0.48999998, 16.623756
1620, 329, -0.0011999999405816197, -0.3935999805107713, False, 60.5991, 0.10005164, -1.4901161e-08, -3.003702, 1.1431382, 0.48999998, 16.437424
1620, 330, -0.0011999999405816197, -0.3947999804513529, False, 60.479095, 0.00581076, -1.4901161e-08, 0.18813536, 1.176087, 0.48999998, 16.404537
1620, 331, -0.0011999999405816197, -0.3959999803919345, False, 60.359093, -0.1788491, -1.4901161e-08, 2.6446385, 1.0955979, 0.48999998, 16.480778
1620, 332, -0.0011999999405816197, -0.39719998033251613, False, 60.23909, -0.24903429, -1.4901161e-08, 1.4314941, 1.0174061, 0.48999998, 16.556631
1620, 333, -0.0011999999405816197, -0.39839998027309775, False, 60.119087, 0.099197626, -1.4901161e-08, 3.7881749, 0.89861137, 0.48999998, 16.693819
1620, 334, -0.0011999999405816197, -0.3995999802136794, False, 59.999084, -0.437284, -1.4901161e-08, 5.9008446, 0.6948735, 0.48999998, 16.931961
1620, 335, -0.0011999999405816197, -0.400799980154261, False, 59.87908, 1.0793236, -0.060997635, 2.3485322, 0.50384706, 0.48839036, 17.210032
1620, 336, -0.0011999999405816197, -0.4019999800948426, False, 59.75908, 0.7184843, -1.4901161e-08, -0.81159055, 0.53403926, 0.48998713, 17.253042
1620, 337, -0.0011999999405816197, -0.40319998003542423, False, 59.639076, 0.5662185, -1.4901161e-08, -3.2296183, 0.667396, 0.4899999, 17.182083
1620, 338, -0.0011999999405816197, -0.40439997997600585, False, 59.519073, 0.0064706802, -1.4901161e-08, -5.44026, 0.89896685, 0.48999998, 17.01785
1620, 339, -0.0011999999405816197, -0.40559997991658747, False, 59.39907, 0.2853297, -1.4901161e-08, -1.7744342, 1.0454223, 0.48999998, 16.914974
1620, 340, -0.0011999999405816197, -0.4067999798571691, False, 59.279068, 0.56337714, -1.4901161e-08, -4.0517373, 1.2023666, 0.48999998, 16.790253
1620, 341, -0.0011999999405816197, -0.4079999797977507, False, 59.159065, 0.08041501, -1.4901161e-08, -2.403849, 1.3362101, 0.48999998, 16.677614
1620, 342, -0.0011999999405816197, -0.40919997973833233, False, 59.039062, 0.03372702, -1.4901161e-08, 0.7311885, 1.346346, 0.48999998, 16.669754
1620, 343, -0.0011999999405816197, -0.41039997967891395, False, 58.91906, -0.20751762, -1.4901161e-08, 3.136949, 1.2344662, 0.48999998, 16.756283
1620, 344, -0.0011999999405816197, -0.41159997961949557, False, 58.799057, -0.1470212, -1.4901161e-08, -0.12806636, 1.1877297, 0.48999998, 16.783804
1620, 345, -0.0011999999405816197, -0.4127999795600772, False, 58.679054, 0.05185795, -1.4901161e-08, 2.371845, 1.118516, 0.48999998, 16.846846
1620, 346, -0.0011999999405816197, -0.4139999795006588, False, 58.55905, -0.34472418, -1.4901161e-08, 4.6188107, 0.94845176, 0.48999998, 17.007147
1620, 347, -0.0011999999405816197, -0.41519997944124043, False, 58.43905, -0.49250782, -1.4901161e-08, 2.7186282, 0.80413204, 0.48999998, 17.14521
1620, 348, -0.0011999999405816197, -0.41639997938182205, False, 58.319046, 0.010684252, -1.4901161e-08, 4.9723163, 0.63199073, 0.48999998, 17.333166
1620, 349, -0.0011999999405816197, -0.41759997932240367, False, 58.199043, 1.1429306, -0.044768155, 1.0290625, 0.4942217, 0.4891788, 17.539646
1620, 350, -0.0011999999405816197, -0.4187999792629853, False, 58.07904, 0.6920854, 0.0, -1.7828958, 0.5681462, 0.48999345, 17.545906
1620, 351, -0.0011999999405816197, -0.4199999792035669, False, 57.959038, 0.42022896, 0.0, 1.115044, 0.5742611, 0.48999992, 17.578302
1620, 352, -0.0011999999405816197, -0.42119997914414853, False, 57.839035, 0.100340724, -0.025686145, 0.5156661, 0.5015804, 0.48898372, 17.662262
1620, 353, -0.0011999999405816197, -0.42239997908473015, False, 57.719032, -0.00036431302, -0.0004965961, 0.0033722261, 0.50001264, 0.48912662, 17.664711
1620, 354, -0.0011999999405816197, -0.42359997902531177, False, 57.59903, -0.16563976, 0.0, -2.4710932, 0.5684581, 0.48999304, 17.592419
1620, 355, -0.0011999999405816197, -0.4247999789658934, False, 57.479027, -0.0867486, 0.0, 0.6709075, 0.5755135, 0.48999992, 17.574684
1620, 356, -0.0011999999405816197, -0.425999978906475, False, 57.359024, -0.06391704, -0.029009432, 0.6118779, 0.5024874, 0.48927036, 17.626747
1620, 357, -0.0011999999405816197, -0.4271999788470566, False, 57.23902, -0.0020598944, 0.0, 0.0034190137, 0.50001997, 0.48938522, 17.628254
1620, 358, -0.0011999999405816197, -0.42839997878763825, False, 57.11902, -1.4304658e-05, 0.0, 2.4777451e-05, 0.5000002, 0.48963562, 17.628283
1620, 359, -0.0011999999405816197, -0.42959997872821987, False, 56.999016, 0.0, 0.0, 0.0, 0.5, 0.489784, 17.628317
1620, 360, -0.0011999999405816197, -0.4307999786688015, False, 56.879013, -2.8343873e-08, 1.4901161e-08, -9.208877e-09, 0.5, 0.48987198, 17.628353
1620, 361, -0.0011999999405816197, -0.4319999786093831, False, 56.75901, 0.0, 2.9802322e-08, 0.0, 0.5, 0.4899241, 17.628382
1620, 362, -0.0011999999405816197, -0.4331999785499647, False, 56.639008, 0.0, 0.0, 0.0, 0.5, 0.489955, 17.62839
1620, 363, -0.0011999999405816197, -0.43439997849054635, False, 56.519005, 0.0, 0.0, 0.0, 0.5, 0.48997337, 17.62839
1620, 364, -0.0011999999405816197, -0.43559997843112797, False, 56.399002, 0.0, 0.0, 0.0, 0.5, 0.48998418, 17.62839
1620, 365, -0.0011999999405816197, -0.4367999783717096, False, 56.279, 0.0, 0.0, 0.0, 0.5, 0.4899906, 17.628397
1620, 366, -0.0011999999405816197, -0.4379999783122912, False, 56.158997, 0.16571909, 0.0, -2.4744325, 0.5975313, 0.48999995, 17.605103
1620, 367, -0.0011999999405816197, -0.4391999782528728, False, 56.038994, 0.08737397, 0.0, 0.6682056, 0.6165971, 0.49, 17.607824
1620, 368, -0.0011999999405816197, -0.44039997819345444, False, 55.91899, -0.16044044, 0.0, 3.084733, 0.4934855, 0.49, 17.670214
1620, 369, -0.0011999999405816197, -0.44159997813403606, False, 55.79899, -4.8221853e-08, 2.9802322e-08, -3.5033796e-08, 0.49994785, 0.49, 17.67098
1620, 370, -0.0011999999405816197, -0.4427999780746177, False, 55.678986, 0.00014582125, -4.722178e-05, 0.00013129303, 0.49999958, 0.4899914, 17.671217
1620, 371, -0.0011999999405816197, -0.4439999780151993, False, 55.558983, 0.0016949915, -0.0005440116, 0.001882496, 0.5, 0.4894902, 17.673862
1620, 372, -0.0011999999405816197, -0.4451999779557809, False, 55.43898, 0.0012135506, 0.0, -2.4790237, 0.56689894, 0.4899959, 17.599684
1620, 373, -0.0011999999405816197, -0.44639997789636254, False, 55.318977, -0.0050054193, 0.0, 0.66797477, 0.5768536, 0.48999998, 17.585808
1620, 374, -0.0011999999405816197, -0.44759997783694416, False, 55.198975, -0.23157668, 0.0, 3.076684, 0.47597164, 0.48999998, 17.67973
1620, 375, -0.0011999999405816197, -0.4487999777775258, False, 55.07897, 0.002561843, -0.0006542206, 0.0023066858, 0.4998078, 0.4889392, 17.693933
1620, 376, -0.0011999999405816197, -0.4499999777181074, False, 54.95897, 0.0, 0.0, 0.0, 0.49999845, 0.48937127, 17.693966
1620, 377, -0.0011999999405816197, -0.451199977658689, False, 54.838966, 0.0012993494, -0.0004171431, 0.0014429301, 0.5, 0.48942086, 17.695013
1620, 378, -0.0011999999405816197, -0.45239997759927064, False, 54.718964, 0.0009306669, -1.4901161e-08, -2.4794915, 0.566877, 0.48999536, 17.620832
1620, 379, -0.0011999999405816197, -0.45359997753985226, False, 54.59896, 0.00077438354, -1.4901161e-08, -4.7300234, 0.72735023, 0.48999995, 17.44269
1620, 380, -0.0011999999405816197, -0.4547999774804339, False, 54.47896, 0.00066423416, -1.4901161e-08, -6.771344, 0.9725152, 0.49, 17.170479
1620, 381, -0.0011999999405816197, -0.4559999774210155, False, 54.358955, 0.0005774498, -1.4901161e-08, -8.622902, 1.2944982, 0.49, 16.81295
1620, 382, -0.0011999999405816197, -0.4571999773615971, False, 54.238953, -0.5855377, -1.4901161e-08, -4.6454086, 1.5321019, 0.49, 16.545225
1620, 383, -0.0011999999405816197, -0.45839997730217874, False, 54.11895, -0.64899874, -1.4901161e-08, -1.027398, 1.6104532, 0.49, 16.430948
1620, 384, -0.0011999999405816197, -0.45959997724276036, False, 53.998947, -0.3179205, -1.4901161e-08, 1.7189553, 1.5525054, 0.49, 16.43631
1620, 385, -0.0011999999405816197, -0.460799977183342, False, 53.878944, 0.068225145, -1.4901161e-08, 4.053977, 1.3723137, 0.49, 16.5182
1620, 386, -0.0011999999405816197, -0.4619999771239236, False, 53.75894, 0.60400105, -1.4901161e-08, 6.125651, 1.0728725, 0.49, 16.652672
1620, 387, -0.0011999999405816197, -0.4631999770645052, False, 53.63894, 1.2625263, -1.4901161e-08, 7.946671, 0.6592039, 0.49, 16.81893
1620, 388, -0.0011999999405816197, -0.46439997700508684, False, 53.518936, 0.0, 0.0, 0.0, 0.49988014, 0.49, 16.87866
1620, 389, -0.0011999999405816197, -0.46559997694566846, False, 53.398933, -5.146829e-08, 1.4901161e-08, 4.2330928e-08, 0.49999905, 0.49, 16.878748
1620, 390, -0.0011999999405816197, -0.4667999768862501, False, 53.27893, 5.561114e-08, 0.0, -3.6719115e-08, 0.49999997, 0.49, 16.878878
1620, 391, -0.0011999999405816197, -0.4679999768268317, False, 53.158928, 0.0, 0.0, 0.0, 0.49999997, 0.49, 16.87905
1620, 392, -0.0011999999405816197, -0.4691999767674133, False, 53.038925, 0.00014555562, -4.7132373e-05, 0.00013105359, 0.49999997, 0.48999113, 16.879288
1620, 393, -0.0011999999405816197, -0.47039997670799494, False, 52.918922, 0.00010418892, 0.0, -2.4808826, 0.57454515, 0.48999995, 16.81218
1620, 394, -0.0011999999405816197, -0.47159997664857656, False, 52.79892, -0.00571391, 0.0, 0.6663386, 0.5859463, 0.49, 16.799314
1620, 395, -0.0011999999405816197, -0.4727999765891582, False, 52.678917, -0.23197007, 0.0, 3.07515, 0.475853, 0.49, 16.882092
1620, 396, -0.0011999999405816197, -0.4739999765297398, False, 52.558914, 0.0019713505, -0.00062677264, 0.0021894083, 0.4998068, 0.48945194, 16.88601
1620, 397, -0.0011999999405816197, -0.4751999764703214, False, 52.43891, 0.0014113188, -1.4901161e-08, -2.4787004, 0.5666867, 0.48999563, 16.81187
1620, 398, -0.0011999999405816197, -0.47639997641090304, False, 52.31891, -0.1392346, -1.4901161e-08, -1.3320199, 0.63434947, 0.48999998, 16.736813
1620, 399, -0.0011999999405816197, -0.47759997635148466, False, 52.198906, -0.13292676, -1.4901161e-08, 1.4695965, 0.6045157, 0.48999998, 16.760572
1620, 400, -0.0011999999405816197, -0.4787999762920663, False, 52.078903, -0.40964127, -1.4901161e-08, 3.7892125, 0.4789173, 0.48999998, 16.89361
1620, 401, -0.0011999999405816197, -0.4799999762326479, False, 51.9589, 0.19169946, -2.9802322e-08, 0.21289527, 0.49983135, 0.4874516, 16.932405
1620, 402, -0.0011999999405816197, -0.4811999761732295, False, 51.838898, -0.015675545, -1.4901161e-08, -2.3002853, 0.5661078, 0.4899796, 16.87498
1620, 403, -0.0011999999405816197, -0.48239997611381114, False, 51.718895, -0.023780733, -1.4901161e-08, 0.82703716, 0.5719765, 0.48999983, 16.871124
1620, 404, -0.0011999999405816197, -0.48359997605439276, False, 51.598892, -0.0058562756, -1.4901161e-08, -1.7318704, 0.6077256, 0.48999998, 16.83083
1620, 405, -0.0011999999405816197, -0.4847999759949744, False, 51.47889, 0.32259095, -1.4901161e-08, -4.0374136, 0.73783666, 0.48999998, 16.682018
1620, 406, -0.0011999999405816197, -0.485999975935556, False, 51.358887, -0.05942917, -1.4901161e-08, -2.3777127, 0.85040236, 0.48999998, 16.550543
1620, 407, -0.0011999999405816197, -0.4871999758761376, False, 51.238884, -0.16465592, -1.4901161e-08, -1.262298, 0.9131388, 0.48999998, 16.477266
1620, 408, -0.0011999999405816197, -0.48839997581671923, False, 51.11888, -0.14519542, -1.4901161e-08, 1.5238485, 0.8804666, 0.48999998, 16.502995
1620, 409, -0.0011999999405816197, -0.48959997575730085, False, 50.99888, -0.14134559, -1.4901161e-08, 0.6983008, 0.8380273, 0.48999998, 16.54196
1620, 410, -0.0011999999405816197, -0.4907999756978825, False, 50.878876, 0.12142587, -1.4901161e-08, 3.1167064, 0.748194, 0.48999998, 16.649193
1620, 411, -0.0011999999405816197, -0.4919999756384641, False, 50.758873, 0.55937576, -1.4901161e-08, 5.2755637, 0.56670177, 0.48999998, 16.856548
1620, 412, -0.0011999999405816197, -0.4931999755790457, False, 50.63887, 0.47651446, -4.4703484e-08, 0.34619308, 0.49940836, 0.48769, 16.989372
1620, 413, -0.0011999999405816197, -0.49439997551962733, False, 50.518867, 0.0, 0.0, 0.0, 0.4999953, 0.4883815, 16.992151
1620, 414, -0.0011999999405816197, -0.49559997546020895, False, 50.398865, 0.0, 1.4901161e-08, 0.0, 0.49999997, 0.4890407, 16.992163
1620, 415, -0.0011999999405816197, -0.49679997540079057, False, 50.278862, 0.0, 0.0, 0.0, 0.49999997, 0.48943144, 16.992186
1620, 416, -0.0011999999405816197, -0.4979999753413722, False, 50.15886, 0.0, 0.0, 0.0, 0.49999997, 0.489663, 16.992216
1620, 417, -0.0011999999405816197, -0.4991999752819538, False, 50.038857, 4.4295707e-08, -1.4901161e-08, 3.988238e-08, 0.49999997, 0.48980024, 16.992311
1620, 418, -0.0011999999405816197, -0.5003999752225354, False, 49.918854, 0.0, 0.0, -2.481027, 0.5744629, 0.48999837, 16.925266
1620, 419, -0.0011999999405816197, -0.501599975163117, False, 49.79885, -0.14015377, 0.0, -1.3334705, 0.6496427, 0.49, 16.857578
1620, 420, -0.0011999999405816197, -0.5027999751036987, False, 49.67885, -0.0012369752, 0.0, 1.4841096, 0.61472476, 0.49, 16.874243
1620, 421, -0.0011999999405816197, -0.5039999750442803, False, 49.558846, 0.30308962, 0.0, 3.8134973, 0.45430073, 0.49, 16.963812
1620, 422, -0.0011999999405816197, -0.5051999749848619, False, 49.438843, 2.5809891e-08, -1.4901161e-08, 1.4900603e-08, 0.49963444, 0.49, 16.964354
1620, 423, -0.0011999999405816197, -0.5063999749254435, False, 49.31884, 0.0, 1.4901161e-08, 0.0, 0.4999971, 0.49, 16.964535
1620, 424, -0.0011999999405816197, -0.5075999748660251, False, 49.198837, 0.00014555136, -4.711747e-05, 0.00013096925, 0.49999997, 0.48999116, 16.964773
1620, 425, -0.0011999999405816197, -0.5087999748066068, False, 49.078835, 0.00010442734, -1.4901161e-08, -2.4808826, 0.5745453, 0.48999995, 16.897665
1620, 426, -0.0011999999405816197, -0.5099999747471884, False, 48.95883, -0.0057139695, -1.4901161e-08, 0.6663385, 0.5859465, 0.49, 16.8848
1620, 427, -0.0011999999405816197, -0.51119997468777, False, 48.83883, 0.22316718, -1.4901161e-08, 3.0760913, 0.47285846, 0.49, 16.963457
1620, 428, -0.0011999999405816197, -0.5123999746283516, False, 48.718826, 0.0, 0.0, 0.0, 0.49978292, 0.49, 16.964193
1620, 429, -0.0011999999405816197, -0.5135999745689332, False, 48.598824, 0.0, 0.0, 0.0, 0.4999983, 0.49, 16.964365
1620, 430, -0.0011999999405816197, -0.5147999745095149, False, 48.47882, 0.0001455115, -4.710257e-05, 0.00013101348, 0.5, 0.48999113, 16.964603
1620, 431, -0.0011999999405816197, -0.5159999744500965, False, 48.358818, 4.822194e-08, -1.4901161e-08, 3.503368e-08, 0.5, 0.48988897, 16.965359
1620, 432, -0.0011999999405816197, -0.5171999743906781, False, 48.238815, 0.0, 0.0, 0.0, 0.5, 0.4899342, 16.96553
1620, 433, -0.0011999999405816197, -0.5183999743312597, False, 48.118813, 0.0, 0.0, 0.0, 0.5, 0.4898719, 16.966179
1620, 434, -0.0011999999405816197, -0.5195999742718413, False, 47.99881, -4.4295753e-08, 1.4901161e-08, -3.988233e-08, 0.5, 0.48992404, 16.966343
1620, 435, -0.0011999999405816197, -0.520799974212423, False, 47.878807, -3.5762787e-07, 0.0, -2.4810274, 0.5745177, 0.48999938, 16.89925
1620, 436, -0.0011999999405816197, -0.5219999741530046, False, 47.758804, -0.0057774484, 0.0, 0.6662119, 0.58592206, 0.49, 16.886375
1620, 437, -0.0011999999405816197, -0.5231999740935862, False, 47.6388, -0.23200631, 0.0, 3.0750299, 0.47583258, 0.49, 16.969147
1620, 438, -0.0011999999405816197, -0.5243999740341678, False, 47.5188, 0.0, 1.4901161e-08, 0.0, 0.4998066, 0.4896872, 16.971794
1620, 439, -0.0011999999405816197, -0.5255999739747494, False, 47.398796, 2.9801171e-08, 0.0, -5.1619807e-08, 0.49999848, 0.4898146, 16.971884
1620, 440, -0.0011999999405816197, -0.5267999739153311, False, 47.278793, 0.0, 0.0, 0.0, 0.5, 0.48989016, 16.971992
1620, 441, -0.0011999999405816197, -0.5279999738559127, False, 47.15879, 0.0, 0.0, 0.0, 0.5, 0.48993492, 16.972164
1620, 442, -0.0011999999405816197, -0.5291999737964943, False, 47.038788, 2.3841858e-07, 0.0, -2.4810271, 0.5745226, 0.48999947, 16.905067
1620, 443, -0.0011999999405816197, -0.5303999737370759, False, 46.918785, -0.14015383, 0.0, -1.3334703, 0.6497031, 0.48999998, 16.837378
1620, 444, -0.0011999999405816197, -0.5315999736776575, False, 46.798782, -0.13336831, 0.0, 1.4682028, 0.6175924, 0.48999998, 16.85781
1620, 445, -0.0011999999405816197, -0.5327999736182392, False, 46.67878, -0.40986085, 0.0, 3.78792, 0.4788184, 0.48999998, 16.976923
1620, 446, -0.0011999999405816197, -0.5339999735588208, False, 46.558777, 0.06261408, 0.0, -1.5889874, 0.5291494, 0.49, 16.944157
1620, 447, -0.0011999999405816197, -0.5351999734994024, False, 46.438774, -0.26336145, 0.0, -3.9134347, 0.6603669, 0.49, 16.807148
1620, 448, -0.0011999999405816197, -0.536399973439984, False, 46.31877, -0.047361255, 0.0, -0.42064857, 0.7226003, 0.49, 16.73699
1620, 449, -0.0011999999405816197, -0.5375999733805656, False, 46.19877, -0.035919785, 0.0, -2.862659, 0.80382824, 0.49, 16.643297
1620, 450, -0.0011999999405816197, -0.5387999733211473, False, 46.078766, -0.055444226, 0.0, 0.32697383, 0.8269594, 0.49, 16.612345
1620, 451, -0.0011999999405816197, -0.5399999732617289, False, 45.958763, 0.15459752, 0.0, 2.774025, 0.73528093, 0.49, 16.68784
1620, 452, -0.0011999999405816197, -0.5411999732023105, False, 45.83876, -0.29676414, 0.0, 4.990861, 0.5343103, 0.49, 16.847223
1620, 453, -0.0011999999405816197, -0.5423999731428921, False, 45.718758, 0.13500713, -5.066395e-07, 0.12155555, 0.49784154, 0.48918998, 16.926128
1620, 454, -0.0011999999405816197, -0.5435999730834737, False, 45.598755, 0.09451842, 0.0, -2.372335, 0.57113117, 0.48999354, 16.868402
1620, 455, -0.0011999999405816197, -0.5447999730240554, False, 45.478752, 0.039255083, 0.0, 0.75769496, 0.58024555, 0.48999992, 16.86196
1620, 456, -0.0011999999405816197, -0.545999972964637, False, 45.35875, -0.06379449, -0.039697677, 0.8610302, 0.50341284, 0.48901072, 16.92359
1620, 457, -0.0011999999405816197, -0.5471999729052186, False, 45.238747, -0.0028279987, -1.4901161e-08, 0.0046939184, 0.5000273, 0.4891752, 16.925766
1620, 458, -0.0011999999405816197, -0.5483999728458002, False, 45.118744, -2.8715272e-05, 0.0, 3.1892945e-05, 0.50000024, 0.48951113, 16.925797
1620, 459, -0.0011999999405816197, -0.5495999727863818, False, 44.99874, 0.0, -1.4901161e-08, 0.0, 0.50000006, 0.4899961, 16.925797
1620, 460, -0.0011999999405816197, -0.5507999727269635, False, 44.87874, 5.1619804e-08, -1.4901161e-08, 2.9801164e-08, 0.50000006, 0.48999766, 16.92598
1620, 461, -0.0011999999405816197, -0.5519999726675451, False, 44.758736, 0.0, 0.0, 0.0, 0.50000006, 0.4899986, 16.926123
1620, 462, -0.0011999999405816197, -0.5531999726081267, False, 44.638733, 0.0, 0.0, 0.0, 0.50000006, 0.48999915, 16.926252
1620, 463, -0.0011999999405816197, -0.5543999725487083, False, 44.51873, 4.8221967e-08, -1.4901161e-08, 3.5033636e-08, 0.50000006, 0.4899995, 16.926422
1620, 464, -0.0011999999405816197, -0.5555999724892899, False, 44.398727, 0.00014471433, -4.684925e-05, 0.00013029546, 0.50000006, 0.48999104, 16.92666
1620, 465, -0.0011999999405816197, -0.5567999724298716, False, 44.278725, 0.00010383129, 0.0, -2.4808836, 0.57454544, 0.48999992, 16.859552
1620, 466, -0.0011999999405816197, -0.5579999723704532, False, 44.158722, 8.702278e-05, 0.0, -4.731286, 0.7527921, 0.49, 16.699072
1620, 467, -0.0011999999405816197, -0.5591999723110348, False, 44.03872, -0.20964643, 0.0, -1.1359555, 0.85452425, 0.49, 16.604198
1620, 468, -0.0011999999405816197, -0.5603999722516164, False, 43.918716, -0.16096121, 0.0, 1.6049178, 0.8149355, 0.49, 16.628983
1620, 469, -0.0011999999405816197, -0.561599972192198, False, 43.798714, -0.44553924, 0.0, 3.9089332, 0.6694685, 0.49, 16.752157
1620, 470, -0.0011999999405816197, -0.5627999721327797, False, 43.67871, 0.15556169, 0.0, 6.0416408, 0.43548295, 0.49, 16.972263
1620, 471, -0.0011999999405816197, -0.5639999720733613, False, 43.55871, 0.05620868, -3.695488e-06, 0.050608248, 0.49948388, 0.48834464, 16.989836
1620, 472, -0.0011999999405816197, -0.5651999720139429, False, 43.438705, 0.0, 0.0, 0.0, 0.49999586, 0.4890189, 16.98986
1620, 473, -0.0011999999405816197, -0.5663999719545245, False, 43.318703, 0.0, 0.0, 0.0, 0.49999994, 0.4894185, 16.989883
1620, 474, -0.0011999999405816197, -0.5675999718951061, False, 43.1987, -2.5809914e-08, 2.9802322e-08, -1.4900564e-08, 0.5, 0.48965535, 16.989906
1620, 475, -0.0011999999405816197, -0.5687999718356878, False, 43.078697, 0.0, 0.0, 0.0, 0.5, 0.48979574, 16.989946
1620, 476, -0.0011999999405816197, -0.5699999717762694, False, 42.958694, 0.0, 1.4901161e-08, 0.0, 0.5, 0.48987895, 16.990011
1620, 477, -0.0011999999405816197, -0.571199971716851, False, 42.83869, 0.0, 0.0, 0.0, 0.5, 0.48992828, 16.99014
1620, 478, -0.0011999999405816197, -0.5723999716574326, False, 42.71869, 0.0, 0.0, 0.0, 0.5, 0.48995745, 16.990324
1620, 479, -0.0011999999405816197, -0.5735999715980142, False, 42.598686, -1.1920929e-07, 0.0, -2.4810271, 0.5745326, 0.48999965, 16.923218
1620, 480, -0.0011999999405816197, -0.5747999715385959, False, 42.478683, -0.0057774186, 0.0, 0.66621196, 0.58593714, 0.49, 16.910343
1620, 481, -0.0011999999405816197, -0.5759999714791775, False, 42.35868, -0.23200643, 0.0, 3.0750306, 0.47584748, 0.49, 16.993114
1620, 482, -0.0011999999405816197, -0.5771999714197591, False, 42.238678, 0.0, 0.0, 0.0, 0.49980673, 0.48968714, 16.995762
1620, 483, -0.0011999999405816197, -0.5783999713603407, False, 42.118675, 0.0, 0.0, 0.0, 0.49999848, 0.48981458, 16.995852
1620, 484, -0.0011999999405816197, -0.5795999713009223, False, 41.998672, 3.5033587e-08, 0.0, -4.8222002e-08, 0.5, 0.48989013, 16.99596
1620, 485, -0.0011999999405816197, -0.580799971241504, False, 41.87867, 0.0, 0.0, 0.0, 0.5, 0.48993486, 16.996132
1620, 486, -0.0011999999405816197, -0.5819999711820856, False, 41.758667, 0.0016699567, -0.00053596497, 0.0018545878, 0.5, 0.4894858, 16.998615
1620, 487, -0.0011999999405816197, -0.5831999711226672, False, 41.638664, 0.0011953115, 0.0, -2.4790535, 0.5668979, 0.4899959, 16.924437
1620, 488, -0.0011999999405816197, -0.5843999710632488, False, 41.51866, 0.0009944439, 0.0, -4.7296257, 0.7273661, 0.48999998, 16.74632
1620, 489, -0.0011999999405816197, -0.5855999710038304, False, 41.39866, 0.00085258484, 0.0, -6.770983, 0.97252625, 0.48999998, 16.474136
1620, 490, -0.0011999999405816197, -0.586799970944412, False, 41.278656, 0.00074100494, 0.0, -8.622575, 1.2945051, 0.48999998, 16.11663
1620, 491, -0.0011999999405816197, -0.5879999708849937, False, 41.158653, -0.5853665, 0.0, -4.6451283, 1.5321043, 0.48999998, 15.848925
1620, 492, -0.0011999999405816197, -0.5891999708255753, False, 41.03865, -0.6488266, 0.0, -1.0271585, 1.6104505, 0.48999998, 15.734665
1620, 493, -0.0011999999405816197, -0.5903999707661569, False, 40.918648, -0.3177774, 0.0, 1.7191061, 1.5524992, 0.48999998, 15.740039
1620, 494, -0.0011999999405816197, -0.5915999707067385, False, 40.798645, 0.0683552, 0.0, 4.0541, 1.3723036, 0.48999998, 15.8219385
1620, 495, -0.0011999999405816197, -0.5927999706473202, False, 40.678642, 0.6041217, 0.0, 6.1257496, 1.0728581, 0.48999998, 15.956419
1620, 496, -0.0011999999405816197, -0.5939999705879018, False, 40.55864, 1.2626393, 0.0, 7.946748, 0.6591854, 0.48999998, 16.122683
1620, 497, -0.0011999999405816197, -0.5951999705284834, False, 40.438637, 2.9151227e-08, 0.0, 6.1955046e-09, 0.4998793, 0.49, 16.1824
1620, 498, -0.0011999999405816197, -0.596399970469065, False, 40.318634, 0.0, 0.0, 0.0, 0.49999902, 0.49, 16.182455
1620, 499, -0.0011999999405816197, -0.5975999704096466, False, 40.19863, 0.0, 0.0, 0.0, 0.49999997, 0.49, 16.182535
1620, 500, -0.0011999999405816197, -0.5987999703502283, False, 40.07863, 0.0, 0.0, 0.0, 0.49999997, 0.49, 16.182665
1620, 501, -0.0011999999405816197, -0.5999999702908099, False, 39.958626, 0.0, 0.0, 0.0, 0.49999997, 0.49, 16.182837
1620, 502, -0.0011999999405816197, -0.6011999702313915, False, 39.838623, 0.00014537909, -4.707277e-05, 0.00013089333, 0.49999997, 0.48999116, 16.183075
1620, 503, -0.0011999999405816197, -0.6023999701719731, False, 39.71862, 0.16580856, 0.0, -2.4742775, 0.5728159, 0.48999995, 16.114145
1620, 504, -0.0011999999405816197, -0.6035999701125547, False, 39.598618, 0.13795638, 0.0, -4.725537, 0.73959124, 0.49, 15.942054
1620, 505, -0.0011999999405816197, -0.6047999700531363, False, 39.478615, 0.37732553, 0.0, -2.8009863, 0.8805449, 0.49, 15.794418
1620, 506, -0.0011999999405816197, -0.605999969993718, False, 39.358612, 0.37088698, 0.0, -1.5246494, 0.9613297, 0.49, 15.709804
1620, 507, -0.0011999999405816197, -0.6071999699342996, False, 39.23861, 0.254651, 0.0, 1.2794311, 0.95855296, 0.49, 15.739283
1620, 508, -0.0011999999405816197, -0.6083999698748812, False, 39.118607, 0.48826432, 0.0, 3.6082594, 0.8658365, 0.49, 15.884839
1620, 509, -0.0011999999405816197, -0.6095999698154628, False, 38.998604, 0.915905, 0.0, 5.6874638, 0.6804669, 0.49, 16.125973
1620, 510, -0.0011999999405816197, -0.6107999697560444, False, 38.8786, 1.3361263, -0.047048762, 1.1703048, 0.5008074, 0.4887416, 16.377016
1620, 511, -0.0011999999405816197, -0.6119999696966261, False, 38.7586, -0.0006484996, 1.4901161e-08, 0.0011233006, 0.50000644, 0.4875335, 16.404064
1620, 512, -0.0011999999405816197, -0.6131999696372077, False, 38.638596, -5.6053605e-06, 1.4901161e-08, 7.715531e-06, 0.50000006, 0.48853812, 16.404072
1620, 513, -0.0011999999405816197, -0.6143999695777893, False, 38.518593, -3.988217e-08, 0.0, 4.4295895e-08, 0.50000006, 0.48913354, 16.404095
1620, 514, -0.0011999999405816197, -0.6155999695183709, False, 38.39859, 0.16571915, 0.0, -2.4744322, 0.57244027, 0.4899931, 16.335499
1620, 515, -0.0011999999405816197, -0.6167999694589525, False, 38.278587, 0.13788271, 0.0, -4.7256765, 0.739215, 0.48999992, 16.163399
1620, 516, -0.0011999999405816197, -0.6179999693995342, False, 38.158585, -0.21333218, 0.0, -2.8183155, 0.88017064, 0.49, 16.015757
1620, 517, -0.0011999999405816197, -0.6191999693401158, False, 38.03858, 0.045764983, 0.0, -1.568505, 0.960957, 0.49, 15.931138
1620, 518, -0.0011999999405816197, -0.6203999692806974, False, 37.91858, -0.023609936, 0.0, 1.2743933, 0.9469831, 0.49, 15.952593
1620, 519, -0.0011999999405816197, -0.621599969221279, False, 37.798576, 0.2655878, 0.0, 3.6262076, 0.8428642, 0.49, 16.089453
1620, 520, -0.0011999999405816197, -0.6227999691618606, False, 37.678574, 0.72977114, 0.0, 5.7225704, 0.64796144, 0.49, 16.323309
1620, 521, -0.0011999999405816197, -0.6239999691024423, False, 37.55857, 1.2617112, -0.045352742, 1.1359929, 0.49327266, 0.489226, 16.552261
1620, 522, -0.0011999999405816197, -0.6251999690430239, False, 37.43857, 0.0027249327, -0.00049576163, 0.001979673, 0.49994615, 0.48742762, 16.58565
1620, 523, -0.0011999999405816197, -0.6263999689836055, False, 37.318565, -3.9882167e-08, 0.0, 4.42959e-08, 0.49999955, 0.48847535, 16.58566
1620, 524, -0.0011999999405816197, -0.6275999689241871, False, 37.198563, 0.0, 0.0, 0.0, 0.5, 0.48909634, 16.585701
1620, 525, -0.0011999999405816197, -0.6287999688647687, False, 37.07856, 3.5762787e-07, 0.0, -2.4810271, 0.566767, 0.48999277, 16.511553
1620, 526, -0.0011999999405816197, -0.6299999688053504, False, 36.958557, -0.0057772994, 0.0, 0.666212, 0.5767608, 0.48999995, 16.49756
1620, 527, -0.0011999999405816197, -0.631199968745932, False, 36.838554, -0.23200631, 0.0, 3.0750306, 0.47592607, 0.49, 16.591387
1620, 528, -0.0011999999405816197, -0.6323999686865136, False, 36.71855, 0.036534607, 0.0, -1.6265353, 0.52877593, 0.49, 16.556692
1620, 529, -0.0011999999405816197, -0.6335999686270952, False, 36.59855, 0.061695278, 0.0, 1.2165293, 0.51343423, 0.49, 16.572485
1620, 530, -0.0011999999405816197, -0.6347999685676768, False, 36.478546, -0.0011434993, -0.0034286678, 0.025739048, 0.5001074, 0.48891383, 16.586313
1620, 531, -0.0011999999405816197, -0.6359999685082585, False, 36.358543, -8.577522e-05, -1.4901161e-08, 0.00014869515, 0.50000083, 0.48935625, 16.586336
1620, 532, -0.0011999999405816197, -0.6371999684488401, False, 36.23854, 0.0, 0.0, 0.0, 0.5, 0.48961848, 16.58636
1620, 533, -0.0011999999405816197, -0.6383999683894217, False, 36.118538, 3.9882167e-08, 0.0, -4.42959e-08, 0.5, 0.48977384, 16.586443
1620, 534, -0.0011999999405816197, -0.6395999683300033, False, 35.998535, 0.00035512022, -0.000110432506, 0.00031973532, 0.5, 0.48973206, 16.58717
1620, 535, -0.0011999999405816197, -0.6407999682705849, False, 35.878532, 0.0, 0.0, 0.0, 0.5, 0.48980945, 16.587454
1620, 536, -0.0011999999405816197, -0.6419999682111666, False, 35.75853, 0.0, 0.0, 0.0, 0.5, 0.48988706, 16.587574
1620, 537, -0.0011999999405816197, -0.6431999681517482, False, 35.638527, -2.4241952e-08, 1.4901161e-08, 5.44522e-08, 0.5, 0.489933, 16.58768
1620, 538, -0.0011999999405816197, -0.6443999680923298, False, 35.518524, -3.991005e-09, 0.0, 6.65204e-08, 0.5, 0.4899603, 16.58779
1620, 539, -0.0011999999405816197, -0.6455999680329114, False, 35.39852, 4.8222088e-08, -1.4901161e-08, 3.5033473e-08, 0.5, 0.48997647, 16.587948
1620, 540, -0.0011999999405816197, -0.646799967973493, False, 35.27852, 0.00010715626, -3.4704804e-05, 9.655908e-05, 0.5, 0.48998603, 16.58815
1620, 541, -0.0011999999405816197, -0.6479999679140747, False, 35.158516, 0.0016926551, -0.00054325163, 0.0018797873, 0.5, 0.48948985, 16.590778
1620, 542, -0.0011999999405816197, -0.6491999678546563, False, 35.038513, 0.0012118816, -1.4901161e-08, -2.4790268, 0.56689936, 0.4899959, 16.5166
1620, 543, -0.0011999999405816197, -0.6503999677952379, False, 34.91851, -0.005006522, -1.4901161e-08, 0.6679722, 0.57685405, 0.48999998, 16.502724
1620, 544, -0.0011999999405816197, -0.6515999677358195, False, 34.798508, -0.23157752, -1.4901161e-08, 3.0766816, 0.47597146, 0.48999998, 16.596643
1620, 545, -0.0011999999405816197, -0.6527999676764011, False, 34.678505, 0.0025609683, -0.00065398216, 0.0023057864, 0.49980778, 0.48893926, 16.610844
1620, 546, -0.0011999999405816197, -0.6539999676169828, False, 34.558502, 0.0006860875, -0.00022032857, 0.0007620272, 0.49999845, 0.48930773, 16.611195
1620, 547, -0.0011999999405816197, -0.6551999675575644, False, 34.4385, 0.0004914999, 0.0, -2.4802158, 0.5668397, 0.48999447, 16.53701
1620, 548, -0.0011999999405816197, -0.656399967498146, False, 34.318497, 0.00040864944, 0.0, -4.73068, 0.7273237, 0.48999995, 16.358822
1620, 549, -0.0011999999405816197, -0.6575999674387276, False, 34.198494, 0.00035095215, 0.0, -6.7719398, 0.9725007, 0.49, 16.086573
1620, 550, -0.0011999999405816197, -0.6587999673793092, False, 34.07849, -0.40874565, 0.0, -2.9758813, 1.1404648, 0.49, 15.896222
1620, 551, -0.0011999999405816197, -0.6599999673198909, False, 33.95849, -0.053585947, 0.0, -1.685652, 1.2211938, 0.49, 15.800627
1620, 552, -0.0011999999405816197, -0.6611999672604725, False, 33.838486, 0.011463404, 0.0, 1.1697181, 1.2055353, 0.49, 15.811746
1620, 553, -0.0011999999405816197, -0.6623999672010541, False, 33.718483, -0.26551378, 0.0, 3.5307307, 1.0842552, 0.49, 15.925185
1620, 554, -0.0011999999405816197, -0.6635999671416357, False, 33.59848, 0.2732134, 0.0, 5.683714, 0.87176126, 0.49, 16.135984
1620, 555, -0.0011999999405816197, -0.6647999670822173, False, 33.478477, -0.46549726, 0.0, 7.6268597, 0.57140183, 0.49, 16.429958
1620, 556, -0.0011999999405816197, -0.665999967022799, False, 33.358475, 0.8858585, -1.4901161e-08, 0.79758906, 0.49818245, 0.48755723, 16.598282
1620, 557, -0.0011999999405816197, -0.6671999669633806, False, 33.238472, 0.0, 1.4901161e-08, 0.0, 0.49998543, 0.4874564, 16.615105
1620, 558, -0.0011999999405816197, -0.6683999669039622, False, 33.11847, 0.0, 0.0, 0.0, 0.4999999, 0.48849246, 16.61511
1620, 559, -0.0011999999405816197, -0.6695999668445438, False, 32.998466, 2.7226104e-08, 0.0, 1.2120964e-08, 0.5, 0.4891065, 16.615122
1620, 560, -0.0011999999405816197, -0.6707999667851254, False, 32.878464, 0.0, 0.0, 0.0, 0.5, 0.48947042, 16.615137
1620, 561, -0.0011999999405816197, -0.671999966725707, False, 32.75846, 4.8222102e-08, -1.4901161e-08, 3.503345e-08, 0.5, 0.4896861, 16.61517
1620, 562, -0.0011999999405816197, -0.6731999666662887, False, 32.63846, 0.0, 0.0, 0.0, 0.5, 0.48981395, 16.61527
1620, 563, -0.0011999999405816197, -0.6743999666068703, False, 32.518456, 0.0016148414, -0.0005182922, 0.0017933692, 0.5, 0.4894762, 16.617409
1620, 564, -0.0011999999405816197, -0.6755999665474519, False, 32.398453, 0.16667473, -1.4901161e-08, -2.4724092, 0.56498575, 0.48999584, 16.541603
1620, 565, -0.0011999999405816197, -0.6767999664880335, False, 32.27845, -0.05007112, -1.4901161e-08, -1.3378911, 0.6297305, 0.48999998, 16.464056
1620, 566, -0.0011999999405816197, -0.6779999664286152, False, 32.158447, -0.04027605, -1.4901161e-08, -3.6945899, 0.7452887, 0.48999998, 16.33186
1620, 567, -0.0011999999405816197, -0.6791999663691968, False, 32.038445, -0.034176588, -1.4901161e-08, -5.8321733, 0.9498497, 0.48999998, 16.101448
1620, 568, -0.0011999999405816197, -0.6803999663097784, False, 31.918442, -0.39250624, -1.4901161e-08, -3.5350418, 1.1192006, 0.48999998, 15.911143
1620, 569, -0.0011999999405816197, -0.68159996625036, False, 31.798439, -0.11493283, -1.4901161e-08, -0.12271997, 1.1628624, 0.48999998, 15.850848
1620, 570, -0.0011999999405816197, -0.6827999661909416, False, 31.678436, 0.07457578, -1.4901161e-08, 2.373519, 1.0945702, 0.48999998, 15.915066
1620, 571, -0.0011999999405816197, -0.6839999661315233, False, 31.558434, -0.09305775, -1.4901161e-08, 1.2670898, 1.0250694, 0.48999998, 15.98171
1620, 572, -0.0011999999405816197, -0.6851999660721049, False, 31.43843, -0.039532006, -1.4901161e-08, -1.5395838, 1.0511099, 0.48999998, 15.948727
1620, 573, -0.0011999999405816197, -0.6863999660126865, False, 31.318428, -0.032049417, -1.4901161e-08, -3.8775132, 1.1746528, 0.48999998, 15.808458
1620, 574, -0.0011999999405816197, -0.6875999659532681, False, 31.198425, -0.027256012, -1.4901161e-08, -5.998089, 1.3864242, 0.48999998, 15.570698
1620, 575, -0.0011999999405816197, -0.6887999658938497, False, 31.078423, -0.35661995, -1.4901161e-08, -2.2756834, 1.5242008, 0.48999998, 15.411729
1620, 576, -0.0011999999405816197, -0.6899999658344314, False, 30.95842, -0.17293787, -1.4901161e-08, 0.7993876, 1.5198909, 0.48999998, 15.39405
1620, 577, -0.0011999999405816197, -0.691199965775013, False, 30.838417, -0.37457132, -1.4901161e-08, 3.1820693, 1.3987563, 0.48999998, 15.47442
1620, 578, -0.0011999999405816197, -0.6923999657155946, False, 30.718414, -0.77789474, -1.4901161e-08, 5.3129, 1.1795775, 0.48999998, 15.648326
1620, 579, -0.0011999999405816197, -0.6935999656561762, False, 30.598412, -0.8886974, -1.4901161e-08, 1.6087551, 1.0321844, 0.48999998, 15.747339
1620, 580, -0.0011999999405816197, -0.6947999655967578, False, 30.478409, -0.40452647, -1.4901161e-08, 4.012989, 0.8801432, 0.48999998, 15.873285
1620, 581, -0.0011999999405816197, -0.6959999655373394, False, 30.358406, 0.19968867, -1.4901161e-08, 6.131687, 0.6438738, 0.48999998, 16.099197
1620, 582, -0.0011999999405816197, -0.6971999654779211, False, 30.238403, 1.0487539, -0.038364887, 0.9442519, 0.48750964, 0.48977512, 16.303246
1620, 583, -0.0011999999405816197, -0.6983999654185027, False, 30.1184, 0.008955024, -0.001989752, 0.009944944, 0.49990004, 0.48782805, 16.330332
1620, 584, -0.0011999999405816197, -0.6995999653590843, False, 29.998398, 0.17105103, 0.0, -2.4636996, 0.56414044, 0.48998263, 16.255857
1620, 585, -0.0011999999405816197, -0.7007999652996659, False, 29.878395, 0.14228725, 0.0, -4.715959, 0.71188146, 0.4899999, 16.067924
1620, 586, -0.0011999999405816197, -0.7019999652402475, False, 29.758392, -0.10048711, 0.0, -1.133274, 0.7970573, 0.48999998, 15.958954
1620, 587, -0.0011999999405816197, -0.7031999651808292, False, 29.63839, 0.06026894, 0.0, 1.6454273, 0.7617548, 0.48999998, 15.992338
1620, 588, -0.0011999999405816197, -0.7043999651214108, False, 29.518387, -0.27045906, 0.0, 3.9641528, 0.6223047, 0.48999998, 16.125587
1620, 589, -0.0011999999405816197, -0.7055999650619924, False, 29.398384, 0.7878805, -0.03680548, 0.70937276, 0.49588498, 0.4892781, 16.289186
1620, 590, -0.0011999999405816197, -0.706799965002574, False, 29.278381, 0.0, 0.0, 0.0, 0.4999671, 0.4882882, 16.304909
1620, 591, -0.0011999999405816197, -0.7079999649431556, False, 29.158379, 0.0, 0.0, 0.0, 0.4999997, 0.48898542, 16.304922
1620, 592, -0.0011999999405816197, -0.7091999648837373, False, 29.038376, 0.0, 0.0, 0.0, 0.5, 0.4893987, 16.30494
1620, 593, -0.0011999999405816197, -0.7103999648243189, False, 28.918373, 0.0, 0.0, 0.0, 0.5, 0.48964363, 16.304956
1620, 594, -0.0011999999405816197, -0.7115999647649005, False, 28.79837, 0.0, 0.0, 0.0, 0.5, 0.48978883, 16.305016
1620, 595, -0.0011999999405816197, -0.7127999647054821, False, 28.678368, 0.0, 0.0, 0.0, 0.5, 0.48987484, 16.305153
1620, 596, -0.0011999999405816197, -0.7139999646460637, False, 28.558365, 0.0016423586, -0.0005271584, 0.0018240149, 0.5, 0.48948106, 16.307465
1620, 597, -0.0011999999405816197, -0.7151999645866454, False, 28.438362, 0.0011759996, -1.4901161e-08, -2.479086, 0.5668967, 0.48999584, 16.233286
1620, 598, -0.0011999999405816197, -0.716399964527227, False, 28.31836, 0.0009784698, -1.4901161e-08, -4.7296557, 0.7273659, 0.48999998, 16.055168
1620, 599, -0.0011999999405816197, -0.7175999644678086, False, 28.198357, 0.000838995, -1.4901161e-08, -6.7710104, 0.97252756, 0.48999998, 15.782982
1620, 600, -0.0011999999405816197, -0.7187999644083902, False, 28.078354, 0.43718195, -1.4901161e-08, -4.1545486, 1.1718056, 0.48999998, 15.561728
1620, 601, -0.0011999999405816197, -0.7199999643489718, False, 27.958351, 0.15534297, -1.4901161e-08, -0.6573969, 1.2503437, 0.48999998, 15.48664
1620, 602, -0.0011999999405816197, -0.7211999642895535, False, 27.838348, 0.18875259, -1.4901161e-08, 1.8820957, 1.2098956, 0.48999998, 15.536168
1620, 603, -0.0011999999405816197, -0.7223999642301351, False, 27.718346, -0.18759072, -1.4901161e-08, 4.1891856, 1.0650566, 0.48999998, 15.683355
1620, 604, -0.0011999999405816197, -0.7235999641707167, False, 27.598343, -0.16007996, -1.4901161e-08, 6.2809396, 0.83275026, 0.48999998, 15.926223
1620, 605, -0.0011999999405816197, -0.7247999641112983, False, 27.47834, 0.61867905, -1.4901161e-08, 8.155266, 0.5208456, 0.48999998, 16.255625
1620, 606, -0.0011999999405816197, -0.7259999640518799, False, 27.358337, 1.0097471, -1.1920929e-07, 0.9091312, 0.495949, 0.48811823, 16.411665
1620, 607, -0.0011999999405816197, -0.7271999639924616, False, 27.238335, 0.699003, 0.0, -1.7856954, 0.5681076, 0.48998496, 16.407967
1620, 608, -0.0011999999405816197, -0.7283999639330432, False, 27.118332, 0.44782853, 0.0, 1.0643576, 0.5764113, 0.4899999, 16.437729
1620, 609, -0.0011999999405816197, -0.7295999638736248, False, 26.99833, 0.02439192, -0.028911605, 0.6762914, 0.5024314, 0.48884937, 16.52346
1620, 610, -0.0011999999405816197, -0.7307999638142064, False, 26.878326, -0.0020153944, 1.4901161e-08, 0.0033452485, 0.50001943, 0.4891033, 16.52545
1620, 611, -0.0011999999405816197, -0.731999963754788, False, 26.758324, -2.2373853e-05, 0.0, 2.4850036e-05, 0.5000002, 0.48946854, 16.525478
1620, 612, -0.0011999999405816197, -0.7331999636953697, False, 26.63832, 0.0013879044, -0.00044552982, 0.0015412522, 0.5, 0.48943645, 16.526737
1620, 613, -0.0011999999405816197, -0.7343999636359513, False, 26.518318, 0.0009937286, 0.0, -2.4793868, 0.56688255, 0.48999548, 16.452557
1620, 614, -0.0011999999405816197, -0.7355999635765329, False, 26.398315, 0.00082707405, 0.0, -4.7299285, 0.7273558, 0.48999998, 16.274422
1620, 615, -0.0011999999405816197, -0.7367999635171145, False, 26.278313, 0.00070905685, 0.0, -6.7712574, 0.97252154, 0.48999998, 16.00222
1620, 616, -0.0011999999405816197, -0.7379999634576961, False, 26.15831, -0.4083829, 0.0, -2.9752977, 1.1404744, 0.48999998, 15.811912
1620, 617, -0.0011999999405816197, -0.7391999633982778, False, 26.038307, -0.16599858, 0.0, 0.20486863, 1.1632322, 0.48999998, 15.769938
1620, 618, -0.0011999999405816197, -0.7403999633388594, False, 25.918304, 0.06251073, 0.0, 2.6738334, 1.0805551, 0.48999998, 15.84601
1620, 619, -0.0011999999405816197, -0.741599963279441, False, 25.798302, -0.36405087, 0.0, 4.8922095, 0.8982576, 0.48999998, 16.018108
1620, 620, -0.0011999999405816197, -0.7427999632200226, False, 25.678299, -0.2819894, 0.0, 1.2982904, 0.78513455, 0.48999998, 16.115639
1620, 621, -0.0011999999405816197, -0.7439999631606042, False, 25.558296, -0.14512104, 0.0, -1.4915049, 0.80369705, 0.48999998, 16.080048
1620, 622, -0.0011999999405816197, -0.7451999631011859, False, 25.438293, -0.11745882, 0.0, -3.8342052, 0.9213737, 0.48999998, 15.938115
1620, 623, -0.0011999999405816197, -0.7463999630417675, False, 25.31829, 0.42615008, 0.0, -5.9440217, 1.1261148, 0.48999998, 15.697391
1620, 624, -0.0011999999405816197, -0.7475999629823491, False, 25.198288, 0.63851357, 0.0, -3.5843167, 1.2939596, 0.48999998, 15.498084
1620, 625, -0.0011999999405816197, -0.7487999629229307, False, 25.078285, 0.29302678, 0.0, -0.2110935, 1.3563255, 0.48999998, 15.446068
1620, 626, -0.0011999999405816197, -0.7499999628635123, False, 24.958282, 0.34837532, 0.0, 2.2703292, 1.3128699, 0.48999998, 15.524291
1620, 627, -0.0011999999405816197, -0.751199962804094, False, 24.83828, 0.6650989, 0.0, 4.493454, 1.1720524, 0.48999998, 15.704281
1620, 628, -0.0011999999405816197, -0.7523999627446756, False, 24.718277, -0.021562815, 0.0, 6.589671, 0.9354947, 0.48999998, 15.969182
1620, 629, -0.0011999999405816197, -0.7535999626852572, False, 24.598274, -0.01872778, 0.0, 8.458118, 0.6194977, 0.48999998, 16.318352
1620, 630, -0.0011999999405816197, -0.7547999626258388, False, 24.478271, 1.2242259, 1.4901161e-08, 1.3595679, 0.49992916, 0.4864828, 16.551912
1620, 631, -0.0011999999405816197, -0.7559999625664204, False, 24.358269, 0.35258693, 4.4703484e-08, 0.39156651, 0.49999946, 0.48703903, 16.606842
1620, 632, -0.0011999999405816197, -0.7571999625070021, False, 24.238266, 0.23328072, -1.4901161e-08, -2.1428738, 0.56289005, 0.4899763, 16.558895
1620, 633, -0.0011999999405816197, -0.7583999624475837, False, 24.118263, 0.19264078, -1.4901161e-08, -4.4252663, 0.71979743, 0.48999986, 16.402996
1620, 634, -0.0011999999405816197, -0.7595999623881653, False, 23.99826, 0.74513674, -1.4901161e-08, -6.4495363, 0.9592083, 0.49, 16.148756
1620, 635, -0.0011999999405816197, -0.7607999623287469, False, 23.878258, 0.8704536, -1.4901161e-08, -3.897262, 1.1520883, 0.49, 15.93894
1620, 636, -0.0011999999405816197, -0.7619999622693285, False, 23.758255, 0.47624758, -1.4901161e-08, -0.5017751, 1.2342281, 0.49, 15.8782215
1620, 637, -0.0011999999405816197, -0.7631999622099102, False, 23.638252, 0.43306494, -1.4901161e-08, 2.022262, 1.205457, 0.49, 15.948794
1620, 638, -0.0011999999405816197, -0.7643999621504918, False, 23.51825, 0.7095077, -1.4901161e-08, 4.263358, 1.0771979, 0.49, 16.121372
1620, 639, -0.0011999999405816197, -0.7655999620910734, False, 23.398247, 0.036655188, -1.4901161e-08, 6.38636, 0.8518094, 0.49, 16.379366
1620, 640, -0.0011999999405816197, -0.766799962031655, False, 23.278244, 0.03180027, -1.4901161e-08, 8.27371, 0.54582536, 0.49, 16.722168
1620, 641, -0.0011999999405816197, -0.7679999619722366, False, 23.158241, 1.2978963, -7.4505806e-08, 1.1685679, 0.49710652, 0.48734152, 16.916748
1620, 642, -0.0011999999405816197, -0.7691999619128183, False, 23.038239, 0.92585015, -1.4901161e-08, -1.6013423, 0.5701939, 0.4899787, 16.931944
1620, 643, -0.0011999999405816197, -0.7703999618533999, False, 22.918236, 0.75563216, -1.4901161e-08, -3.945056, 0.74441695, 0.48999983, 16.840105
1620, 644, -0.0011999999405816197, -0.7715999617939815, False, 22.798233, 0.38934708, -1.4901161e-08, -0.5225765, 0.8391688, 0.48999998, 16.801916
1620, 645, -0.0011999999405816197, -0.7727999617345631, False, 22.67823, 0.12620997, -1.4901161e-08, 2.0573874, 0.7916389, 0.48999998, 16.859856
1620, 646, -0.0011999999405816197, -0.7739999616751447, False, 22.558228, -0.25455356, -1.4901161e-08, 4.3417034, 0.63731045, 0.48999998, 17.011217
1620, 647, -0.0011999999405816197, -0.7751999616157264, False, 22.438225, 0.82912725, -0.039980903, 0.92078996, 0.4971419, 0.48908865, 17.193783
1620, 648, -0.0011999999405816197, -0.776399961556308, False, 22.318222, 0.5325862, 0.0, -1.762078, 0.5601095, 0.48999274, 17.176414
1620, 649, -0.0011999999405816197, -0.7775999614968896, False, 22.19822, 0.43561792, 0.0, -4.082921, 0.7143541, 0.48999998, 17.046724
1620, 650, -0.0011999999405816197, -0.7787999614374712, False, 22.078217, 0.3713696, 0.0, -6.1852694, 0.9526125, 0.48999998, 16.817217
1620, 651, -0.0011999999405816197, -0.7799999613780528, False, 21.958214, 0.6225902, 0.0, -3.7461593, 1.146005, 0.48999998, 16.626755
1620, 652, -0.0011999999405816197, -0.7811999613186345, False, 21.838211, 0.28802618, 0.0, -0.33439454, 1.2182864, 0.48999998, 16.574446
1620, 653, -0.0011999999405816197, -0.7823999612592161, False, 21.718208, 0.32713258, 0.0, 2.1622462, 1.170989, 0.48999998, 16.642233
1620, 654, -0.0011999999405816197, -0.7835999611997977, False, 21.598206, -0.099081516, 0.0, 4.4547486, 1.0193363, 0.48999998, 16.80545
1620, 655, -0.0011999999405816197, -0.7847999611403793, False, 21.478203, -0.07299918, 0.0, 0.8980453, 0.93299323, 0.48999998, 16.89385
1620, 656, -0.0011999999405816197, -0.7859999610809609, False, 21.3582, -0.0033515096, 0.0, -1.6864251, 0.9669825, 0.48999998, 16.855764
1620, 657, -0.0011999999405816197, -0.7871999610215425, False, 21.238197, 0.3203591, 0.0, -3.9961982, 1.0954822, 0.48999998, 16.708942
1620, 658, -0.0011999999405816197, -0.7883999609621242, False, 21.118195, 0.81209135, 0.0, -6.0514574, 1.2983719, 0.48999998, 16.454609
1620, 659, -0.0011999999405816197, -0.7895999609027058, False, 20.998192, 0.32220876, 0.0, -2.4021654, 1.4402714, 0.48999998, 16.289942
1620, 660, -0.0011999999405816197, -0.7907999608432874, False, 20.87819, 0.14949587, 0.0, 0.68647677, 1.4570842, 0.48999998, 16.284678
1620, 661, -0.0011999999405816197, -0.791999960783869, False, 20.758186, 0.34487116, 0.0, 3.0821009, 1.3678284, 0.48999998, 16.3912
1620, 662, -0.0011999999405816197, -0.7931999607244506, False, 20.638184, 0.7431097, 0.0, 5.2252846, 1.1750605, 0.48999998, 16.58603
1620, 663, -0.0011999999405816197, -0.7943999606650323, False, 20.51818, 1.2936096, 0.0, 7.123027, 0.8783152, 0.48999998, 16.848244
1620, 664, -0.0011999999405816197, -0.7955999606056139, False, 20.398178, 1.9574051, 0.0, 8.785583, 0.47851542, 0.48999998, 17.15776
1620, 665, -0.0011999999405816197, -0.7967999605461955, False, 20.278175, 0.0, 0.0, 0.0, 0.49982813, 0.4896161, 17.16433
1620, 666, -0.0011999999405816197, -0.7979999604867771, False, 20.158173, 1.3188767e-08, -1.4901161e-08, 8.325553e-08, 0.49999866, 0.4897725, 17.16439
1620, 667, -0.0011999999405816197, -0.7991999604273587, False, 20.03817, 4.429599e-08, -1.4901161e-08, 3.9882064e-08, 0.5, 0.48986518, 17.16452
1620, 668, -0.0011999999405816197, -0.8003999603679404, False, 19.918167, 0.0016378176, -0.00052566826, 0.0018188801, 0.5, 0.48948032, 17.166805
1620, 669, -0.0011999999405816197, -0.801599960308522, False, 19.798164, 0.0011726618, -1.4901161e-08, -2.4790916, 0.56689644, 0.48999584, 17.092627
1620, 670, -0.0011999999405816197, -0.8027999602491036, False, 19.678162, 0.0009756088, -1.4901161e-08, -4.7296605, 0.72736585, 0.48999998, 16.914509
1620, 671, -0.0011999999405816197, -0.8039999601896852, False, 19.558159, 0.0008378029, -1.4901161e-08, -6.771015, 0.9725278, 0.48999998, 16.642323
1620, 672, -0.0011999999405816197, -0.8051999601302668, False, 19.438156, 0.0007286072, -1.4901161e-08, -8.622602, 1.2945086, 0.48999998, 16.284817
1620, 673, -0.0011999999405816197, -0.8063999600708485, False, 19.318153, -0.5853801, -1.4901161e-08, -4.645152, 1.5321094, 0.48999998, 16.017109
1620, 674, -0.0011999999405816197, -0.8075999600114301, False, 19.19815, -0.64884096, -1.4901161e-08, -1.0271789, 1.6104566, 0.48999998, 15.902848
1620, 675, -0.0011999999405816197, -0.8087999599520117, False, 19.078148, -0.31778914, -1.4901161e-08, 1.7190931, 1.5525056, 0.48999998, 15.908221
1620, 676, -0.0011999999405816197, -0.8099999598925933, False, 18.958145, 0.06834376, -1.4901161e-08, 4.05409, 1.37231, 0.48999998, 15.990119
1620, 677, -0.0011999999405816197, -0.8111999598331749, False, 18.838142, 0.60411096, -1.4901161e-08, 6.125741, 1.0728645, 0.48999998, 16.124598
1620, 678, -0.0011999999405816197, -0.8123999597737566, False, 18.71814, 1.2626309, -1.4901161e-08, 7.946742, 0.6591915, 0.48999998, 16.29086
1620, 679, -0.0011999999405816197, -0.8135999597143382, False, 18.598137, 0.0, 0.0, 0.0, 0.49987957, 0.49, 16.350552
1620, 680, -0.0011999999405816197, -0.8147999596549198, False, 18.478134, 0.0, 0.0, 0.0, 0.49999905, 0.49, 16.35056
1620, 681, -0.0011999999405816197, -0.8159999595955014, False, 18.358131, 0.0, 0.0, 0.0, 0.49999997, 0.49, 16.350607
1620, 682, -0.0011999999405816197, -0.817199959536083, False, 18.238129, 0.0, 0.0, 0.0, 0.49999997, 0.49, 16.350687
1620, 683, -0.0011999999405816197, -0.8183999594766647, False, 18.118126, 0.0, 0.0, 0.0, 0.49999997, 0.49, 16.350817
1620, 684, -0.0011999999405816197, -0.8195999594172463, False, 17.998123, 0.0, 0.0, 0.0, 0.49999997, 0.49, 16.350988
1620, 685, -0.0011999999405816197, -0.8207999593578279, False, 17.87812, 0.00014533535, -4.7057867e-05, 0.00013085283, 0.49999997, 0.4899912, 16.351227
1620, 686, -0.0011999999405816197, -0.8219999592984095, False, 17.758118, 0.16580796, 0.0, -2.4742777, 0.5728162, 0.48999998, 16.282297
1620, 687, -0.0011999999405816197, -0.8231999592389911, False, 17.638115, 0.5343864, 0.0, -4.6923814, 0.73761415, 0.48999998, 16.10852
1620, 688, -0.0011999999405816197, -0.8243999591795728, False, 17.518112, 0.4582882, 0.0, -6.7382755, 0.9751374, 0.48999998, 15.830829
1620, 689, -0.0011999999405816197, -0.8255999591201544, False, 17.39811, -0.02617836, 0.0, -2.9866416, 1.1410217, 0.48999998, 15.639859
1620, 690, -0.0011999999405816197, -0.826799959060736, False, 17.278107, -0.053496905, 0.0, 0.21653248, 1.1691912, 0.48999998, 15.604144
1620, 691, -0.0011999999405816197, -0.8279999590013176, False, 17.158104, -0.22517681, 0.0, 2.6656961, 1.0855972, 0.48999998, 15.67933
1620, 692, -0.0011999999405816197, -0.8291999589418992, False, 17.038101, -0.27601755, 0.0, 1.4430416, 1.005326, 0.48999998, 15.75463
1620, 693, -0.0011999999405816197, -0.8303999588824809, False, 16.918098, 0.07850504, 0.0, 3.801123, 0.8850059, 0.48999998, 15.891523
1620, 694, -0.0011999999405816197, -0.8315999588230625, False, 16.798096, -0.45597696, 0.0, 5.910662, 0.6799524, 0.48999998, 16.129461
1620, 695, -0.0011999999405816197, -0.8327999587636441, False, 16.678093, 1.3585427, -0.054085866, 1.7196691, 0.50070584, 0.48857293, 16.400015
1620, 696, -0.0011999999405816197, -0.8339999587042257, False, 16.55809, 0.9015255, 0.0, -1.2961487, 0.56118613, 0.48998863, 16.430117
1620, 697, -0.0011999999405816197, -0.8351999586448073, False, 16.438087, 0.6543566, 0.0, 1.4192896, 0.55870277, 0.48999995, 16.483301
1620, 698, -0.0011999999405816197, -0.836399958585389, False, 16.318085, 0.38130882, -0.027765512, 0.34331197, 0.49757805, 0.48930374, 16.57727
1620, 699, -0.0011999999405816197, -0.8375999585259706, False, 16.198082, 4.8222216e-08, 0.0, 3.5033295e-08, 0.49998063, 0.48905948, 16.582321
1620, 700, -0.0011999999405816197, -0.8387999584665522, False, 16.07808, 0.0, 0.0, 0.0, 0.49999985, 0.48944256, 16.58235
1620, 701, -0.0011999999405816197, -0.8399999584071338, False, 15.958078, 0.0013640973, -0.00043793023, 0.0015148052, 0.5, 0.48943228, 16.583551
1620, 702, -0.0011999999405816197, -0.8411999583477154, False, 15.8380785, 0.0009771585, -1.4901161e-08, -2.4794152, 0.5668814, 0.48999548, 16.509373
1620, 703, -0.0011999999405816197, -0.8423999582882971, False, 15.718079, 0.00081276894, -1.4901161e-08, -4.7299542, 0.72735554, 0.48999998, 16.331236
1620, 704, -0.0011999999405816197, -0.8435999582288787, False, 15.598079, 0.0006971359, -1.4901161e-08, -6.771282, 0.9725225, 0.48999998, 16.05903
1620, 705, -0.0011999999405816197, -0.8447999581694603, False, 15.478079, -0.43625772, -1.4901161e-08, -4.154827, 1.1718049, 0.48999998, 15.837763
1620, 706, -0.0011999999405816197, -0.8459999581100419, False, 15.358079, -0.4629932, -1.4901161e-08, -0.60385513, 1.2353051, 0.48999998, 15.748129
1620, 707, -0.0011999999405816197, -0.8471999580506235, False, 15.238079, -0.40535104, -1.4901161e-08, 1.9398605, 1.1696879, 0.48999998, 15.774773
1620, 708, -0.0011999999405816197, -0.8483999579912052, False, 15.118079, -0.30900586, -1.4901161e-08, 0.9622874, 1.1020269, 0.48999998, 15.814145
1620, 709, -0.0011999999405816197, -0.8495999579317868, False, 14.998079, -0.14489824, -1.4901161e-08, -1.7042258, 1.1295959, 0.48999998, 15.768866
1620, 710, -0.0011999999405816197, -0.8507999578723684, False, 14.878079, 0.016541332, -1.4901161e-08, -0.83107114, 1.169353, 0.48999998, 15.716377
1620, 711, -0.0011999999405816197, -0.85199995781295, False, 14.75808, 0.09403199, -1.4901161e-08, 1.7246, 1.1361392, 0.48999998, 15.758429
1620, 712, -0.0011999999405816197, -0.8531999577535316, False, 14.63808, -0.2503767, -1.4901161e-08, 4.038564, 1.0097139, 0.48999998, 15.91002
1620, 713, -0.0011999999405816197, -0.8543999576941133, False, 14.51808, 0.3326118, -1.4901161e-08, 6.140505, 0.80423725, 0.48999998, 16.165417
1620, 714, -0.0011999999405816197, -0.8555999576346949, False, 14.39808, 1.0300336, -1.4901161e-08, 7.984066, 0.51757866, 0.48999998, 16.506933
1620, 715, -0.0011999999405816197, -0.8567999575752765, False, 14.27808, 0.3347473, 0.0, 0.3392397, 0.50014067, 0.48624995, 16.615063
1620, 716, -0.0011999999405816197, -0.8579999575158581, False, 14.15808, 0.087420166, 0.0, -2.206472, 0.5705482, 0.48997, 16.573757
1620, 717, -0.0011999999405816197, -0.8591999574564397, False, 14.03808, -0.024882972, 0.0, 0.85145354, 0.57560974, 0.48999974, 16.573689
1620, 718, -0.0011999999405816197, -0.8603999573970214, False, 13.91808, -0.068603426, -0.03338693, 0.74185467, 0.502737, 0.4888152, 16.647173
1620, 719, -0.0011999999405816197, -0.861599957337603, False, 13.79808, -4.1200043e-10, 1.4901161e-08, 2.601759e-09, 0.50009686, 0.4899858, 16.64799
1620, 720, -0.0011999999405816197, -0.8627999572781846, False, 13.678081, 0.0018225267, -0.0005823821, 0.0022520327, 0.50000083, 0.48905885, 16.654144
1620, 721, -0.0011999999405816197, -0.8639999572187662, False, 13.558081, 0.0013051033, 0.0, -2.4786677, 0.5667181, 0.4899925, 16.580177
1620, 722, -0.0011999999405816197, -0.8651999571593478, False, 13.438081, 0.0010855198, 0.0, -4.729276, 0.72717583, 0.48999995, 16.402084
1620, 723, -0.0011999999405816197, -0.8663999570999295, False, 13.318081, 0.00093126297, 0.0, -6.770665, 0.9723282, 0.49, 16.12992
1620, 724, -0.0011999999405816197, -0.8675999570405111, False, 13.198081, -0.4360714, 0.0, -4.154436, 1.1715994, 0.49, 15.90868
1620, 725, -0.0011999999405816197, -0.8687999569810927, False, 13.078081, -0.46279183, 0.0, -0.6035219, 1.2350899, 0.49, 15.819069
1620, 726, -0.0011999999405816197, -0.8699999569216743, False, 12.958081, -0.40526277, 0.0, 1.9401171, 1.169465, 0.49, 15.845727
1620, 727, -0.0011999999405816197, -0.8711999568622559, False, 12.838081, -0.30898535, 0.0, 0.9624556, 1.1017976, 0.49, 15.88511
1620, 728, -0.0011999999405816197, -0.8723999568028376, False, 12.718081, -0.14487475, 0.0, -1.704129, 1.1293637, 0.49, 15.839836
1620, 729, -0.0011999999405816197, -0.8735999567434192, False, 12.598082, -0.11813331, 0.0, -4.027022, 1.2550187, 0.49, 15.688999
1620, 730, -0.0011999999405816197, -0.8747999566840008, False, 12.478082, 0.44356728, 0.0, -6.1180406, 1.4669809, 0.49, 15.440185
1620, 731, -0.0011999999405816197, -0.8759999566245824, False, 12.358082, 0.015778184, 0.0, -2.4257216, 1.6115975, 0.49, 15.276867
1620, 732, -0.0011999999405816197, -0.877199956565164, False, 12.238082, 0.0071150362, 0.0, 0.71538335, 1.6199802, 0.49, 15.265614
1620, 733, -0.0011999999405816197, -0.8783999565057456, False, 12.118082, 0.237643, 0.0, 3.1192815, 1.5141125, 0.49, 15.357982
1620, 734, -0.0011999999405816197, -0.8795999564463273, False, 11.998082, -0.2590475, 0.0, 5.30993, 1.3000542, 0.49, 15.532405
1620, 735, -0.0011999999405816197, -0.8807999563869089, False, 11.878082, -0.88688374, 0.0, 7.241535, 0.9959556, 0.49, 15.790803
1620, 736, -0.0011999999405816197, -0.8819999563274905, False, 11.758082, 0.07915926, 0.0, 9.089653, 0.6182606, 0.49, 16.133753
1620, 737, -0.0011999999405816197, -0.8831999562680721, False, 11.6380825, 0.8050687, -4.4703484e-08, 0.7248439, 0.49903208, 0.48748916, 16.321234
1620, 738, -0.0011999999405816197, -0.8843999562086537, False, 11.518083, 0.54510146, 0.0, -1.9136653, 0.5700069, 0.48997992, 16.304386
1620, 739, -0.0011999999405816197, -0.8855999561492354, False, 11.398083, 0.4478346, 0.0, -4.220269, 0.74378836, 0.48999986, 16.186394
1620, 740, -0.0011999999405816197, -0.886799956089817, False, 11.278083, 0.4818751, 0.0, -0.6601464, 0.84275377, 0.49, 16.130692
1620, 741, -0.0011999999405816197, -0.8879999560303986, False, 11.158083, 0.16146718, 0.0, -0.17852594, 0.8671389, 0.49, 16.125566
1620, 742, -0.0011999999405816197, -0.8891999559709802, False, 11.038083, 0.11918998, 0.0, -2.644326, 0.9383368, 0.49, 16.040794
1620, 743, -0.0011999999405816197, -0.8903999559115618, False, 10.918083, 0.040289387, 0.0, 0.51086843, 0.9561871, 0.49, 16.021217
1620, 744, -0.0011999999405816197, -0.8915999558521435, False, 10.798083, 0.2437303, 0.0, 2.9321265, 0.8694754, 0.49, 16.116703
1620, 745, -0.0011999999405816197, -0.8927999557927251, False, 10.678083, -0.23692608, 0.0, 5.1416273, 0.68283886, 0.49, 16.305723
1620, 746, -0.0011999999405816197, -0.8939999557333067, False, 10.558084, 0.865443, -0.045510784, 1.3613923, 0.5021633, 0.48875073, 16.52531
1620, 747, -0.0011999999405816197, -0.8951999556738883, False, 10.438084, -0.0023163015, -1.4901161e-08, 0.0025727549, 0.5000172, 0.4877884, 16.547377
1620, 748, -0.0011999999405816197, -0.89639995561447, False, 10.318084, -1.6815982e-05, 0.0, 2.3146664e-05, 0.50000006, 0.48868918, 16.54739
1620, 749, -0.0011999999405816197, -0.8975999555550516, False, 10.198084, 3.9881982e-08, 0.0, -4.4296062e-08, 0.50000006, 0.48922306, 16.547413
1620, 750, -0.0011999999405816197, -0.8987999554956332, False, 10.078084, 0.0011584923, -0.0003719628, 0.001286471, 0.50000006, 0.4893961, 16.548143
1620, 751, -0.0011999999405816197, -0.8999999554362148, False, 9.958084, 0.00082981586, -1.4901161e-08, -2.479658, 0.56687003, 0.48999518, 16.47396
1620, 752, -0.0011999999405816197, -0.9011999553767964, False, 9.838084, 0.0006906986, -1.4901161e-08, -4.7301745, 0.72734743, 0.48999998, 16.295809
1620, 753, -0.0011999999405816197, -0.902399955317378, False, 9.718084, 0.00059247017, -1.4901161e-08, -6.771481, 0.97251767, 0.48999998, 16.023592
1620, 754, -0.0011999999405816197, -0.9035999552579597, False, 9.598084, -0.40850043, -1.4901161e-08, -2.975489, 1.1404748, 0.48999998, 15.833271
1620, 755, -0.0011999999405816197, -0.9047999551985413, False, 9.478085, -0.16603696, -1.4901161e-08, 0.20471749, 1.1632369, 0.48999998, 15.791287
1620, 756, -0.0011999999405816197, -0.9059999551391229, False, 9.358085, 0.062471032, -1.4901161e-08, 2.6737006, 1.080564, 0.48999998, 15.867353
1620, 757, -0.0011999999405816197, -0.9071999550797045, False, 9.238085, -0.3640716, -1.4901161e-08, 4.892086, 0.89827025, 0.48999998, 16.039444
1620, 758, -0.0011999999405816197, -0.9083999550202861, False, 9.118085, 0.31441402, -1.4901161e-08, 6.921047, 0.6304535, 0.48999998, 16.303461
1620, 759, -0.0011999999405816197, -0.9095999549608678, False, 8.998085, 1.2419174, -0.041328833, 1.1181617, 0.48092967, 0.49, 16.52362
1620, 760, -0.0011999999405816197, -0.9107999549014494, False, 8.878085, 0.029102152, -3.1292439e-07, 0.026202153, 0.4998475, 0.48767942, 16.557028
1620, 761, -0.0011999999405816197, -0.911999954842031, False, 8.758085, 0.0, 0.0, 0.0, 0.49999875, 0.4886246, 16.557041
1620, 762, -0.0011999999405816197, -0.9131999547826126, False, 8.638085, -4.429606e-08, 1.4901161e-08, -3.988199e-08, 0.5, 0.4891848, 16.557064
1620, 763, -0.0011999999405816197, -0.9143999547231942, False, 8.5180855, 0.0, 0.0, -2.4810271, 0.5741912, 0.48999348, 16.490265
1620, 764, -0.0011999999405816197, -0.9155999546637759, False, 8.398086, -0.00577721, 0.0, 0.66621196, 0.5855933, 0.48999995, 16.477394
1620, 765, -0.0011999999405816197, -0.9167999546043575, False, 8.278086, -0.23200619, 0.0, 3.0750303, 0.47550315, 0.49, 16.560165
1620, 766, -0.0011999999405816197, -0.9179999545449391, False, 8.158086, 0.00013528015, -4.450977e-05, 0.0001217996, 0.499804, 0.4896326, 16.56319
1620, 767, -0.0011999999405816197, -0.9191999544855207, False, 8.038086, 0.0015461257, -0.0004962981, 0.0017170461, 0.49999842, 0.4894644, 16.564814
1620, 768, -0.0011999999405816197, -0.9203999544261023, False, 7.918086, 0.0011073351, -1.4901161e-08, -2.4791996, 0.56689, 0.48999572, 16.490635
1620, 769, -0.0011999999405816197, -0.921599954366684, False, 7.798086, -0.0050729513, -1.4901161e-08, 0.6678201, 0.57684827, 0.48999998, 16.476748
1620, 770, -0.0011999999405816197, -0.9227999543072656, False, 7.6780863, -0.231614, -1.4901161e-08, 3.0765393, 0.47596952, 0.48999998, 16.57066
1620, 771, -0.0011999999405816197, -0.9239999542478472, False, 7.5580864, 0.036709905, 0.0, -1.6262767, 0.5287832, 0.49, 16.535978
1620, 772, -0.0011999999405816197, -0.9251999541884288, False, 7.4380865, 0.029852629, 0.0, -3.9561427, 0.65853393, 0.49, 16.394737
1620, 773, -0.0011999999405816197, -0.9263999541290104, False, 7.3180866, -0.10557738, 0.0, -0.44055873, 0.72187954, 0.49, 16.323263
1620, 774, -0.0011999999405816197, -0.9275999540695921, False, 7.1980867, -0.19122559, 0.0, 2.0717738, 0.66442597, 0.49, 16.372416
1620, 775, -0.0011999999405816197, -0.9287999540101737, False, 7.078087, 0.20258808, 0.0, 4.360557, 0.5099653, 0.49, 16.525057
1620, 776, -0.0011999999405816197, -0.9299999539507553, False, 6.958087, -0.008242267, -2.9802322e-08, 0.013721232, 0.50007975, 0.48842517, 16.559883
1620, 777, -0.0011999999405816197, -0.9311999538913369, False, 6.838087, -8.618501e-05, 0.0, 9.572375e-05, 0.50000066, 0.4890666, 16.559904
1620, 778, -0.0011999999405816197, -0.9323999538319185, False, 6.718087, 0.00089453126, -0.00028723478, 0.0009934198, 0.50000006, 0.48934734, 16.560421
1620, 779, -0.0011999999405816197, -0.9335999537725002, False, 6.5980873, 0.00064086914, 0.0, -2.47997, 0.56685436, 0.4899948, 16.486238
1620, 780, -0.0011999999405816197, -0.9347999537130818, False, 6.4780874, 0.00053334236, 0.0, -4.7304573, 0.72733575, 0.48999998, 16.308067
1620, 781, -0.0011999999405816197, -0.9359999536536634, False, 6.3580875, 0.21003339, 0.0, -1.1351633, 0.822207, 0.48999998, 16.206396
1620, 782, -0.0011999999405816197, -0.937199953594245, False, 6.2380877, 0.16746533, 0.0, -3.51154, 0.9274359, 0.48999998, 16.079882
1620, 783, -0.0011999999405816197, -0.9383999535348266, False, 6.118088, -0.11548847, 0.0, -2.0215657, 1.0203949, 0.48999998, 15.963983
1620, 784, -0.0011999999405816197, -0.9395999534754083, False, 5.998088, -0.0054419935, 0.0, 0.89896566, 1.0159575, 0.48999998, 15.961609
1620, 785, -0.0011999999405816197, -0.9407999534159899, False, 5.878088, -0.2535423, 0.0, 3.2850394, 0.90540946, 0.48999998, 16.06421
1620, 786, -0.0011999999405816197, -0.9419999533565715, False, 5.758088, -0.08446303, 0.0, -0.020080881, 0.8571355, 0.48999998, 16.102306
1620, 787, -0.0011999999405816197, -0.9431999532971531, False, 5.638088, -0.060774446, 0.0, -2.4997213, 0.9220819, 0.48999998, 16.024239
1620, 788, -0.0011999999405816197, -0.9443999532377347, False, 5.5180883, -0.05058956, 0.0, -4.748405, 1.0808923, 0.48999998, 15.843061
1620, 789, -0.0011999999405816197, -0.9455999531783164, False, 5.3980885, 0.56863284, 0.0, -6.762734, 1.3226898, 0.48999998, 15.566521
1620, 790, -0.0011999999405816197, -0.946799953118898, False, 5.2780886, 0.06316042, 0.0, -3.0191474, 1.4941841, 0.48999998, 15.3778925
1620, 791, -0.0011999999405816197, -0.9479999530594796, False, 5.1580887, -0.011526935, 0.0, 0.17749909, 1.526535, 0.48999998, 15.343353
1620, 792, -0.0011999999405816197, -0.9491999530000612, False, 5.038089, -0.008496761, 0.0, 2.6420326, 1.4441934, 0.48999998, 15.416744
1620, 793, -0.0011999999405816197, -0.9503999529406428, False, 4.918089, -0.4200313, 0.0, 4.857251, 1.2607032, 0.48999998, 15.58484
1620, 794, -0.0011999999405816197, -0.9515999528812245, False, 4.798089, -0.98084164, 0.0, 6.8191714, 0.9958463, 0.48999998, 15.8488865
1620, 795, -0.0011999999405816197, -0.9527999528218061, False, 4.678089, -0.04056883, 0.0, 8.717581, 0.6659153, 0.48999998, 16.20726
1620, 796, -0.0011999999405816197, -0.9539999527623877, False, 4.5580893, 1.9680107, -0.052164838, 1.7719, 0.481624, 0.48955667, 16.51284
1620, 797, -0.0011999999405816197, -0.9551999527029693, False, 4.4380894, 0.5470145, 2.9802322e-08, 0.6074856, 0.49985301, 0.48660544, 16.59052
1620, 798, -0.0011999999405816197, -0.9563999526435509, False, 4.3180895, 0.23772347, 0.0, -2.016806, 0.56352913, 0.48997286, 16.556566
1620, 799, -0.0011999999405816197, -0.9575999525841326, False, 4.1980896, 0.09680751, 0.0, 0.8987452, 0.56599355, 0.48999977, 16.561848
1620, 800, -0.0011999999405816197, -0.9587999525247142, False, 4.0780897, 0.12891161, -0.0122715235, 0.11606535, 0.49992973, 0.48948494, 16.622313
1620, 801, -0.0011999999405816197, -0.9599999524652958, False, 3.9580898, 0.0, 0.0, 0.0, 0.49999943, 0.48945686, 16.624084
1620, 802, -0.0011999999405816197, -0.9611999524058774, False, 3.83809, 0.0, 0.0, 0.0, 0.5, 0.48967808, 16.624115
1620, 803, -0.0011999999405816197, -0.962399952346459, False, 3.71809, 9.644443e-08, -2.9802322e-08, 7.006659e-08, 0.5, 0.48980922, 16.62418
1620, 804, -0.0011999999405816197, -0.9635999522870407, False, 3.5980902, 8.417804e-08, -1.4901161e-08, -4.4140798e-09, 0.5, 0.4898869, 16.624323
1620, 805, -0.0011999999405816197, -0.9647999522276223, False, 3.4780903, 0.0, 0.0, -2.4810271, 0.5745018, 0.48999915, 16.557245
1620, 806, -0.0011999999405816197, -0.9659999521682039, False, 3.3580904, -0.005777389, 0.0, 0.66621196, 0.58590615, 0.48999998, 16.54437
1620, 807, -0.0011999999405816197, -0.9671999521087855, False, 3.2380905, 0.22310674, 0.0, 3.0759823, 0.4728213, 0.48999998, 16.62302
1620, 808, -0.0011999999405816197, -0.9683999520493671, False, 3.1180906, 0.0, 0.0, 0.0, 0.4997826, 0.49, 16.623676
1620, 809, -0.0011999999405816197, -0.9695999519899487, False, 2.9980907, 0.0, 0.0, 0.0, 0.49999827, 0.49, 16.623812
1620, 810, -0.0011999999405816197, -0.9707999519305304, False, 2.8780909, 4.8222233e-08, -1.4901161e-08, 3.5033267e-08, 0.5, 0.49, 16.623983
1620, 811, -0.0011999999405816197, -0.971999951871112, False, 2.758091, 0.00014524687, -4.7028065e-05, 0.00013077294, 0.5, 0.4899912, 16.624222
1620, 812, -0.0011999999405816197, -0.9731999518116936, False, 2.638091, 0.0, 0.0, 0.0, 0.5, 0.48988897, 16.624977
1620, 813, -0.0011999999405816197, -0.9743999517522752, False, 2.5180912, -5.162006e-08, 2.9802322e-08, -2.980073e-08, 0.5, 0.4899342, 16.625124
1620, 814, -0.0011999999405816197, -0.9755999516928568, False, 2.3980913, 4.8222244e-08, -1.4901161e-08, 3.5033253e-08, 0.5, 0.48996097, 16.625273
1620, 815, -0.0011999999405816197, -0.9767999516334385, False, 2.2780914, 7.4860414e-05, -2.424419e-05, 6.7400484e-05, 0.5, 0.48997688, 16.62547
1620, 816, -0.0011999999405816197, -0.9779999515740201, False, 2.1580915, 0.00043529778, -0.00013531744, 0.00039191986, 0.5, 0.4897474, 16.626766
1620, 817, -0.0011999999405816197, -0.9791999515146017, False, 2.0380917, 0.00034321062, -0.00010672212, 0.0003090895, 0.5, 0.48972982, 16.62742
1620, 818, -0.0011999999405816197, -0.9803999514551833, False, 1.9180918, 0.0015754073, -0.000505656, 0.001749472, 0.5, 0.48946935, 16.62932
1620, 819, -0.0011999999405816197, -0.981599951395765, False, 1.7980919, 0.0011280775, -1.4901161e-08, -2.4791656, 0.5668932, 0.48999575, 16.555141
1620, 820, -0.0011999999405816197, -0.9827999513363466, False, 1.678092, 0.0009381771, -1.4901161e-08, -4.7297277, 0.7273641, 0.48999998, 16.377022
1620, 821, -0.0011999999405816197, -0.9839999512769282, False, 1.5580921, -0.29502106, -1.4901161e-08, -2.8122952, 0.8640473, 0.48999998, 16.22529
1620, 822, -0.0011999999405816197, -0.9851999512175098, False, 1.4380922, -0.12278912, -1.4901161e-08, 0.34567162, 0.8835816, 0.48999998, 16.193186
1620, 823, -0.0011999999405816197, -0.9863999511580914, False, 1.3180923, 8.2399754e-10, -1.4901161e-08, -5.2035185e-09, 0.8788109, 0.48999998, 16.19577
1620, 824, -0.0011999999405816197, -0.987599951098673, False, 1.1980925, -5.835328e-32, -1.4901161e-08, 1.1140906e-30, 0.8788109, 0.48999998, 16.19577
1620, 825, -0.0011999999405816197, -0.9887999510392547, False, 1.0780926, 0.0, -1.4901161e-08, 0.0, 0.8788109, 0.48999998, 16.19577
1620, 826, -0.0011999999405816197, -0.9899999509798363, False, 0.9580926, -0.16571951, -1.4901161e-08, 2.4744325, 0.80598855, 0.48999998, 16.264713
1620, 827, -0.0011999999405816197, -0.9911999509204179, False, 0.8380925, -0.08737418, -1.4901161e-08, -0.66820574, 0.7881163, 0.48999998, 16.271889
1620, 828, -0.0011999999405816197, -0.9923999508609995, False, 0.71809244, 0.061017573, -1.4901161e-08, 1.8800551, 0.7467655, 0.48999998, 16.319597
1620, 829, -0.0011999999405816197, -0.9935999508015811, False, 0.5980924, 0.3910141, -1.4901161e-08, 4.1653614, 0.6093835, 0.48999998, 16.47308
1620, 830, -0.0011999999405816197, -0.9947999507421628, False, 0.47809234, 0.85619015, -0.036194682, 0.6220183, 0.49259305, 0.48952827, 16.63726
1620, 831, -0.0011999999405816197, -0.9959999506827444, False, 0.35809237, 0.0, 0.0, 0.0, 0.49994072, 0.4888988, 16.647799
1620, 832, -0.0011999999405816197, -0.997199950623326, False, 0.2380924, 0.0, 0.0, 0.0, 0.49999955, 0.4893473, 16.647812
1620, 833, -0.0011999999405816197, -0.9983999505639076, False, 0.11809241, 0.0, 0.0, 0.0, 0.5, 0.48961318, 16.647823
1620, 834, -0.0011999999405816197, -0.9995999505044892, True, 0.0, 0.0, 0.0, 0.0, 0.5, 0.48972705, 16.647831
